0,1,2,3,4,5,6,7,8,9,10,11,12,13,14,15,16,17,18,19,20,21,22,23,24,25,26,27,28,29,30,31,32,33,34,35,36,37,38,39,40,41,42,43,44,45,46,47,48,49,50,51,52,53,54,55,56,57,58,59,60,61,62,63,64,65,66,67,68,69,70,71,72,73,74,75,76,77,78,79,80,81,82,83,84,85,86,87,88,89,90,91,92,93,94,95,96,97,98,99,100,101,102,103,104,105,106,107,108,109,110,111,112,113,114,115,116,117,118,119,120,121,122,123,124,125,126,127,128,129,130,131,132,133,134,135,136,137,138,139,140,141,142,143,144,145,146,147,148,149,150,151,152,153,154,155,156,157,158,159,160,161,162,163,164,165,166,167,168,169,170,171,172,173,174,175,176,177,178,179,180,181,182,183,184,185,186,187,188,189,190,191,192,193,194,195,196,197,198,199,200,201,202,203,204,205,206,207,208,209,210,211,212,213,214,215,216,217,218,219,220,221,222,223,224,225,226,227,228,229,230,231,232,233,234,235,236,237,238,239,240,241,242,243,244,245,246,247,248,249,250,251,252,253,254,255,256,257,258,259,260,261,262,263,264,265,266,267,268,269,270,271,272,273,274,275,276,277,278,279,280,281,282,283,284,285,286,287,288,289,290,291,292,293,294,295,296,297,298,299,300,301,302,303,304,305,306,307,308,309,310,311,312,313,314,315,316,317,318,319,320,321,322,323,324,325,326,327,328,329,330,331,332,333,334,335,336,337,338,339,340,341,342,343,344,345,346,347,348,349,350,351,352,353,354,355,356,357,358,359,360,361,362,363,364,365,366,367,368,369,370,371,372,373,374,375,376,377,378,379,380,381,382,383,384,385,386,387,388,389,390,391,392,393,394,395,396,397,398,399,400,401,402,403,404,405,406,407,408,409,410,411,412,413,414,415,416,417,418,419,420,421,422,423,424,425,426,427,428,429,430,431,432,433,434,435,436,437,438,439,440,441,442,443,444,445,446,447,448,449,450,451,452,453,454,455,456,457,458,459,460,461,462,463,464,465,466,467,468,469,470,471,472,473,474,475,476,477,478,479,480,481,482,483,484,485,486,487,488,489,490,491,492,493,494,495,496,497,498,499,500,501,502,503,504,505,506,507,508,509,510,511,512,513,514,515,516,517,518,519,520,521,522,523,524,525,526,527,528,529,530,531,532,533,534,535,536,537,538,539,540,541,542,543,544,545,546,547,548,549,550,551,552,553,554,555,556,557,558,559,560,561,562,563,564,565,566,567,568,569,570,571,572,573,574,575,576,577,578,579,580,581,582,583,584,585,586,587,588,589,590,591,592,593,594,595,596,597,598,599,600,601,602,603,604,605,606,607,608,609,610,611,612,613,614,615,616,617,618,619,620,621,622,623,624,625,626,627,628,629,630,631,632,633,634,635,636,637,638,639,640,641,642,643,644,645,646,647,648,649,650,651,652,653,654,655,656,657,658,659,660,661,662,663,664,665,666,667,668,669,670,671,672,673,674,675,676,677,678,679,680,681,682,683,684,685,686,687,688,689,690,691,692,693,694,695,696,697,698,699,700,701,702,703,704,705,706,707,708,709,710,711,712,713,714,715,716,717,718,719,720,721,722,723,724,725,726,727,728,729,730,731,732,733,734,735,736,737,738,739,740,741,742,743,744,745,746,747,748,749,750,751,752,753,754,755,756,757,758,759,760,761,762,763,764,765,766,767,768,769,770,771,772,773,774,775,776,777,778,779,780,781,782,783,784,785,786,787,788,789,790,791,792,793,794,795,796,797,798,799,800,801,802,803,804,805,806,807,808,809,810,811,812,813,814,815,816,817,818,819,820,821,822,823,824,825,826,827,828,829,830,831,832,833,834,835,836,837,838,839,840,841,842,843,844,845,846,847,848,849,850,851,852,853,854,855,856,857,858,859,860,861,862,863,864,865,866,867,868,869,870,871,872,873,874,875,876,877,878,879,880,881,882,883,884,885,886,887,888,889,890,891,892,893,894,895,896,897,898,899,900,901,902,903,904,905,906,907,908,909,910,911,912,913,914,915,916,917,918,919,920,921,922,923,924,925,926,927,928,929,930,931,932,933,934,935,936,937,938,939,940,941,942,943,944,945,946,947,948,949,950,951,952,953,954,955,956,957,958,959,960,961,962,963,964,965,966,967,968,969,970,971,972,973,974,975,976,977,978,979,980,981,982,983,984,985,986,987,988,989,990,991,992,993,994,995,996,997,998,999,1000,1001,1002,1003,1004,1005,1006,1007,1008,1009,1010,1011,1012,1013,1014,1015,1016,1017,1018,1019,1020,1021,1022,1023,1024,1025,1026,1027,1028,1029,1030,1031,1032,1033,1034,1035,1036,1037,1038,1039,1040,1041,1042,1043,1044,1045,1046,1047,1048,1049,1050,1051,1052,1053,1054,1055,1056,1057,1058,1059,1060,1061,1062,1063,1064,1065,1066,1067,1068,1069,1070,1071,1072,1073,1074,1075,1076,1077,1078,1079,1080,1081,1082,1083,1084,1085,1086,1087,1088,1089,1090,1091,1092,1093,1094,1095,1096,1097,1098,1099,1100,1101,1102,1103,1104,1105,1106,1107,1108,1109,1110,1111,1112,1113,1114,1115,1116,1117,1118,1119,1120,1121,1122,1123,1124,1125,1126,1127,1128,1129,1130,1131,1132,1133,1134,1135,1136,1137,1138,1139,1140,1141,1142,1143,1144,1145,1146,1147,1148,1149,1150,1151,1152,1153,1154,1155,1156,1157,1158,1159,1160,1161,1162,1163,1164,1165,1166,1167,1168,1169,1170,1171,1172,1173,1174,1175,1176,1177,1178,1179,1180,1181,1182,1183,1184,1185,1186,1187,1188,1189,1190,1191,1192,1193,1194,1195,1196,1197,1198,1199,1200,1201,1202,1203,1204,1205,1206,1207,1208,1209,1210,1211,1212,1213,1214,1215,1216,1217,1218,1219,1220,1221,1222,1223,1224,1225,1226,1227,1228,1229,1230,1231,1232,1233,1234,1235,1236,1237,1238,1239,1240,1241,1242,1243,1244,1245,1246,1247,1248,1249,1250,1251,1252,1253,1254,1255,1256,1257,1258,1259,1260,1261,1262,1263,1264,1265,1266,1267,1268,1269,1270,1271,1272,1273,1274,1275,1276,1277,1278,1279,1280,1281,1282,1283,1284,1285,1286,1287,1288,1289,1290,1291
-15.611958,-19.71775,-23.098618,-21.604795,-20.043108,-20.776434,-22.618729,-23.105877,-23.263472,-21.235287,-21.09,-23.102083,-24.53328,-21.445799,-18.334476,-5.7082996,0.37351602,1.6097308,-3.9612863,-11.926849,-12.149439,-18.809017,-24.057188,-22.695057,-29.857273,-34.160748,-36.281197,-34.59903,-37.388954,-37.90549,-32.21474,-23.786034,-16.002634,-17.394667,-25.554064,-31.710913,-33.14846,-31.012114,-33.615,-31.043278,-35.95058,-36.705288,-37.0353,-36.400764,-34.969524,-35.652317,-33.49694,-25.4207,-5.283287,0.8175274,1.684253,-2.2104895,-9.837845,-13.953554,-12.562495,-18.774359,-18.76713,-22.938414,-22.039818,-20.68609,-20.226826,-20.56948,-20.429607,-20.275984,-21.157331,-21.102142,-19.99144,-16.431065,-20.582039,-18.266129,-19.277925,-21.684975,-21.02467,-20.62845,-19.53768,-21.697704,-22.172335,-20.50004,-20.684347,-21.57211,-22.298012,-20.64949,-19.014824,-12.407139,-2.6148663,0.64138347,-1.9507886,-10.467573,-15.2698765,-17.564203,-21.361538,-25.926792,-28.23386,-27.423046,-30.07003,-27.660696,-28.303062,-28.686525,-29.98439,-26.346138,-14.579172,-11.4597,-18.332365,-30.981062,-29.92669,-30.481033,-31.934023,-32.488483,-30.105867,-30.168865,-32.176178,-33.137386,-31.07993,-30.53055,-30.196136,-34.19631,-23.358133,-14.915012,-4.7777824,-0.8724242,-0.61896366,-6.954796,-16.465065,-18.932333,-15.523497,-19.377153,-21.72071,-21.303396,-17.189491,-19.129465,-21.407173,-20.588873,-21.166632,-20.497282,-19.876867,-12.211664,-16.30557,-21.344526,-19.353796,-19.453098,-20.084476,-19.368921,-22.753483,-20.895557,-21.575338,-19.421303,-21.411331,-19.284824,-20.642456,-21.057816,-21.848145,-10.925613,-2.892345,0.53511596,-0.6749983,-8.991937,-14.113651,-14.472418,-21.789967,-31.48893,-27.581802,-22.388031,-22.42255,-22.807148,-25.308836,-28.468204,-25.1614,-21.748045,-17.278122,-15.24761,-17.450628,-28.801497,-29.52515,-32.38604,-26.032942,-15.549467,-11.698927,-14.906456,-22.867329,-30.500193,-31.924946,-28.865755,-31.321503,-33.536007,-32.54524,-27.89672,-6.4494305,0.16563587,1.2471757,-2.2639704,-5.692295,-10.052549,-12.712107,-19.761372,-21.937717,-19.701803,-20.108994,-23.048304,-21.415606,-21.484535,-20.279236,-22.486462,-21.579744,-18.372932,-17.116196,-19.604408,-20.93509,-22.20676,-21.450214,-21.295053,-22.519236,-21.730015,-21.851131,-21.459705,-21.422695,-22.688772,-20.62602,-21.133099,-21.602795,-17.059015,-17.19917,-9.047837,-6.1318545,-4.33387,-6.3322,-9.531743,-10.845659,-16.514477,-18.374485,-20.310888,-18.1784,-18.147646,-18.012756,-18.306213,-19.376633,-18.97325,-17.39334,-9.011788,-2.4094932,-0.8085246,-5.368056,-6.598017,-11.798944,-21.528618,-19.696804,-20.418684,-19.43794,-20.117409,-17.64726,-19.114624,-19.682343,-18.58278,-18.337547,-5.9687214,1.493546,2.59601,-1.6701287,-7.1752653,-6.547031,-8.908377,-7.525922,-8.289391,-10.154332,-10.247128,-9.722886,-9.396649,-8.931809,-8.992346,-9.766457,-10.165824,-7.7099323,-5.431341,-7.6307793,-10.609351,-10.758649,-10.593523,-11.310477,-11.663413,-11.782989,-12.112178,-12.14252,-11.878712,-12.45329,-13.807842,-13.632712,-13.711594,-14.546185,-14.237843,-8.554192,-3.3382473,-2.0988417,-8.650199,-10.944133,-12.947268,-11.469468,-16.558765,-17.59207,-22.729786,-19.236563,-17.90693,-17.90607,-22.81112,-19.118933,-20.711632,-18.411964,-18.622751,-14.295851,-16.495586,-20.841444,-19.492601,-19.914759,-18.732658,-20.878801,-20.430592,-20.264261,-20.185497,-19.356754,-19.70619,-20.052805,-19.671835,-19.059597,-13.824071,-8.219015,-3.545774,3.1317115,2.6306953,-3.2229197,-2.5905051,-4.266705,-8.874921,-6.7560573,-7.0767183,-11.873056,-8.640662,-8.075289,-11.378662,-8.901177,-8.272851,-10.970022,-8.809308,-7.7353215,-11.208793,-10.531927,-10.072707,-12.400553,-11.538987,-11.1337,-12.610865,-13.060286,-11.92398,-12.183619,-12.298878,-12.251662,-12.928109,-13.531088,-12.818407,-12.818828,-3.8486145,-2.6961489,-7.01295,-11.873326,-12.670489,-12.736354,-20.929794,-19.493916,-19.66285,-19.17261,-20.287193,-21.306784,-21.135548,-20.182144,-18.969444,-16.637932,-7.32949,-1.7073698,-2.1442363,-5.622958,-8.54102,-16.509941,-17.725267,-18.945148,-20.064053,-21.5098,-19.892557,-19.039059,-20.609386,-21.042166,-20.990267,-13.836664,-4.8421745,2.6751628,3.0284386,-3.8853698,-10.039588,-9.984273,-6.2641788,-5.9984546,-8.082314,-5.7883506,-4.975552,-7.8772335,-7.483235,-6.313505,-8.053381,-7.5619497,-6.7977147,-8.769504,-8.637912,-7.0650797,-8.737453,-9.101611,-7.4540997,-8.786095,-8.947647,-8.882899,-10.880471,-9.780857,-10.004515,-10.807827,-10.872003,-11.147364,-11.485191,-10.762296,-11.387333,-5.568365,-1.9732462,-0.20217848,-2.2952712,-10.829216,-16.502522,-13.886613,-17.845566,-21.53199,-26.64603,-19.107912,-18.85408,-22.655527,-22.085033,-22.293024,-23.161802,-21.60831,-24.192417,-16.730402,-17.506731,-20.589344,-22.09239,-22.222326,-21.929096,-23.76876,-20.655247,-21.64091,-22.091232,-22.424147,-20.918205,-22.455538,-22.385746,-21.36443,-18.232279,-11.271694,-0.09798147,2.8415086,-0.8398179,-5.2323895,-4.992444,-8.368843,-8.326567,-8.228458,-10.934061,-8.991473,-8.089205,-10.177525,-9.859235,-9.057517,-10.312885,-10.888076,-9.807344,-9.824988,-11.272658,-10.188747,-11.190963,-12.106043,-10.616814,-11.547506,-12.835604,-11.619364,-12.595358,-14.152522,-14.478882,-15.163709,-13.710736,-14.331215,-15.480833,-8.733443,-2.656438,-1.5609663,-4.288344,-11.182822,-16.655262,-18.465456,-20.356632,-20.547153,-21.770136,-19.753458,-15.820839,-20.137924,-18.528784,-19.391026,-20.025942,-20.937305,-19.043169,-17.61277,-19.717648,-18.383022,-18.376104,-19.498379,-21.852476,-20.904844,-21.096756,-20.72456,-21.344976,-20.51508,-16.46403,-18.018408,-20.487782,-20.195887,-16.127426,-13.739448,-3.353877,-1.4341897,-3.1054103,-5.980065,-8.275888,-10.250097,-5.7676816,-6.7647715,-9.342694,-6.989451,-8.2068615,-10.327379,-7.335616,-7.9440966,-11.060547,-9.404093,-8.860145,-9.379525,-8.03396,-8.75715,-11.270379,-10.7864685,-9.586302,-11.133094,-11.377506,-10.441687,-10.97014,-10.570813,-10.8549595,-12.846283,-13.551663,-12.250022,-11.660232,-11.62121,-10.006265,-0.37323982,2.732081,0.019335646,-7.579145,-13.04922,-12.783666,-16.316366,-23.529074,-18.191698,-15.989919,-17.076485,-20.728874,-18.039864,-21.63459,-19.925402,-20.363304,-17.695108,-15.269293,-21.44613,-21.15898,-22.664452,-19.50205,-18.831284,-19.834068,-20.738228,-19.683584,-21.771072,-18.440273,-19.837574,-19.89928,-19.81176,-20.066875,-16.6319,-11.750338,-5.7315674,2.4652102,3.433992,-1.8065883,-3.4176722,-3.6024058,-5.4342003,-5.6025867,-6.441195,-7.171512,-7.3232555,-7.503086,-8.229061,-8.665426,-8.1709385,-7.800417,-8.965996,-12.250607,-12.70021,-10.411976,-9.916602,-10.211975,-9.89216,-9.795839,-9.983881,-9.443066,-10.293299,-11.483955,-11.314572,-12.507771,-13.453771,-13.80965,-14.3480015,-8.644387,-0.8787676,0.94745576,-0.87289983,-0.9774401,0.7359651,-0.6831653,-1.6239601,-1.5423716,-1.4036765,-1.6331202,-1.7400022,-1.9984312,-2.320784,-3.471311,-5.04397,-7.750671,-5.0081177,-1.0436438,3.5791368,3.7586646,-1.6645203,-2.699741,-1.6560142,-1.3824699,-0.90982854,-1.199398,-1.075555,-1.4757715,-1.7381829,-1.8641716,-2.9060931,-4.5422335,-6.9624653,-3.7388947,1.7191291,4.936487,3.1189692,-3.857255,-9.740738,-7.7498436,-9.149791,-11.130605,-11.2634735,-10.9666815,-11.215717,-11.09524,-10.699967,-10.321167,-10.739122,-11.049982,-10.923771,-10.8585205,-10.291175,-10.031334,-11.075752,-11.06073,-10.964083,-11.182873,-11.192301,-11.326508,-11.108542,-11.376859,-11.388484,-11.269596,-11.3164,-11.062393,-10.843765,-10.79348,-12.867488,-5.427655,0.047731906,0.5609236,-5.3232985,-12.681822,-11.003943,-16.173946,-22.49326,-21.924135,-26.83123,-32.805782,-34.065388,-33.890385,-29.94427,-29.500305,-31.769838,-24.94955,-16.160513,-18.613508,-26.81325,-29.514156,-31.509453,-28.974092,-31.344208,-33.08698,-29.273794,-26.03555,-29.073326,-31.932734,-35.628082,-35.991283,-33.337162,-27.22549,-17.517498,-7.272869,-2.0708678,-3.5587673,-8.509703,-7.562415,-8.104137,-6.9857063,-9.24134,-9.256981,-9.443818,-9.010819,-9.303057,-9.219185,-9.085771,-9.417984,-9.658022,-8.176501,-8.98806,-11.405977,-9.828039,-9.385153,-9.951999,-10.206881,-9.759815,-9.424528,-9.181456,-9.402615,-9.359185,-9.998785,-9.625031,-9.756583,-9.929072,-11.385766,-6.1766024,-3.0722823,-4.1505914,-7.967141,-2.9495316,-4.408993,-9.328223,-7.7581663,-7.6343374,-8.466818,-8.213845,-8.140567,-8.398213,-8.589455,-9.201069,-9.918449,-7.5672097,-4.9103036,-2.5277934,-0.8701295,-4.407234,-10.322504,-10.257534,-11.77514,-8.672964,-9.269903,-10.448766,-9.718672,-8.780132,-8.18507,-7.818766,-7.710024,-7.971861,-2.507191,0.5198725,1.948737,-1.3476454,-5.523663,-11.019808,-18.960186,-15.141399,-19.518501,-19.55058,-20.103355,-19.551699,-20.31279,-20.349583,-20.36753,-21.592957,-19.387962,-19.062939,-19.07698,-12.056683,-12.657114,-20.700876,-20.041855,-20.103287,-18.990818,-19.494564,-20.187641,-19.749166,-19.047968,-19.31063,-18.649895,-18.044708,-19.844194,-23.281338,-22.026365,-11.790131,-3.9829495,0.756737,0.83205175,-6.6027718,-13.709153,-19.81994,-23.569588,-24.610155,-22.216461,-17.796398,-17.895937,-22.223673,-33.431744,-31.529282,-29.884195,-35.408012,-28.09637,-18.56073,-18.265575,-27.219267,-34.305634,-31.109539,-30.791794,-33.665794,-34.83844,-34.982246,-37.727226,-30.48779,-28.803913,-31.599066,-38.91866,-39.00399,-36.672653,-27.268074,-18.712795,-8.979138,-1.720151,-0.44494694,-7.7699523,-15.129976,-17.054733,-16.396593,-19.807217,-21.835724,-17.954512,-18.160973,-18.577272,-19.93491,-19.442333,-18.569351,-18.67686,-18.352623,-16.450811,-19.037712,-18.786211,-18.394056,-18.452948,-19.226429,-20.520523,-18.748793,-19.150648,-18.846043,-20.043535,-20.191635,-20.327415,-20.286263,-20.323765,-13.760127,-4.62998,0.22177246,0.5106867,-5.403837,-13.825593,-20.29207,-26.04988,-25.74647,-24.199896,-20.81823,-11.28931,-9.761821,-15.660109,-24.740274,-31.74522,-24.527166,-22.574116,-24.357798,-21.915237,-24.079311,-25.45877,-25.06984,-24.745693,-32.993206,-35.565536,-32.948803,-33.86759,-38.68628,-36.76377,-33.820183,-30.60364,-33.267807,-34.29963,-30.68504,-17.089367,-10.774575,-4.686073,-2.8451312,-10.085749,-14.182915,-16.271746,-13.946707,-20.698565,-15.48444,-16.621536,-18.747099,-18.429335,-19.736708,-19.118671,-17.514828,-17.214176,-20.225128,-15.843475,-17.507275,-19.876095,-18.34893,-18.453428,-19.386986,-19.245703,-19.51537,-19.017015,-20.682957,-20.041893,-23.24614,-20.580061,-18.23236,-22.118834,-17.558779,-14.154383,-7.166846,-0.85106754,1.260861,-3.5147204,-12.916449,-15.360909,-22.126461,-21.79834,-20.556879,-26.443289,-30.504719,-28.383434,-25.088211,-24.48627,-27.803507,-28.495981,-26.182732,-19.849302,-15.550192,-19.67282,-27.607164,-19.576704,-16.913206,-21.42883,-27.662432,-30.64198,-33.507526,-33.115887,-29.945324,-28.375652,-25.1059,-26.519077,-25.235912,-22.857159,-12.21534,-3.646784,1.3971319,1.4062963,-5.6212687,-8.859271,-16.040123,-15.237775,-18.380777,-19.086683,-20.01265,-19.100037,-18.040379,-17.689264,-19.236189,-18.771097,-18.7311,-14.80399,-14.667487,-17.546293,-18.145123,-19.894163,-16.267221,-17.383612,-17.887444,-18.82968,-18.402006,-19.00538,-18.677418,-19.799875,-21.724882,-21.403347,-20.197287,-16.392107,-13.544355,-3.2140222,1.7593111,0.84584343,-8.142231,-7.683553,-12.245054,-19.079529,-16.810822,-15.6495285,-16.091211,-16.87132,-16.670637,-16.561323,-17.270464,-17.39324,-14.753188,-5.941428,-0.28437954,-0.24836369,-6.3160663,-7.2213306,-12.018395,-16.003347,-16.741352,-15.885673,-15.749353,-11.270986,-16.087221,-15.48106,-16.042566,-12.263563,-6.777578,-2.759932,-0.60719943,2.8863988,1.5950229,-5.624689,-5.47642,-4.6859655,-6.423807,-6.7585316,-5.6482673,-7.256422,-7.7576137,-7.020584,-7.409951,-7.2820277,-7.037016,-7.59954,-9.458119,-12.080369,-11.254378,-9.682697,-9.5586815,-9.947115,-9.955309,-9.861843,-9.737427,-10.172199,-10.037008,-10.409836,-11.269635,-11.8534355,-11.169044,-11.196341,-11.504971,-9.196815,-11.416637,-4.0799503,-1.3961352,-8.168828,-15.9674015,-17.30087,-16.953003,-16.161503,-17.25597,-18.188255,-17.953932,-17.659409,-18.489328,-18.263857,-17.732239,-17.075865,-16.067562,-18.66628,-13.510902,-18.51624,-17.54074,-19.085222,-17.896473,-18.420074,-18.349804,-19.16548,-17.898785,-18.610218,-19.124977,-19.048141,-20.303574,-17.381395,-17.92278,-9.965547,-4.015,-3.3518054,2.8778906,2.993455,-2.6490622,-3.4921339,-3.8433049,-6.791281,-5.862041,-5.6877666,-9.455643,-8.019712,-6.1725373,-8.634053,-9.132309,-7.091524,-8.706917,-9.554568,-7.1528316,-8.856789,-9.955765,-7.816148,-8.9111805,-10.655326,-8.695546,-9.316514,-11.195807,-10.725785,-10.184519,-10.08925,-11.00696,-12.179132,-12.304281,-12.35444,-11.607779,-9.766109,-4.84625,-5.0578775,-10.2144985,-22.096863,-15.288552,-17.970013,-16.335236,-18.049414,-16.184198,-19.735054,-16.361015,-20.463903,-16.500254,-17.39643,-21.231127,-19.65401,-21.075506,-20.92205,-18.512276,-19.269583,-22.09684,-17.962917,-20.329437,-16.609898,-16.516277,-15.778521,-15.217039,-19.807892,-19.743885,-19.986256,-17.187347,-15.299512,-8.419685,-5.130246,0.5823018,0.65431666,-2.080482,-6.1999884,-7.3248444,-5.104761,-6.3296967,-7.175796,-6.6946163,-9.243647,-8.55805,-7.047086,-9.203813,-9.5331745,-7.6352215,-9.632616,-11.02221,-8.739039,-9.787326,-11.06368,-8.916796,-9.893433,-11.964766,-10.654906,-10.204918,-12.077387,-12.035807,-11.719128,-11.92814,-12.207203,-12.819923,-12.745554,-11.479367,-9.3056555,-4.4463844,-3.3786228,-7.4819736,-13.571201,-15.8459,-10.337511,-15.32976,-14.939784,-18.313683,-16.244217,-19.357096,-15.483823,-19.143764,-17.095707,-19.168383,-17.932423,-16.121937,-11.327519,-17.378653,-17.501163,-18.104292,-18.779633,-17.896688,-17.947557,-17.737925,-20.103313,-18.310225,-17.676332,-20.014614,-16.132824,-18.109499,-13.521267,-10.920435,-6.8566847,-3.23169,-0.2828849,2.2419527,-1.4840786,-9.067789,-7.068236,-6.904359,-10.410355,-7.129261,-5.6641655,-8.205822,1.8493292
6.3991117,5.8681245,5.274863,5.414159,5.6799088,5.5580444,5.201954,4.951662,4.861078,5.0254254,5.025683,4.752948,4.6025615,4.6306267,4.7429996,13.720642,17.77626,13.638376,2.420352,-6.5417075,-4.7823467,-8.574675,-14.986471,-14.353642,-16.004663,-17.653812,-18.67634,-19.714941,-19.831451,-19.988453,-21.7846,-17.680868,-8.879341,-11.321859,-15.389489,-15.117361,-17.888243,-19.295158,-20.12545,-18.460884,-18.815462,-21.00312,-21.980494,-20.595478,-20.525803,-20.50476,-20.878197,-12.02429,7.2324095,16.850931,16.771526,9.359895,6.7793508,6.838684,7.406809,7.066272,6.6324763,6.3773975,6.570177,6.5057564,6.427626,6.51653,6.420925,6.4749565,6.5502634,6.474983,6.6472874,6.8826485,6.43386,6.612155,6.5241423,6.1918564,6.054364,6.079174,6.013814,5.606797,5.435704,5.578664,5.542678,5.4290905,5.453592,5.505707,5.28512,6.806473,14.381369,13.867173,2.7839768,-7.515952,-10.263432,-10.081684,-8.0846815,-2.217927,-4.8993454,-17.685635,-18.602535,-15.638128,-14.189995,-15.158362,-18.324514,-16.53765,-8.085141,-6.5950317,-14.674245,-21.695406,-15.221573,-15.746089,-19.626247,-19.68754,-20.231396,-19.958984,-19.345488,-18.393797,-17.880344,-19.106056,-18.378445,-16.382505,-9.407097,1.241328,10.7218,12.11738,7.523451,7.523933,6.340881,6.1958666,6.9684772,7.000057,6.7607317,6.7087297,7.026932,6.914287,6.673032,6.574857,6.5498066,6.587171,6.976357,7.5254254,6.6540437,6.0736027,5.9917927,5.8638997,6.010872,6.0333233,5.8002687,5.8411417,5.953618,6.1338716,6.0436244,5.921033,5.809154,5.6215115,5.3964877,4.9624248,12.320864,15.137533,7.9620876,-7.7281423,-8.01421,-8.480168,-14.737176,-18.218319,-16.903,-14.396263,-13.909726,-15.725307,-18.67015,-15.416433,-13.285638,-16.00473,-10.466338,-7.072132,-12.721342,-18.209667,-19.144474,-17.4752,-16.74052,-4.163641,-1.7487578,-9.151623,-19.9288,-19.061275,-19.701546,-19.694412,-18.209007,-19.506973,-21.53278,-14.666634,5.400412,15.986892,16.293629,7.9324856,4.8326783,4.7383866,5.828187,5.608146,5.65151,6.2017016,6.101507,5.4009237,5.464491,5.626672,5.505494,5.371146,4.975082,4.122004,4.100147,4.9551735,4.942472,4.927143,5.116546,5.24263,5.046569,5.0677276,5.054449,5.131374,4.996723,4.903635,4.8701816,4.6591363,4.196889,1.5674288,-0.85066736,9.4222555,11.970882,9.344426,8.565864,7.4518843,9.420435,9.346588,8.913817,8.623704,8.73278,8.79285,8.740407,8.676727,8.484192,8.525256,9.004356,11.863914,13.42807,10.374779,7.261253,8.547419,8.86181,7.912988,7.642955,7.589656,7.6180835,7.684519,7.816028,7.7046924,7.631214,7.3939705,7.1884227,8.2113,16.192543,16.560148,7.842016,3.0533707,2.1489794,0.7517868,1.2466286,1.3558297,1.0053622,0.253517,0.40936017,0.35385233,0.22807217,0.36206543,-0.5750338,-0.678587,-0.61395514,1.6334229,-0.22195235,-1.2199702,-1.7960887,-1.8463058,-2.2739797,-2.1313376,-2.2449715,-2.5237105,-2.837837,-2.6553345,-3.0892732,-3.617456,-4.1134396,-3.795676,-4.0292683,-1.7935311,8.80459,12.17404,8.511456,7.9648585,8.677553,6.648774,8.018863,7.7570634,7.9484453,7.28633,7.8257155,7.8248854,7.6677227,7.2484584,7.039681,7.2426105,6.7805176,6.4110255,5.901172,7.0445156,6.4409404,7.2763305,6.7448545,7.305961,6.6052966,7.0976567,6.63741,7.1278615,6.903601,7.140553,6.9004946,6.991249,6.947447,6.719456,8.780127,13.812593,16.258661,10.914425,5.2708335,5.148477,2.7062294,0.31168628,1.9706173,2.795659,0.1563917,1.2261329,1.2791865,-1.02137,0.35609657,0.14864898,-1.1024252,0.46840653,1.4072293,-0.26886055,0.29652154,-0.22545561,-1.0396923,-0.7979447,-0.52533215,-1.1839533,-1.0109653,-0.6592733,-0.67591494,-1.2351544,-1.0637023,-1.7776706,-1.2932359,-1.587395,6.3888955,12.728014,12.247266,7.89023,8.582679,9.125766,8.114412,6.81752,6.824623,6.8270855,6.667831,6.689563,6.295097,6.6094522,6.594959,6.720826,6.2434363,10.244779,15.547151,13.164826,7.873449,8.092493,5.895884,6.3426967,6.5495815,6.40306,6.317642,6.2987823,6.2374306,5.569754,5.6530857,5.366886,5.205824,11.23897,18.85964,16.732033,8.054095,4.0898385,1.6579014,4.474813,4.1535845,3.1023858,4.1050334,4.2962165,3.2844355,3.4441319,4.2790775,3.1329327,2.9922912,3.2558346,2.319234,2.45973,3.0447743,1.8150084,1.8113374,2.5980215,1.5851425,1.9905841,1.8120052,1.3102092,1.0590756,1.1732183,0.91980666,0.7263562,0.62801373,0.29034173,0.17408906,0.24046546,5.947595,15.330559,15.727142,9.468909,5.30806,6.5570526,6.650188,5.6825743,4.378876,3.798195,4.172471,4.7905602,4.1395626,4.112439,3.6611552,3.624492,3.365233,3.7230105,4.220236,3.7462544,3.146192,3.343175,3.4585164,3.6719403,3.591651,3.953536,4.0083385,4.0201674,3.8256786,3.8652177,3.5817337,3.4702663,3.1968498,2.6654375,7.168243,13.9734955,12.682276,3.9366755,1.2145005,1.817324,-0.4638019,-0.02082281,0.893377,-0.6094179,0.14917625,0.32011604,-0.9387804,-1.1887838,-0.5419041,-1.3590474,-1.1939896,-0.329432,-2.0417607,-1.7707949,-0.038998086,-1.6897196,-1.1893998,-0.9639263,-1.2939122,-1.7805471,-0.9860414,-1.4773848,-1.4412591,-1.5402609,-1.4704831,-1.4387014,-1.1832153,-1.9820251,1.731736,12.302795,14.561247,9.300243,5.813857,6.708394,6.0819206,6.167948,6.08689,6.02435,6.256895,6.6652546,5.955143,6.3446274,6.3469906,6.195323,6.012611,5.8442836,5.4971356,5.3236856,6.189737,6.211439,6.00225,5.556491,5.548959,5.3514266,5.317112,5.1680746,4.9504943,4.8285656,4.8884444,4.498637,3.690936,2.4691563,2.4482455,11.018907,14.472093,9.14271,3.634513,1.7010039,-0.15649188,2.0739322,1.0593985,-0.310533,1.0992727,0.47145352,-0.028668381,0.91080225,0.57920974,-0.8809564,-0.6778892,-0.3931196,-1.162702,-0.5911765,-0.7227022,-1.2268503,-1.1642778,-0.37984404,-2.0737007,-1.6477395,-1.5724992,-1.9573472,-2.4843063,-2.1840436,-2.8072934,-2.3020227,-2.8366232,-1.864794,-1.3840503,1.5112691,13.99867,17.132608,12.127386,7.609,8.331397,8.470991,8.224402,7.6341877,8.305797,8.166239,7.751981,7.266239,7.197633,6.926857,6.775836,6.7804136,6.7872267,6.8642025,6.2216587,6.1078577,5.7737503,6.302965,6.2259955,6.344197,5.8533406,6.2203636,6.0286093,6.529286,6.0566874,6.077931,5.819431,6.126088,6.4304857,4.4259443,9.368403,15.722206,13.602591,4.2210684,3.5835466,3.72894,2.0808194,2.0359514,1.6591895,1.5171723,1.5833961,1.6429904,1.2717534,1.255743,1.1007564,1.0431042,0.45059943,1.0980736,0.29976305,1.4595082,0.46819454,0.90886205,0.8974994,0.55121005,0.6845215,0.77657366,0.6783325,0.4506274,0.14186011,-0.123367965,-0.073328495,-1.311621,-5.0957103,-1.6065459,9.072709,14.760709,10.797867,4.970612,6.340401,2.9587688,3.0574906,3.619218,3.6025264,3.491112,3.337236,3.1251364,2.7721534,1.1800913,-0.8745006,-4.893646,7.055725,16.383154,16.121752,9.598655,8.343004,8.131019,8.7101755,8.898663,8.7958,8.4992075,8.474912,8.548769,8.407419,8.100052,7.172906,3.8977692,-1.7739291,12.50952,17.247742,13.741602,11.375932,4.5903716,0.034376826,2.9269817,2.9303746,2.0430055,1.6708655,1.3559701,1.7532339,2.061903,2.071702,2.6077664,2.2402384,2.2199292,2.0559266,2.0027525,2.1621222,2.4913263,2.3838892,1.6748879,1.907171,1.7039006,1.6385394,1.4531137,1.3820381,1.5922906,1.8368846,1.9297551,1.9667509,1.9327629,1.6903745,2.2622595,5.808928,12.778599,14.982302,8.173965,1.1477106,1.4869809,0.09609963,-2.4465413,-4.6153603,-4.400962,-4.0261774,-4.5070395,-4.392305,-4.3767242,-3.9482632,-4.167793,-4.1493125,-4.1172566,-2.6958,-4.570388,-4.910243,-4.9533906,-4.725464,-4.7435293,-4.9059696,-4.8723965,-4.820608,-4.8044767,-5.507064,-5.5724154,-6.063859,-5.571244,-5.3532786,-5.0699234,-2.353702,10.986552,15.173398,10.75223,3.7660084,4.857404,5.998895,4.6610613,4.798378,3.5898046,3.9196453,3.8762114,3.3851612,3.6179302,3.5650837,3.772451,3.6134312,3.327415,3.3203175,3.0221322,3.0045886,3.2114935,3.0786257,3.1072807,3.3555932,3.4573379,3.5715935,3.561206,3.3652818,3.1707187,3.0416346,3.244923,3.4757428,2.9810646,4.273723,12.705769,13.135939,6.1962414,7.6632853,8.546899,5.355043,4.949838,5.051278,4.936267,4.858708,4.809867,4.434431,4.113998,3.9863334,3.7004817,4.038847,8.36921,10.805856,8.3715515,9.018143,8.074236,7.3529143,7.8081646,8.759969,9.00844,8.807541,8.56237,8.35699,7.4373527,6.268882,5.3188477,4.6736484,10.406753,17.483593,16.357067,9.549553,10.013789,9.071709,7.5377436,8.155553,7.9636693,7.6604023,7.421541,7.309926,7.0686817,6.9115963,6.8195243,6.7646027,6.9868846,6.911474,6.141026,6.139745,6.877964,6.687792,6.585219,6.519109,6.7966423,6.6980786,6.710191,6.6729207,6.8750257,6.8686037,6.9724293,6.792878,6.4378066,5.948408,6.072608,8.650303,14.2935705,14.936459,7.0971866,-3.5736141,-8.130049,-10.48954,-12.612363,-14.086639,-7.8865204,-4.7580795,-8.378897,-14.406618,-18.264006,-17.315147,-16.41015,-17.876398,-16.719515,-10.537041,-12.498329,-21.18348,-17.265429,-17.291042,-24.157553,-23.167334,-21.62647,-21.15505,-21.48445,-19.409267,-16.381254,-16.39209,-17.391642,-21.640997,-14.288211,-6.8098364,1.9505908,8.6951275,9.433513,8.605017,8.805245,8.367485,8.490823,8.418738,7.8833704,7.747259,8.117555,8.244671,8.058851,7.882021,7.9115653,7.9963217,7.943639,8.123764,8.39033,8.077726,8.051638,7.8107033,7.6835966,7.582032,7.2878747,7.348511,7.3738713,7.2266793,6.8669705,6.6914186,6.576415,6.533299,6.4977016,6.3222322,9.812732,15.184683,11.803084,-1.4202387,-10.115851,-10.766476,-13.008234,-13.496442,-12.110873,-7.685091,-2.9362013,-5.0620375,-14.587097,-14.529778,-13.568022,-14.138527,-13.200301,-13.515798,-13.537236,-13.845611,-13.416438,-15.853482,-16.59145,-18.309055,-19.028473,-21.58546,-16.415684,-14.531843,-14.724642,-13.119054,-15.777587,-11.831015,-8.890363,-12.725819,1.3932563,12.026119,13.272581,8.182114,8.525685,8.389336,6.766455,8.176603,8.5263,8.479565,8.405443,8.351844,8.794878,8.35389,7.9779997,8.372792,8.373529,8.176385,8.181646,7.982352,7.891324,7.9602823,7.8109455,7.349062,7.119369,6.848965,6.2781744,6.2412305,6.736536,6.9210105,6.8127484,6.6034465,6.7708683,6.7977576,6.7085986,9.324412,12.235645,11.450519,9.779765,2.7164621,-11.557361,-15.990428,-11.721127,-12.268831,-17.769949,-18.609852,-16.347145,-12.971044,-10.294317,-10.128136,-13.843964,-15.349649,-12.094915,-10.710425,-15.571961,-13.837557,-8.566537,-8.962377,-15.442338,-17.725796,-20.430222,-15.796125,-15.36228,-18.466784,-16.0382,-14.862545,-17.439661,-13.365753,-15.007736,1.5615726,13.079139,13.547991,9.697126,9.295023,8.741633,8.513658,9.027364,8.764733,8.416191,8.419749,8.353371,8.457015,8.662031,8.475083,8.423863,8.578457,8.692438,8.260615,8.109191,8.270467,8.122436,8.171891,7.9238615,7.6375895,7.409961,7.356227,7.296011,7.402814,7.174006,6.850155,6.718755,6.785607,6.4619236,5.037885,11.748476,12.310465,11.7223215,13.9373665,13.336497,11.408833,10.769992,10.882186,10.898634,10.775729,10.5900345,10.522226,10.502734,10.471511,10.42294,11.334454,13.961424,14.291092,11.195303,9.294789,10.758635,10.888272,10.19492,9.865362,10.139789,10.54212,10.806684,10.103088,9.998424,9.734551,8.955168,6.9007916,11.199718,17.73996,16.00437,8.761566,4.2719965,3.9620278,2.3887036,1.1933334,1.041955,3.0156584,0.61722386,0.6582225,0.5338333,0.35501128,0.06889951,0.3288669,-0.00599337,-0.4341305,-0.27257112,-0.6530022,-1.0821294,-1.7826781,-2.0447056,-1.780617,-1.537585,-1.2782702,-2.179068,-1.6864477,-2.1486473,-2.3788745,-2.790461,-2.756621,-3.0690155,-3.4846041,0.4973705,9.823503,10.254549,9.002276,9.6124525,9.3639,8.992491,9.325955,9.126628,9.421946,8.867157,9.354753,8.925241,9.27967,8.83622,9.270016,8.923501,9.019606,8.237389,8.571872,8.556537,8.54991,8.447834,8.407542,8.565425,8.295022,8.47983,8.043115,8.440916,7.919255,8.139532,7.6047325,8.325945,7.383942,9.526726,10.464125,15.956064,16.447426,9.42676,2.8938117,2.9429393,3.971224,1.6455157,3.2623956,2.8175566,0.8867499,1.682935,2.301663,1.057345,0.8205882,1.5316665,0.4512695,-0.55992067,0.2942444,-0.02323048,-0.86918265,0.5747718,-0.13341045,-1.246755,0.21275902,-0.6706939,-1.5328069,-1.021183,-0.8725833,-1.4251857,-1.5967523,-1.7616472,-1.7971313,-0.6089762,7.4930434,14.046022,12.755404,7.755664,8.75073,8.384515,8.121822,8.326179,7.9853816,8.215168,7.689521,7.7660713,7.579138,7.75028,7.448633,7.718697,6.904855,6.9543495,6.2894387,6.8612914,6.7828727,6.8376884,6.525401,6.946416,6.884079,7.2340865,6.827523,6.0785494,6.7950654,6.5372944,6.7922277,6.386568,6.0855045,5.300731,13.367125,16.10129,11.477053,5.8810167,5.472103,2.9621015,1.996403,2.9786057,0.6430227,0.039675362,1.3424814,0.21512362,0.34976453,1.4602921,-0.25328043,-0.35495463,1.3282658,0.15601113,0.2598684,0.9246825,-0.079779394,-0.50218517,0.13056359,-0.048067607,-0.26292387,-0.1669188,-0.10087977,-0.7589675,-0.25969088,-0.43749148,-0.4418906,-0.53489935,-0.39178732,-0.39620674,2.8096619,12.43519,15.916096,11.618927,8.732801,9.498929,9.142444,9.53216,8.901304,8.852694,8.790107,8.715414,8.640433,8.988063,8.798744,8.744282,8.459084,8.617965,9.126262,9.744066,8.670634,8.445445,8.248297,8.399275,8.229294,8.368958,8.147493,8.090317,7.985485,8.043842,7.809742,8.067729,7.5992084,6.578082,4.614686,7.28087,15.862907,16.647778,11.127773,5.6106,2.0535393,3.9199462,3.2655275,1.719111,3.1558676,3.4007642,2.3784847,3.5953712
4.1388617,3.9668021,3.290886,3.5872192,3.7056563,3.7184439,3.3438954,3.270341,3.0963368,3.097921,3.080204,2.991184,2.882447,2.9197743,3.4255924,19.631512,23.094948,14.683198,5.0764494,5.568554,4.674201,6.0425577,5.6884427,5.2849817,5.896677,6.522216,6.4769177,6.2205877,6.0613823,5.8663836,5.160017,4.600432,6.316765,6.3892865,5.1785097,5.1843767,4.921834,4.705753,4.9083247,5.0959167,4.957818,4.63455,4.4938617,4.5344,4.271311,4.008757,3.7284458,2.533998,15.43601,22.55037,18.493637,6.760304,6.1394844,5.781903,5.1484785,5.393555,4.745142,5.0367665,5.2098083,4.728916,4.4278665,4.928207,4.46729,4.610096,4.8707466,4.725726,4.979624,5.324806,4.1753464,4.692989,4.566432,4.464258,4.186037,4.15158,4.1706424,3.676269,3.6006713,3.7267966,3.5886931,3.5732887,3.7515833,3.5625086,3.694705,11.907411,20.057695,17.835403,12.027768,10.19555,8.886301,9.088138,10.549904,12.622175,10.65679,8.449767,10.0217495,9.064273,7.3504744,6.6914043,6.495369,7.1989202,5.9358935,6.4267535,6.6786947,5.0683875,4.9216347,6.214119,5.985126,5.514788,5.760016,5.648804,4.982981,5.029838,4.912704,4.452465,3.6884167,3.3476367,4.181926,10.346083,19.850458,19.001411,9.647463,5.4755883,5.4094257,4.4411716,5.0582356,5.2369957,5.3923182,5.086059,5.020562,5.0496635,5.041306,4.803867,4.975877,4.8059506,5.626608,5.5851793,4.787717,4.490152,4.090397,3.8136196,4.2071333,4.097806,4.161244,3.9598837,4.1530533,4.2050796,4.345293,3.8887281,4.018969,3.8691258,3.3440356,10.17096,20.934097,21.141521,10.478984,8.880934,10.138993,9.1264925,8.064942,7.597541,7.4580197,7.5028872,7.2605734,7.3230934,6.882992,7.773576,7.5503197,6.098494,6.987685,6.028658,5.9804125,5.972496,5.2983036,5.092765,4.917085,5.6450233,6.074863,3.8684816,3.944777,4.580703,4.2474585,3.5800984,3.4779427,3.1831388,1.7752752,-0.22854151,14.513497,21.88985,18.556387,8.157316,7.3766904,7.0455933,4.3416896,4.034441,3.9492142,4.4910316,4.4898148,3.4849598,3.8632793,3.86889,3.4624646,3.8731866,3.154194,2.346075,2.4881036,3.5387099,2.8576841,3.1534104,3.150838,3.476534,3.111712,3.3699741,3.1319451,3.3653598,2.924528,3.1005044,2.9123094,2.7433324,3.795061,0.69847333,10.209158,20.162113,19.66406,10.054991,7.7718363,6.4546514,7.649378,7.5802064,7.267117,7.044466,7.0988793,6.948729,6.8531327,6.972771,6.6283393,6.8074274,7.524578,18.445246,19.168278,10.573248,8.138756,5.263271,6.269038,6.14939,5.890646,5.8208175,5.7884293,5.8451867,5.8644066,5.6753926,6.0485325,5.5397253,5.707262,16.567598,24.590342,22.424282,14.990911,13.6927805,13.671257,13.606357,13.1801815,13.591177,13.785704,13.255718,12.9495,12.96706,12.926697,12.589994,12.07259,11.969028,11.612249,12.14691,11.519785,10.817621,10.49643,10.069727,10.234462,10.266973,9.774445,9.549103,9.433307,9.318159,9.040186,8.582379,8.271796,8.461891,8.272421,9.206307,19.429846,21.836098,16.149752,10.797857,11.622751,9.529287,9.896842,7.2260146,9.269658,7.629301,8.721099,8.073795,8.433438,8.354997,7.4153967,8.212246,6.7786217,8.051215,5.9561195,8.452389,5.8525233,8.531295,5.4515734,8.0583,5.6219935,8.036517,5.6178045,7.508854,5.7707357,7.087326,6.1511135,6.6517267,6.385543,3.5392804,8.285507,16.89812,17.308552,11.97266,12.334667,12.469053,12.163111,12.192431,12.42321,12.374448,11.98874,11.902054,11.908265,11.660103,11.670006,11.755504,11.579693,11.61069,12.413126,11.996346,11.813879,11.492066,11.387798,11.61565,11.651153,11.532794,11.58659,11.525707,11.624931,11.402116,11.321679,11.250385,11.2964525,11.305642,12.685977,17.84203,13.569823,6.5823607,7.8256598,7.7505484,5.9151483,5.0194626,4.778741,5.2730675,4.509144,5.7464433,4.090254,5.52015,4.425893,5.4191566,4.167537,13.628932,19.603676,14.743975,6.8889723,7.449849,5.232885,4.5402393,4.92998,4.6620812,5.0483665,4.4499865,5.394801,3.862277,5.1804204,3.2029958,5.1300235,17.902115,24.63622,21.492708,16.84056,15.935788,15.4618225,15.851726,16.183775,16.06786,15.985409,15.736975,15.718236,15.741728,15.828175,15.681978,15.5115795,15.40289,15.141899,15.064518,15.242009,14.785831,14.401289,14.415168,14.377116,14.302959,14.075125,13.863817,13.7528305,13.70782,13.518211,13.306418,13.112921,12.96441,12.861794,12.813625,14.695716,21.989086,19.444647,6.5457573,6.1501694,6.4802003,4.4017982,4.3712225,2.8934953,3.1837473,2.1132436,4.004401,2.0625105,3.340106,1.4941359,2.8892498,1.2499882,3.3541849,2.651756,2.1049743,1.226319,2.0303354,1.443593,2.1604414,1.7668389,2.385854,1.9303181,2.3954227,2.0204823,2.5934181,2.1262958,2.7489212,2.2417598,1.8214072,14.5421505,20.291626,15.061361,10.575258,11.771042,11.409812,11.482153,11.158384,11.231472,11.243252,10.772992,10.545869,10.633919,10.476923,10.630783,10.766,11.026356,11.365066,10.730604,10.393218,11.059057,10.993248,11.339597,11.316346,11.105349,10.936222,11.231668,11.339541,11.247178,11.063757,11.166676,11.326904,11.369513,11.02448,11.068755,17.368872,16.368483,9.800913,4.4597716,6.3428984,3.8721194,5.36231,4.09955,5.017054,4.991731,6.7531157,4.8693814,4.9604063,4.3328724,4.5102906,4.4520526,3.5914598,3.7814178,3.5331533,5.08385,4.021969,4.390507,3.6151,4.1206775,3.3094594,3.7876482,3.2177396,3.4975357,3.0847142,3.117309,2.7004905,2.1337218,-0.4183981,7.4302125,17.712086,18.359058,13.183421,11.568738,12.161566,11.82076,12.080011,11.957873,11.780756,11.63931,11.5461445,11.541638,11.303073,11.119023,11.052884,10.68594,11.128572,10.887542,10.304747,10.733082,10.90311,10.716965,10.76067,10.471073,10.393653,10.584241,10.570064,10.0866995,9.806039,9.84322,9.789772,9.383119,10.322809,10.944866,13.826502,22.131918,21.32088,11.260443,8.846447,8.303225,6.3272624,7.5886016,6.2202663,7.9296727,6.4558086,6.844618,5.9539895,5.982624,6.053614,5.604077,6.0732894,5.172246,5.8881807,5.523405,5.6422515,4.061838,5.654444,4.246746,5.8907423,4.0150547,5.8174157,3.9323673,6.0549126,4.0090127,5.3883657,3.5524454,4.315099,4.7683783,8.905241,15.206722,21.01933,16.741476,13.991384,14.915329,15.029604,14.212702,13.613617,13.6027355,13.86772,13.747487,13.754474,13.658855,13.631058,13.467822,13.309782,12.899031,13.417406,13.621063,12.994541,12.988414,13.619145,13.48948,13.271036,13.168072,13.224946,13.26972,13.263395,12.898416,12.625917,12.577454,11.248894,6.61474,7.2273774,18.541271,23.20953,19.397575,13.886402,13.854258,14.690952,14.772709,14.308895,13.911801,13.773832,13.891628,13.659708,12.752551,10.20508,4.6881776,-3.3324633,14.376464,22.32031,19.641592,12.227413,10.30765,8.511352,9.234606,8.011706,8.3290415,7.2643423,8.03208,7.0532513,7.5944543,6.6606846,8.06089,3.2572982,3.889964,21.070011,23.3449,15.847157,12.572726,4.6582103,2.9346757,1.7304695,0.4403854,0.23238552,0.14120816,-0.21362525,-0.9308141,-0.59499526,-0.12348594,0.06108178,-0.97871274,-1.361481,0.4312604,1.2116226,-2.3094025,-0.5197838,-1.0102016,-1.7146289,-1.3422631,-2.975101,-2.4892921,-2.9631176,-3.052633,-2.5302877,-2.1036074,-2.1654303,-2.168493,-2.7541885,-3.0810258,-3.0106285,9.083336,21.319622,20.951378,12.300652,9.367591,10.561815,8.860432,8.620878,8.402144,8.927623,9.144276,8.996276,9.102922,9.158257,9.273096,9.227494,9.115246,9.342722,10.554449,8.993189,7.911995,8.518292,8.69993,8.488094,8.333828,8.528489,8.697649,8.512765,7.5645742,7.2738576,7.703577,7.820074,8.211147,8.757414,11.440975,21.537153,21.328083,10.760178,3.8023443,1.954851,4.5681195,1.0314624,0.79456127,-2.0244584,-0.2783292,-0.53154176,-1.8405712,-1.4469719,-0.88861644,-0.86278313,-0.9174504,-1.8108255,2.1540484,1.8134451,-1.7622192,-1.4494083,-1.9168367,-1.2822273,-1.2416058,-1.5951563,-1.7266487,-2.1120706,-1.2783291,-1.6972159,-2.6695921,-2.2895477,-1.3472996,-0.89790887,12.859404,20.066345,16.254509,6.7829514,8.790266,7.8772454,2.4896612,0.37224793,-0.2140519,0.30868757,-0.328355,0.21157427,-1.0727081,-1.1853263,-0.3396778,-0.18070146,7.0114145,17.579601,18.279522,11.089822,5.135497,4.675154,3.2824364,4.6063576,4.6199665,5.000562,5.4525776,5.6135664,4.8302526,3.2253373,1.077439,0.6346103,0.13391522,19.095703,23.921156,17.877947,8.8353405,9.411764,7.2139416,5.527132,6.24134,6.1688643,6.073619,5.5650024,5.705777,5.359684,5.136848,5.0697155,5.0419464,5.2746477,5.3441086,5.015328,4.117705,4.882384,4.86318,4.950775,4.490674,5.1539583,4.5499077,5.267751,4.6725473,5.197535,4.800491,5.2809,4.578333,4.929659,4.1778765,4.4011345,12.639922,22.030313,19.954025,7.7767754,5.97567,7.028132,7.268355,6.6040707,6.161009,7.45213,7.994725,5.691146,5.1179323,4.8371162,4.5354185,4.592284,4.3737926,3.8263206,2.3205686,3.0771952,3.667629,3.9266632,3.7566197,2.7756467,2.998929,3.3440971,3.259438,2.5556448,2.1778889,2.4139178,3.1868777,3.4061909,2.1108491,1.8237664,1.5885262,9.810423,19.359896,18.257092,8.26359,7.0310917,6.849682,6.588986,6.698833,6.008054,6.0764275,6.283584,6.378829,6.196522,6.0463424,6.1343904,6.215729,5.9260154,6.129916,7.062022,6.3133116,6.5562267,5.8075733,5.643883,5.889963,5.3404613,5.4706564,5.474353,5.3298144,4.803467,4.844713,4.685244,4.717004,4.522567,6.3082666,17.55521,20.057383,13.501052,10.422153,10.59425,11.4466,11.611461,11.472578,11.314571,11.142815,10.602331,10.2216425,9.416287,8.996813,9.114164,8.84376,8.854934,7.6043887,7.3768034,8.54642,8.303012,7.4796443,6.9734125,6.3469105,4.9800987,4.8467093,5.57352,7.282672,6.054701,4.499479,6.6266775,4.784295,4.191269,2.6508546,12.884354,22.980862,22.101513,10.388894,6.327798,8.7905855,5.2816668,8.113774,8.955573,9.011196,8.126276,7.0868373,8.103722,7.6261406,7.044464,6.9738417,6.376602,6.8229694,6.4998207,6.238699,6.1720333,6.1146507,6.0478663,5.2810884,5.285809,5.312965,4.268781,4.49971,5.4788866,6.1241703,5.3658705,4.657087,6.219766,4.997631,5.8662148,18.740814,20.510492,13.030292,10.8051,10.756424,7.195307,6.1394625,5.731466,7.324237,7.1564455,5.062539,6.267676,6.425595,5.2830772,6.5512247,6.7667584,6.65384,7.836371,7.739415,6.682513,6.326085,4.939234,5.1765103,5.690939,5.3562775,4.674307,5.487123,5.4228573,4.41574,4.181595,3.7818289,4.179908,5.2879744,4.023388,12.371548,21.4748,19.954662,11.285843,7.892199,6.4737587,6.7262716,7.405328,7.1137094,6.703727,7.0651274,6.5820603,6.458402,7.0005846,6.6100006,6.641469,6.871674,6.600487,6.616464,6.5162034,6.432268,6.3711557,6.1877484,6.2300463,5.962896,5.6196747,5.626979,5.3751845,5.6634254,5.372737,5.294898,4.8777885,5.039024,4.636984,10.54999,19.075983,16.857502,11.561441,14.466968,12.316034,9.339699,9.273277,9.276954,8.987116,8.999477,8.805755,8.643934,8.665096,8.737279,8.606891,11.702195,20.703255,18.841703,10.001629,8.069125,7.9574585,8.764319,8.499194,7.904732,8.41591,8.85177,9.038546,8.24658,8.223864,7.7044206,6.4356284,3.3925388,16.794296,24.109423,20.401628,15.342917,15.687607,14.491357,12.679377,13.014921,13.242711,13.6848755,12.93193,12.767755,12.669931,12.314319,12.001488,12.13395,11.856201,11.801101,12.736739,12.309474,10.310191,9.894838,10.261583,10.408592,10.300131,10.291225,10.255512,10.214753,10.111712,9.945871,9.478738,9.284977,9.13921,8.95743,11.90391,20.005539,19.772718,12.1194515,9.90391,9.838902,7.807767,9.35772,7.429803,9.453665,7.1081333,9.525486,7.2392697,9.348229,6.9069843,9.200074,7.326505,8.952013,7.6192503,8.430771,8.390795,8.080393,8.163617,7.6299467,8.352182,7.173484,8.697486,6.316127,8.565751,6.3932176,8.708487,6.123275,8.748379,5.3786273,9.089742,17.617052,23.839243,21.72659,15.608303,13.612707,13.3356,13.688708,13.664272,13.960128,13.507551,13.015986,12.941321,12.825908,12.712878,12.520435,12.303045,12.3196335,11.644021,11.8142805,12.05294,11.538393,11.461288,11.487486,11.3011465,11.320692,11.18956,11.005564,10.996277,11.026797,10.635625,10.713636,10.727182,10.936865,11.154177,20.000906,23.414402,17.817257,8.135181,8.39151,9.113037,6.8071356,8.24847,6.3986306,8.39984,6.0548306,8.113801,5.8077316,8.158783,5.8841777,7.8721194,5.1514935,7.009036,5.2053885,7.099294,5.888002,7.062935,6.1511517,6.673369,6.3717766,6.621253,7.7534533,6.6356745,6.3222055,5.375412,6.811364,5.598094,7.2276144,4.7850637,19.19591,23.562805,17.242905,14.217943,13.802628,13.125166,12.961494,12.663913,12.175905,12.1295185,12.053497,12.092442,12.073102,12.063234,11.843342,11.828905,12.1026745,12.112869,12.539612,12.321331,11.977524,11.8796015,11.818166,12.035328,12.186829,12.181078,12.146288,12.094735,12.27453,12.303743,12.274778,12.296841,12.487051,12.482667,12.845924,21.84086,22.75731,13.030824,7.1720743,8.89753,8.325697,7.412496,7.453742,7.6911716,7.5803657,7.000546,7.044024,7.629648,7.2116685,7.2515564,6.534226,7.6012425,7.634087,8.352796,6.7440195,7.247625,6.2184,7.235257,5.952348,7.1888037,5.965522,6.908184,5.869643,6.6251206,5.6195617,6.5209284,5.7138705,3.759633,-0.21715091,4.463815,21.308472,22.435806,14.56554,14.562754,14.022122,14.410141,14.1587105,13.995165,14.2558975,14.310749,14.352602,13.496189
3.4954212,2.8499203,2.5306833,3.0995069,2.7538414,3.2025812,3.6768806,3.7211,4.231431,3.6938605,3.2736614,4.548129,5.8648057,5.452867,6.80002,22.046432,24.512758,15.684601,8.154339,8.847026,6.0472784,7.1837797,7.592259,7.18025,7.1647887,8.0101795,7.834864,7.7220182,7.4746923,7.391308,7.063541,7.294266,7.8278728,7.121234,6.394956,6.188162,6.181683,6.139988,6.371966,6.4804897,6.374834,6.2131605,6.0027146,5.7613683,5.511963,5.3444633,5.2087493,5.2155046,21.166746,25.669296,18.890392,13.794828,12.068392,12.713457,12.412658,12.460555,12.283628,11.977961,11.898822,11.922222,11.794607,11.469767,11.235672,11.174101,11.085485,11.399537,11.3750515,9.603757,9.9775095,10.317183,10.2340145,10.014984,9.759338,9.207541,9.176832,9.007171,8.619848,8.418475,8.002184,7.699977,7.200165,7.3177614,7.341861,17.234331,24.083317,20.87228,14.686166,11.590367,9.992896,10.602846,11.612779,12.325556,9.779693,11.572293,14.596604,12.859135,11.384183,11.55752,10.140455,9.15139,8.229419,8.096465,9.393208,7.0710583,6.0374346,7.9370685,7.9030247,6.9755073,7.7061343,8.084001,6.086896,6.4863873,6.837938,5.9431686,6.3535166,6.309809,7.913425,17.361097,24.944563,21.909666,10.560103,8.165309,5.1928387,5.713387,4.9803424,5.8725686,5.3355365,6.1579075,6.2682724,5.9463577,6.7189426,6.27308,6.2914677,7.122054,9.10636,8.400441,7.0516257,6.7977705,6.4888754,6.6821747,7.322072,7.1299076,6.881678,6.7699666,6.472788,6.322939,6.3379216,6.885414,6.3143725,5.7436914,6.145067,11.189285,23.313904,22.42067,10.940007,11.733375,11.904664,10.48774,9.414021,9.058191,9.165969,9.086459,8.799567,8.827602,8.592905,9.429125,8.851699,8.02986,8.838941,7.757525,7.373725,7.6074276,7.101797,6.899176,6.7437787,7.1911573,6.551017,5.453234,5.367372,6.3349557,5.696846,4.86163,4.983281,4.860945,5.3146815,2.9257846,17.583275,22.525234,18.888884,15.279069,14.573988,12.223011,11.650524,10.9617195,10.874626,10.964088,10.306729,9.532796,9.097645,8.342437,8.05623,8.073886,7.482088,6.451612,6.383328,5.7183704,5.9612694,5.83518,5.430276,4.904746,5.1102595,5.095108,4.66809,4.290255,3.8909483,3.9435773,4.640092,4.325518,-0.25617665,3.6211576,16.027166,25.208204,22.708508,14.15018,15.391618,12.471875,11.411542,10.186902,9.686126,9.525197,8.419369,6.7730503,6.6002774,7.3314476,7.903348,7.840851,7.667219,19.859488,21.783466,13.679099,10.511515,11.431909,10.276336,8.308552,5.289068,3.9909763,6.4465218,8.54737,8.378822,7.307465,6.9757156,7.943022,7.972594,19.920137,26.727356,22.291344,16.158855,13.493003,12.346405,10.843796,8.680126,8.411919,8.760756,8.158936,8.123075,8.936568,9.512829,9.048492,8.237787,9.006609,11.711996,13.032218,12.27219,10.187883,7.8149657,6.4703746,8.06955,9.692218,10.181903,9.589477,8.548547,6.640688,5.0207005,4.853976,6.4551024,7.536785,6.9679413,7.358123,20.768032,22.769943,16.3035,12.486849,9.467575,9.125098,8.63875,8.507623,9.035262,8.969647,7.930258,8.00619,8.097566,8.091728,7.9871473,7.4960465,7.152047,5.4334307,5.025273,5.878124,6.2994795,6.574024,6.011272,5.5117316,5.667115,5.2316475,5.434453,5.13093,4.95439,4.799179,4.456241,4.675216,4.7847743,3.194783,13.775469,23.981438,22.544004,10.523525,10.195708,12.244476,10.492414,10.484856,10.658565,10.078416,9.607126,9.342875,9.177387,9.008779,8.757924,8.779918,7.987013,8.685146,9.851885,8.352518,7.8825545,7.8295994,7.1118984,7.5116596,7.5372257,7.521655,7.4469156,7.1952767,7.185903,7.0171905,7.10782,7.2239804,6.920324,7.643938,18.001276,21.567413,16.905233,14.694727,13.5263405,13.090081,11.828023,10.602577,9.455364,8.651661,8.407336,8.101912,7.779419,6.814582,6.1017523,5.696235,5.589692,17.447561,21.866703,16.09543,5.6049447,2.5668862,1.6571665,-0.598058,1.3197105,2.330897,2.3361197,3.4251442,4.151637,4.2816253,3.7680917,4.590634,7.0185065,21.971247,26.993618,21.212492,14.271995,15.534715,14.204234,13.909292,14.569402,14.405762,14.062185,13.837071,13.665805,13.49113,13.273964,12.896537,12.638707,12.431528,12.175103,12.344699,12.340029,11.284935,10.387127,10.291563,10.44539,9.844436,9.744134,9.450774,9.428968,9.34675,9.116491,8.897741,8.893732,8.785954,8.713937,8.751325,17.859404,25.975224,23.176287,9.1916065,9.997619,8.516788,8.840273,7.9326887,8.037316,6.7982874,6.996686,6.674925,6.7204275,6.890321,6.4657617,5.919544,5.748514,6.051397,7.557134,6.558573,4.3014054,4.067376,4.0939035,4.046563,4.0968137,4.319875,3.6226263,3.2801244,3.115494,3.0725923,3.0894785,4.094443,2.765423,5.4270883,20.446648,25.47578,20.246603,9.17888,10.2568865,8.341209,8.7994,7.812257,7.725354,7.779723,7.295732,7.202711,7.043392,6.748266,6.645183,6.6164737,7.057922,7.85707,7.578819,6.556238,6.562066,6.418642,6.7804832,6.8217225,6.362645,5.9142118,6.3559723,6.746159,6.324864,5.968645,6.1231494,6.6101246,6.335024,6.5698805,13.446217,23.167454,22.787434,15.200963,13.96101,13.264093,13.06251,12.688273,12.598601,12.610027,13.208753,12.928902,14.559668,13.757818,8.945388,7.3984966,9.389065,10.202669,11.9147415,12.613974,10.702919,9.753016,8.865019,8.184848,8.115112,7.3239784,7.1898537,6.3448358,6.3339605,4.4082828,3.020925,3.585757,4.0805445,4.609649,10.691441,21.546368,21.88107,15.817858,10.369795,11.762587,10.312406,10.46568,10.038515,9.727404,9.535038,9.84694,8.9086275,8.846885,8.577613,8.4082985,7.9180956,8.628224,6.8425703,5.637471,7.55766,7.2726126,7.3402953,7.4295707,6.728811,6.5267797,7.1708913,7.3918495,6.7544985,6.2345247,6.125619,5.7030478,5.7280054,6.80265,6.555054,12.807759,22.899586,21.001642,13.882438,12.68485,11.209059,10.205397,10.327471,10.138233,10.282675,9.4941225,9.391942,8.990425,8.959588,8.690985,8.791617,8.015753,7.789606,9.422044,9.145325,7.7845526,7.098844,6.6301384,6.1067286,6.0449305,6.2331038,5.8174458,5.517991,5.123104,4.538184,4.6965213,5.291608,5.212803,5.47196,9.1442,17.008345,23.741093,20.642546,13.479781,13.632039,13.019213,12.102509,11.627847,11.517443,11.691521,11.34553,11.267694,10.877166,10.646727,10.428476,10.190813,9.810808,11.090254,11.483067,9.689742,9.028885,9.845813,9.47794,9.105203,8.934787,8.944231,9.026972,9.051991,8.540758,8.101143,8.238089,7.716525,3.865142,7.1574297,22.55156,25.475525,18.22525,16.726086,16.17119,16.465067,16.362394,16.061905,15.779429,15.599821,15.419088,15.177496,14.001812,9.269791,3.265211,3.9888554,17.133057,22.73423,20.52492,21.211397,18.866516,17.94174,17.01606,17.131817,16.135242,16.270754,15.734778,15.163239,15.90323,15.252585,14.018111,7.4144793,7.5445247,25.25056,27.41196,18.403671,7.5336556,6.9973516,10.069647,10.437108,10.649334,10.910131,10.927488,10.996769,10.990486,10.8760605,11.057728,10.713233,10.624775,10.340123,10.939182,11.576091,9.788021,9.4737,9.235048,9.109882,8.998786,8.045842,7.98151,7.711097,7.789278,7.7860985,7.9676075,8.115712,7.9584618,7.1785555,7.4114914,7.898101,14.886102,25.351025,24.52897,13.895411,4.370608,6.8052573,5.5606527,4.3616414,4.416017,5.2100987,4.7526736,4.369376,4.626542,4.395212,4.2725806,4.4389563,4.539302,7.0036,9.459802,4.6393614,2.0701642,3.837218,3.6121016,3.2799234,3.0114217,3.3737068,3.7628129,3.6084561,2.6996737,1.9645305,2.864767,3.1100068,4.034935,7.822071,14.968405,25.794067,25.021545,16.887657,12.248406,8.368826,6.655627,5.346431,4.2772717,4.119901,4.551579,5.9801106,6.4018993,6.781069,7.6059966,7.587815,8.304268,6.7938433,6.9161453,8.407007,7.4941325,8.516964,7.7207394,7.5044518,7.922598,7.353591,6.3757424,5.5635543,6.3330603,5.6251216,4.756158,5.2489223,4.7919316,4.000432,18.022774,25.33655,22.738667,15.7359295,12.167999,14.55722,13.688337,10.722538,8.884528,8.379114,7.070262,6.891526,7.0091925,7.251964,7.819739,7.2759604,9.181302,19.531912,17.9166,15.962896,15.937817,14.67059,14.016487,14.755416,15.271484,14.8684845,15.336491,14.476633,8.53285,5.4428244,2.667043,3.765615,1.3766522,22.092815,25.426702,17.385324,16.361353,13.482967,12.977065,13.136665,12.333307,11.850937,12.113208,11.621528,12.117226,11.506076,11.150159,10.886078,10.483399,10.746628,10.317305,10.80562,10.441553,9.534424,9.305617,8.370174,7.8728967,8.293939,8.285471,8.181821,7.323967,7.0641737,6.443514,5.45963,6.0318,6.1254845,5.738328,5.491295,14.028025,25.012495,23.692959,11.100179,5.898721,9.122258,9.013006,8.0484295,7.4923916,9.377571,8.655728,6.792102,6.424422,6.2259,5.9096413,5.9564157,5.7186155,5.5309124,4.852519,5.5101395,5.5114307,4.860445,5.1162596,4.3388696,4.686611,4.8083487,4.6296573,3.9309468,3.8853705,3.813516,4.4473,6.276308,5.942951,5.548026,5.7044487,17.047161,23.630602,21.344309,15.981604,12.287911,12.61147,11.872249,11.766659,11.51009,11.483692,11.219761,10.879359,10.743166,10.484257,10.107889,9.927439,10.126587,9.428466,8.42094,8.89512,9.534122,8.729258,8.135447,7.289897,6.6731777,5.972068,5.425679,4.8122272,4.542013,5.1503267,5.4128795,5.388916,5.9203715,6.2283397,21.33686,24.284645,17.258642,10.888719,11.980133,13.24216,13.462175,13.412508,13.300909,13.2753525,12.931311,12.978365,11.285036,10.769797,10.963257,10.554232,10.884005,9.698112,8.809691,10.02877,9.609233,9.422157,8.492595,8.042303,7.966612,11.39615,11.275615,10.583206,9.632805,8.118306,10.949968,10.471372,8.119432,6.976182,18.020151,26.749416,23.817099,9.890897,9.580024,10.766676,10.547401,11.936476,13.241671,13.527998,14.823985,11.8729925,15.166496,12.287234,13.455673,11.713081,13.677611,15.580272,16.247723,13.758087,13.954449,13.362991,8.496543,3.4201293,9.497753,12.636496,9.714233,7.8380527,7.479418,1.5421921,4.611842,6.3241014,7.1600113,9.252045,10.869186,21.936579,23.275017,15.56057,12.592199,11.639502,10.216604,9.081677,7.52819,9.901516,11.531736,8.3817835,10.333444,8.090622,6.1941824,8.723951,8.3462515,8.702157,10.094978,9.104475,8.862833,9.903806,8.613041,8.448653,8.679376,8.388652,7.7855473,8.225721,8.32008,7.373343,6.910563,6.5050564,6.5104246,6.9577656,6.3707485,16.26574,24.009256,20.780079,16.923803,14.297802,14.443908,13.583536,12.84255,11.841463,11.655864,11.470971,11.462594,11.3751135,10.948583,10.722184,10.567154,10.463789,11.096113,10.854535,10.113574,8.927217,8.244637,8.592192,8.077239,8.063211,8.339344,7.972728,7.8774757,7.7746124,7.172975,7.18876,7.2621655,6.8007617,5.1605024,13.752371,23.200615,22.440228,17.156027,16.54097,14.291011,13.71014,13.05399,13.100822,13.303865,13.436746,13.055695,12.619119,12.000494,11.527019,11.111469,11.762506,23.15793,23.450626,14.284229,11.888649,10.778427,10.155813,10.686926,10.484389,10.439419,9.274066,8.740404,8.951197,9.326087,10.467583,9.851673,6.130333,20.695707,27.0395,22.154047,13.496828,14.117485,12.644854,11.243094,11.455372,11.148724,11.211592,10.037907,9.82827,10.315379,10.268039,9.703139,9.46077,8.590063,6.8939734,8.686811,9.95506,7.5727916,7.7215962,7.2414427,6.8713894,5.9002943,6.0712075,6.782316,6.926274,7.1785145,6.7520304,5.749752,5.878405,6.6320443,6.3170047,11.777352,20.271082,20.165718,14.316811,13.287542,14.381766,13.141269,12.663279,12.621624,12.564917,11.985806,11.320791,11.068368,10.783696,10.450529,10.200257,10.156955,8.785507,8.221875,8.834845,8.6414795,7.299053,7.1660385,6.2838383,5.9708576,6.0208616,5.772655,5.355565,5.701897,5.1392226,5.1266136,5.3355684,4.835211,6.3984447,12.394672,18.92389,24.332466,20.404644,15.166383,11.637737,12.182578,12.0302725,11.644531,11.770259,11.294287,10.825401,10.435307,10.048012,9.907426,9.714766,9.273285,9.537645,7.586577,7.7022147,8.473089,7.8342447,7.796273,7.7209845,7.112458,7.105243,7.1546216,6.849002,6.8923755,6.507907,5.7672987,6.5503955,6.5041103,6.855832,6.805187,22.975931,26.67875,19.434637,13.4860935,13.4396305,13.209187,12.908993,12.274061,11.694561,10.912838,10.515328,9.749854,9.051386,8.53573,8.637825,7.9083724,6.981051,4.987333,3.6634278,4.29369,4.2820735,3.6922443,3.7662747,2.9757466,1.868478,0.09185046,8.1073265,12.103673,10.759572,6.0408297,3.2436907,5.752749,6.3011017,9.237589,24.952759,28.159794,20.040483,12.0633335,12.684834,11.351086,10.885644,10.119478,9.646123,9.445519,8.900753,8.443993,8.44952,8.4021225,8.128902,8.336905,8.627718,8.750078,9.296728,8.593443,8.098884,7.800925,7.316292,7.759678,7.3964877,7.6231694,7.474336,7.4365993,7.396574,7.5614667,7.6526,7.6029997,7.7909284,7.7702637,13.995634,26.025982,26.344128,15.697105,13.740725,13.044683,13.034325,12.430302,11.915774,11.952946,11.548873,11.202501,10.929066,10.831079,10.676743,10.349936,10.220481,10.169451,10.523491,9.331735,8.900631,9.293198,9.180351,8.647236,8.533708,8.325775,8.083955,7.900626,7.650003,7.792973,7.329503,7.262622,7.4792404,6.0545893,2.6362278,13.904104,25.85149,25.741493,14.546263,14.475365,11.93111,12.849393,11.974631,11.954781,11.728234,11.536902,11.2767935,11.636093
3.8222744,7.0520678,7.8238015,8.052749,8.393377,8.823275,9.0320835,9.10946,9.2809515,9.328257,9.310996,10.096545,10.667597,10.445421,9.464141,19.822855,21.33723,11.893827,3.5980992,4.1301723,1.2554623,-1.622379,-1.4014673,-1.8108687,-3.3159268,-4.696546,-4.6399336,-3.611264,-3.8506749,-5.054772,-4.412024,6.558305,10.198068,3.4741607,-12.005701,-12.633774,-11.394868,-10.184165,-8.268339,-9.510091,-10.230193,-10.07259,-11.064419,-11.612106,-11.721394,-9.519942,-8.619162,1.3937004,20.364817,25.821434,20.8849,17.536413,17.376375,17.64846,17.635357,17.573206,17.457426,17.418276,17.294334,17.213554,17.057814,16.805346,16.666409,16.554604,16.420286,16.03886,15.51238,16.715893,15.784973,15.560989,15.369919,15.246028,14.984632,14.626142,14.389467,14.119373,13.867765,13.549683,13.121329,12.869624,12.520789,11.877449,11.549494,18.891962,24.357628,19.23188,4.76851,-0.67027396,-3.6091347,-2.912916,-0.98685855,2.9265084,-0.4642809,2.0383923,3.9258952,6.2477684,8.52088,9.0832815,10.248659,12.079492,15.161381,13.940806,8.838277,5.6100345,7.159123,6.0045342,7.9458256,7.953165,9.00409,9.602482,12.096191,11.47455,9.74538,8.627947,9.351568,9.810058,11.358542,17.78948,25.305496,22.07448,14.643226,13.348923,13.010172,12.669846,12.491949,12.294699,12.139408,12.714449,13.013963,13.816175,13.042073,13.8185835,12.494806,13.000185,14.823279,14.828515,12.87006,13.148108,13.117274,13.059433,13.546511,13.007003,12.849046,12.9187765,12.494201,11.901188,11.708143,11.568656,11.371083,11.198183,11.053474,15.006716,23.3646,21.383415,8.862455,7.958389,8.35631,7.934294,7.9091845,6.004637,4.4919896,2.9543672,-0.31171677,-1.630523,2.4673953,3.0470574,3.5339072,4.815075,5.28967,11.589819,8.827359,2.4509661,2.367962,0.8972038,-0.27694997,-0.046956398,-0.51306397,-2.139928,-2.3465605,5.3634663,7.163696,6.5469,5.8497257,5.6235127,5.7564116,9.002368,14.613577,18.194138,17.53319,19.177883,18.997066,17.164661,16.664314,16.402443,16.431864,16.18543,15.669943,15.432257,14.524579,14.2543125,13.981293,13.55113,12.699414,11.810279,11.46551,13.050835,12.198336,11.932835,12.454063,12.218777,11.849488,11.344904,11.201825,10.813309,10.386695,11.503784,11.270604,11.362946,5.318992,6.9868536,18.879622,26.023186,24.331085,19.379257,18.71666,18.35889,18.858225,16.578451,14.069119,18.00813,15.265068,13.484931,16.792843,13.028945,16.133205,16.862318,11.427877,19.47852,20.491978,12.202551,14.119811,15.293411,12.919898,11.781898,11.212246,11.149776,15.043751,15.582121,13.622221,14.060969,14.163538,13.8188925,12.325612,19.923904,26.309464,21.916374,17.251236,17.39444,16.189333,13.127598,4.703371,-2.741733,-1.8466337,0.709647,6.9197564,10.1110735,9.577297,8.435408,5.0325065,2.6162791,13.562684,16.671299,15.685138,14.764185,9.05937,9.540136,13.915636,14.813593,13.566153,12.023565,11.306442,9.4310875,5.990035,5.548356,8.801314,10.914782,9.895261,7.639428,19.823984,20.796856,15.606624,14.983497,13.065273,12.726445,13.3077,13.424773,13.767847,13.128995,12.36826,12.907749,12.962371,12.705322,12.508509,12.364918,12.032631,9.715962,11.572716,11.095423,10.521222,10.608896,10.581194,10.45411,9.911847,9.620493,9.620522,9.776572,9.651504,9.222893,9.474046,9.016004,9.007386,8.998821,17.204086,25.813232,24.10963,14.936499,13.55661,13.971968,13.484333,13.266293,13.030734,12.491247,11.904301,11.510714,11.048653,10.872321,10.379282,9.422816,7.592383,11.048516,13.134927,8.972601,8.193521,8.098442,7.4338846,7.218088,6.852124,6.9535437,7.004795,6.7520313,6.518161,6.939027,6.598902,6.0824738,6.2606764,6.7268944,18.72913,22.329552,19.065334,18.815285,18.52496,18.188274,17.58776,16.004744,14.495302,13.705364,13.372261,13.356981,12.895191,12.126971,11.623995,11.143862,10.135044,18.560373,20.545675,13.380118,7.6570826,5.229225,4.8741407,3.8825128,6.091948,7.4722533,6.8724055,8.121685,9.616066,8.424004,8.27077,9.785297,10.532798,23.605732,27.775614,22.307575,17.15903,17.44204,17.069418,16.957306,17.19847,17.26999,16.884983,16.557554,16.227657,15.88615,15.471798,14.849854,14.396024,13.7349205,13.033151,15.177092,14.169551,11.513232,10.399702,10.22065,9.909727,9.190821,8.908924,8.640633,8.584708,8.26684,8.016032,8.325293,8.477984,8.42106,8.32119,8.40514,19.584358,26.513763,23.187578,14.004201,13.6003,13.671648,13.461788,13.139021,12.7023735,12.322812,12.211126,12.1074505,11.971374,11.81748,11.540434,11.171275,10.752002,12.312002,13.732035,10.595374,9.426933,9.085239,9.619731,9.4155445,8.933662,9.064818,8.760361,8.570021,8.458021,8.076436,7.0773845,5.630947,5.36677,7.0969067,20.759392,23.895554,16.609804,9.520231,11.546393,11.398543,10.109521,9.521672,8.664039,8.606598,8.766474,8.627315,8.222133,7.624156,7.0836616,6.5734215,6.989172,10.512433,10.484797,5.74106,4.775019,4.237257,4.004418,3.7622771,2.9987397,2.8223414,2.8913903,2.4373026,1.1940929,1.4403273,1.6394651,2.6412592,2.9941802,4.32013,17.18396,23.037983,21.090061,19.715837,19.052181,18.554167,17.587458,17.13902,17.616617,17.912733,18.080004,17.731585,18.055899,17.650866,15.309247,13.911548,14.205804,14.136619,16.204489,16.356466,16.477716,15.721644,13.97069,13.146596,13.031631,12.329035,11.61996,10.565367,10.2920265,9.6731,9.184324,9.890574,7.024407,5.378066,11.24362,19.814478,18.959024,15.337223,14.234342,14.178673,13.690325,13.013708,12.850288,12.551107,12.257982,12.073637,11.491128,11.194873,10.841806,10.45101,9.64761,9.056872,6.240442,8.216145,8.592568,8.124032,7.9233437,7.98706,7.571976,8.007269,7.945719,8.628546,7.5191307,7.0592074,6.958554,6.617215,7.171221,6.2229576,5.48355,11.887837,22.393448,21.31196,16.651485,16.588034,15.813952,15.579795,15.433049,15.344029,15.1172905,14.626549,14.500832,14.114093,14.288134,13.926939,13.518958,13.457328,13.615362,15.896666,13.636561,12.865318,12.056879,11.577187,11.431107,10.872726,10.981723,10.680894,10.710089,9.947584,9.748718,9.862126,10.119386,11.020845,9.995359,8.115704,18.176792,21.387836,17.648458,16.296694,16.044964,15.573021,14.812884,14.407894,14.353929,14.208952,13.669992,13.5326805,12.868353,12.447771,12.096283,11.154021,11.853772,14.631596,12.980219,10.657749,9.907349,9.416159,9.12764,8.4691,8.545752,8.208749,8.21645,7.5742283,6.9581203,6.8203516,7.1561904,5.6622763,3.7721353,9.623787,22.211397,25.951994,19.868347,14.635902,15.738688,12.191606,10.272406,14.435774,11.3874,7.530017,11.745857,11.585896,11.432539,8.817371,4.083227,8.156758,18.381536,22.91024,18.482874,17.11808,13.88319,13.724251,10.963467,13.653394,13.507633,14.646746,12.295676,9.58377,11.910695,13.499132,10.693254,5.645362,11.401455,25.149202,25.944157,16.111238,6.456494,8.642656,9.057525,8.219698,7.4511743,7.781799,7.9502816,8.813873,9.645825,7.856144,7.224958,8.421346,9.868834,8.246139,8.364412,10.459871,9.148136,5.8612337,5.962773,5.7862806,5.4289293,4.3301373,4.7465467,4.336672,5.1125,4.101593,4.1832213,4.5612674,5.140324,3.9335947,4.0677004,4.6878986,13.688512,25.28856,23.890987,9.030268,-2.5470102,-5.9324064,-2.4046683,-2.6794057,-1.0992533,-1.1193047,-1.6965967,-1.7724924,-2.5838532,-2.604887,-3.6956108,-2.4659755,-1.2657715,10.751823,12.337356,5.3142266,-2.314584,-2.025693,0.5438383,1.217811,1.1965202,0.88419044,0.8230034,0.31477347,0.53020346,1.764931,1.8240923,2.8431835,3.9575338,0.8487582,13.085146,23.576988,22.168907,12.11097,9.056169,8.155387,5.896677,6.193314,5.645811,5.3776655,4.8587337,5.490426,5.8241386,5.1395326,6.1341815,5.989335,6.3862414,10.840081,11.616402,8.162009,5.6086783,5.6559105,5.317814,5.015871,5.7814665,4.8730946,4.673245,3.496722,3.5884717,3.3121297,1.0527651,3.389226,2.6595473,5.1619477,19.42687,25.14034,19.939526,12.252739,8.850469,10.163163,10.184554,7.9724264,6.7015038,5.8563213,5.012834,4.767702,4.6161103,4.6876726,4.369977,3.9558296,9.108999,19.154095,19.159819,16.306732,16.047073,15.569848,14.845951,15.51576,15.34872,15.586012,15.345401,14.114703,9.829258,6.160509,1.240416,0.5381609,2.3719673,22.82457,26.598984,20.33064,18.67566,18.398022,18.212925,18.170006,17.61956,17.827034,17.187542,17.207815,17.606142,16.73265,16.81707,16.130823,16.02829,16.15101,15.492464,16.907696,15.925761,14.531343,14.358679,13.33795,13.412761,13.109627,13.045669,12.918572,12.511503,11.986607,11.495181,11.134181,11.002905,11.2570915,10.76248,10.627323,19.12258,25.799717,21.72311,5.5671864,-2.1794486,-2.3380175,-1.8084317,-2.3547583,-2.5855155,-1.2541634,-1.7819703,-2.5602226,-1.9435297,-2.7711134,-3.4396544,-2.376499,0.5547181,5.2490196,9.044406,5.7658525,1.0917225,-1.7198238,0.4710759,-1.3786091,-3.9760394,-4.355735,-3.5941582,-2.6942797,-3.5410552,-4.49337,-0.362817,6.4866476,6.3259535,7.3370733,11.230268,15.161506,20.796144,19.78781,18.196178,17.724497,17.033318,17.385359,17.190197,16.981085,16.923908,16.482128,16.350422,16.123945,15.859486,15.767364,15.497036,15.324139,13.566676,14.899936,14.955475,14.637233,14.076887,13.462988,12.647468,11.712761,10.863019,10.241633,9.7335825,9.2248535,8.993471,10.260272,10.030437,10.385633,12.97514,22.739752,22.886608,12.239382,6.203725,8.165921,8.187543,8.775898,9.032849,9.473184,9.910779,13.100966,11.952304,9.651889,8.613632,6.513685,6.9184594,7.0801077,7.4782724,8.36423,2.2419548,1.9941807,2.7654405,2.1213481,0.43614137,6.2593226,10.499422,11.39884,7.1339083,4.522792,6.929325,4.818124,7.2983937,5.7324524,6.545806,17.018173,25.801256,23.082039,14.22312,15.032768,15.862336,16.641918,17.200312,17.270887,16.87815,17.019012,16.490082,17.94511,17.32444,17.540594,17.31621,18.268024,20.409115,20.27788,19.765463,18.690084,16.815039,13.554946,11.447479,13.589286,15.195594,14.096869,12.671052,10.378102,6.544346,8.952642,10.390531,11.223856,13.204895,14.377379,20.752804,22.054365,13.938526,10.024204,8.104148,8.004826,7.427786,6.0146313,3.8668523,4.0427094,6.0911913,5.3089914,6.2466044,6.2199264,7.6691303,7.7558136,7.644687,9.168696,10.097164,10.085487,10.272085,9.989887,10.806206,9.987429,9.471828,9.309326,8.988404,8.499638,8.998796,8.2113495,7.037788,5.718075,4.0661855,5.768147,17.379908,24.612772,21.786615,19.71329,19.821945,19.341854,19.26831,17.95381,16.942118,16.661385,16.482784,16.773388,16.738615,16.35989,16.117765,16.060894,15.946827,17.006199,16.803823,15.154487,14.297137,14.020668,13.902302,13.611703,13.495485,13.59941,13.546038,13.350227,13.212168,13.019655,11.944064,12.229033,12.180565,11.602707,17.016153,21.85326,18.84965,19.0258,20.234169,19.616215,18.627266,18.666733,18.375996,18.994896,18.912624,18.309057,18.36156,17.011425,16.229765,16.48584,19.76434,25.568178,23.266323,17.65409,16.001152,15.618021,15.292854,15.551509,15.664329,15.179371,13.637363,16.925394,15.546971,13.629598,14.227281,12.613129,8.61635,22.030266,26.762236,21.920683,15.56397,14.177379,13.902721,13.990152,14.465584,14.373275,13.006926,11.892895,11.953784,12.222082,12.302346,12.0066595,10.965422,10.561911,11.277731,7.015434,8.810845,10.047358,9.732058,8.996982,7.464154,6.5034056,6.4272666,7.048822,8.148842,8.644476,7.8025284,7.0438223,7.304407,8.109799,8.797335,12.1993685,17.337706,17.316357,17.787048,18.20916,18.866337,18.393179,18.004833,17.810577,17.622816,17.069061,16.509172,16.19231,15.916909,15.559487,15.191483,14.882717,14.963732,13.821047,12.510662,12.967266,12.178002,11.589709,10.826055,10.591486,10.4648695,10.086623,9.763735,9.925369,9.75682,9.276012,9.371906,9.161524,8.237159,10.958486,16.47332,21.20558,17.726646,15.940987,15.012901,14.880604,14.636697,14.291333,14.167488,13.770022,13.266797,12.643984,12.222401,11.908117,11.52129,11.127399,10.247417,8.080709,9.51759,8.933118,8.702576,8.243473,7.8466015,7.1735997,6.603195,6.4028187,6.3506794,6.028907,4.771941,4.329069,6.411152,5.826285,5.8412256,8.594929,23.546658,25.919704,20.248383,18.31011,18.260902,18.34198,18.404163,18.383833,17.668846,16.536575,15.933619,15.217191,14.842863,14.577042,14.065107,13.282805,11.426884,10.829257,11.232742,9.747107,8.836227,8.065285,7.4900575,6.1848354,3.8962233,3.04702,8.294606,12.995426,13.114172,9.656961,8.035467,8.822416,9.661293,12.522152,26.700409,28.9851,21.028633,14.505005,14.735631,14.3706875,13.434339,12.427315,11.088373,10.267662,9.846185,9.246344,9.097034,9.096102,8.801908,8.547682,8.748469,11.392297,11.319563,8.909528,7.885195,7.587738,6.926936,6.3718567,5.8727574,5.7734423,5.687225,5.471587,4.8994217,5.3301973,5.17158,4.332616,4.718714,4.567617,14.984015,26.065493,25.341814,19.583462,18.459913,18.103111,17.700954,17.492659,17.083813,16.870144,16.66896,16.453932,16.219189,16.045935,15.870656,15.54287,15.380846,15.114817,14.650625,15.806861,14.311562,14.319481,14.141784,13.898458,13.769794,13.467826,13.275583,13.114057,12.965597,12.784972,12.335082,12.169661,11.876321,7.487433,-1.6522846,16.02138,26.519022,25.446243,16.522266,15.695161,15.325502,15.199223,14.892687,14.348458,13.731466,13.282768,12.976656,11.633818
0.7058818,-2.217847,-3.8452027,-2.2318854,-0.09368538,0.5898603,1.1323113,-0.36209607,-2.1422505,-2.7459562,-2.3610206,-3.004332,-2.3331761,-2.0380197,5.2655344,18.835789,17.551424,2.086992,1.4387285,1.3055906,1.2375607,0.5278347,0.17124014,0.6431433,-1.3889625,-0.9238293,0.03948349,-0.64294946,-1.5319614,-1.4111781,1.3229567,12.266898,14.74666,7.8847303,-1.3475032,-1.2021687,-3.2683887,-4.270396,-4.797007,-3.457816,-4.2686887,-5.7791615,-6.3002367,-7.1957617,-8.120293,-7.967298,-5.9400177,3.45287,18.508041,21.537025,13.6169615,6.98176,3.6478715,4.439618,3.986361,3.606322,3.111764,2.77089,3.0741267,2.7563977,2.6077523,2.4584498,1.9836957,2.0286815,1.6513413,3.7209485,10.329098,11.305133,2.4286835,1.3263142,0.7377788,0.0618158,0.29361302,-0.283763,-0.16173632,-1.718893,-0.82802284,-1.8878287,-2.3512602,-2.3651786,-2.540997,-3.05935,-3.6858294,18.062962,20.929068,12.519282,3.2772098,1.1141658,1.1473023,0.8966606,2.0818648,6.161597,1.7861439,0.4012918,2.6184173,1.9819212,0.53945696,-0.6419954,-1.4545405,6.795099,14.700079,13.78695,11.065282,8.762821,7.0157404,8.602406,8.250949,8.235685,11.827629,14.524523,17.253057,18.055664,17.357567,16.32349,14.88008,12.530459,13.504829,16.169876,17.933449,17.508991,17.367247,15.0213585,12.519637,13.230376,14.590887,14.850769,15.430204,16.43819,16.764954,15.854844,14.179237,13.080601,11.789648,12.51677,11.718688,12.01581,14.47904,15.639986,15.189167,13.572739,12.798643,13.58499,13.911427,13.574056,13.074607,13.133093,12.149254,10.172315,4.2267833,0.6163084,-0.853889,11.036175,20.24075,16.587145,11.641608,13.298554,14.07192,13.414401,12.815931,12.346248,11.255809,9.360274,7.6745424,8.910371,10.249444,9.551071,8.783249,9.197301,11.929965,16.322542,13.151246,5.3193383,0.88105625,-0.4786929,0.24681541,-4.363484,-3.0337353,-4.4426966,0.513097,8.609267,13.019591,12.971982,12.45597,12.920409,13.261354,14.239981,18.13888,18.37188,15.361717,13.135267,12.047963,13.4813385,14.543143,14.26648,13.513898,11.091304,9.328652,12.959799,14.860515,16.534376,16.589117,16.308947,14.961537,11.922412,7.9899426,6.347142,10.663581,14.059774,15.253348,14.853524,14.151607,14.554913,15.281145,15.1657295,15.434431,16.407358,14.169307,7.6594524,0.07342876,1.1802499,10.898757,15.862547,12.067489,6.150132,2.618492,4.4004335,7.5647,9.587865,9.778458,10.629431,10.836696,9.764713,11.612901,11.463412,10.823163,11.285581,11.487101,16.360203,13.821479,7.8916354,3.2976327,1.5181352,1.1349264,0.07058179,0.6966815,2.0109847,5.2317715,4.867922,-0.5280114,4.497942,4.6660466,4.0036826,5.3722186,18.629362,22.76994,17.043722,14.857621,13.557299,13.540088,13.041153,12.833933,12.694234,12.672616,12.212713,12.048643,12.070313,11.846904,11.9920025,11.664494,11.677636,16.222122,17.939976,13.391293,11.510803,11.518192,10.549588,10.189277,9.926163,8.782006,7.75847,7.5311284,6.879591,6.0523634,5.9461575,5.2591033,4.610374,3.933144,8.949181,19.650602,18.644957,7.2339892,6.2183867,3.5209126,4.8872333,1.8785458,4.1170306,1.9607434,3.119658,0.216237,1.599077,0.17404032,0.53642386,-0.04713905,-0.44993013,5.1828475,11.544146,11.514958,2.7153263,-0.39114627,-2.2113879,-1.0921959,-2.5036917,-0.6543409,-3.0043576,-3.1743608,-3.6255636,-3.2736554,-4.1927414,-3.2655964,-3.4350708,-4.9277916,3.8906815,13.56291,19.197922,16.120716,13.000906,12.154079,12.6401415,11.982917,12.159085,11.809143,11.529173,11.557032,11.70248,11.740259,11.5229225,11.247883,10.77505,11.230503,15.132332,15.128881,8.96815,9.514986,9.375435,9.116008,9.555055,9.065035,8.491699,8.366207,8.38743,8.183655,8.305901,7.658372,7.237012,6.5983486,6.4911227,13.209608,15.834994,8.778051,6.253395,3.7973163,3.812637,4.3635364,2.7103763,2.0871236,1.4131342,1.8808573,0.23311026,1.45406,-0.6300304,0.94829977,-1.171792,4.8083344,19.47795,20.775383,13.029736,1.3870543,-3.367631,-0.76023483,-3.7922416,-1.8230958,-1.2464236,-1.7829225,-4.384628,0.22351506,-2.5635097,-5.433526,-3.6967015,2.7406201,22.837019,24.886772,16.52631,14.74142,14.566092,14.435629,13.688845,12.974368,13.1625805,12.903882,12.566333,12.270044,12.2754135,12.456644,12.509637,12.358264,12.258331,11.810284,14.239704,15.5175,12.893827,11.339907,10.682791,9.544021,9.25947,9.444868,9.144312,8.648497,8.573912,8.745968,9.506635,10.588242,11.287742,11.169752,11.152829,15.131441,20.445826,15.6322155,2.1540544,0.86370873,3.764699,0.40308177,1.7598749,-0.9354274,1.4651074,-0.85636294,-0.80554676,-0.7528732,-0.7579848,-1.4659226,0.5849243,-2.8535292,8.390769,11.69271,7.2402945,-1.4548577,0.6062431,2.9528456,2.503896,0.38753644,-4.6073475,-3.1067266,-6.0206037,-3.1576622,-4.5444255,-5.788887,-6.20236,-8.49761,-0.13088198,18.685917,21.256666,13.495255,11.9052925,12.60785,12.726089,11.821749,12.950113,13.570594,13.237495,12.842302,12.147645,11.363183,9.976529,8.1863575,8.009232,9.15615,11.937071,10.357208,0.7945656,2.2213514,2.458766,4.559339,5.6277204,4.790068,4.4782596,4.9098263,5.258685,5.2266,6.2783203,7.2413893,6.7545023,5.828442,5.4676466,15.157533,20.798733,15.277085,5.6029396,5.2192106,3.0641124,3.312645,1.3265954,3.090271,2.483471,2.554611,3.013949,2.0907722,3.2581136,1.4869912,2.119496,0.6155141,4.9332137,10.6617155,8.0275545,4.122221,2.80383,3.1816587,1.2065713,1.61604,-1.0563217,1.518964,-1.41188,-2.4210432,-0.976586,3.6143243,2.715001,5.181094,5.4342837,13.332391,19.334919,16.836626,14.454535,12.3513565,13.220347,12.4010315,11.929593,11.684035,11.56947,11.160582,11.055973,11.442457,11.916808,11.5150795,11.103718,11.104229,10.972715,12.462198,14.773136,12.762853,8.154719,7.8855014,7.3865266,8.169611,7.912588,7.7124577,8.024353,8.167388,4.819544,6.979608,7.953252,6.1156325,-0.6143785,-4.452771,10.581851,18.867815,16.224583,7.267933,5.213404,4.541808,2.6495788,3.2781613,2.389661,3.4466352,1.0362924,2.366446,4.0753155,3.2627087,2.0605302,2.82662,3.8897061,5.093913,12.814927,11.370276,4.9198284,1.1913191,1.1564528,-0.6642343,1.4469628,1.2032695,4.9363384,4.528496,-1.2814226,1.0057741,0.38385656,-0.45149606,2.478829,4.4710407,5.9267282,18.393127,21.540703,15.011852,13.272019,13.402414,12.680677,13.093533,12.645405,14.353247,14.908213,13.816467,14.387374,13.717675,14.222914,15.344935,14.155818,14.636732,17.079273,15.669871,12.879498,13.641373,13.708906,13.214212,13.556631,12.771833,10.955277,9.717621,8.076401,7.72815,9.758289,11.282532,9.884336,5.827327,10.26276,21.09676,21.635191,16.59947,14.950306,12.844231,9.273397,9.817806,12.235484,11.559601,5.1965528,8.395044,12.998068,13.165161,10.581761,7.0808372,7.699311,17.336193,20.955738,17.942999,15.742322,17.043873,17.685379,16.26085,17.801678,20.421469,21.106953,19.361252,15.868317,16.78465,18.907106,15.439091,8.981968,14.110013,23.015427,22.746382,16.126272,14.828992,14.42768,11.013424,9.741488,6.891108,6.344923,14.034329,15.1519,14.591986,11.564989,7.446158,14.091433,17.307232,16.699167,15.737881,15.489816,13.299743,9.810227,10.237351,12.49885,12.085914,9.765341,9.617415,11.207533,12.455539,11.387522,10.709017,11.388869,11.468028,11.771322,10.82217,8.455513,14.6804,23.504017,21.489218,13.475969,13.11262,12.794525,12.926351,13.096284,13.738165,13.245132,12.824502,12.416154,11.807045,11.871519,11.370402,10.978903,9.706224,11.765106,16.053617,13.961142,10.336386,9.334036,9.011358,8.061437,8.513636,7.4618053,6.3304787,6.9629602,3.4262705,3.2289553,5.805134,5.132125,5.802788,3.9600024,11.744174,16.21085,17.61243,18.728516,17.117125,16.955235,15.5285015,15.4984,14.784008,14.022666,13.660225,12.76183,13.339004,12.495352,12.980972,12.624733,13.134643,14.27435,13.6554575,12.81446,13.236647,12.896954,13.175698,13.200122,12.74949,12.652,12.495036,11.911764,12.035323,11.681777,11.332359,11.221948,9.48734,4.765654,16.481598,21.361216,17.689592,15.235473,15.826073,14.527665,14.313779,13.843557,13.769151,13.255636,13.312926,13.525568,13.597255,13.750691,13.063002,9.849142,8.738809,16.587488,17.131783,16.171055,12.462319,10.744428,12.293977,12.819223,11.959734,9.489753,9.674413,11.172181,12.124437,10.789666,8.228665,3.7737367,2.5377598,20.45597,23.832577,15.383668,7.801876,9.2692,7.512356,2.4492047,5.6491714,7.0043445,6.979199,4.8006177,9.143997,7.7829905,7.651477,7.5697956,8.011406,9.524675,5.7499056,9.558981,11.722473,9.419524,8.707219,8.396709,8.072569,6.450784,4.093615,6.371176,5.9430895,5.554116,2.153787,2.2458916,5.333146,6.3361444,4.73886,1.0372846,16.00322,21.276026,17.377197,12.163519,7.634602,5.163262,4.8851333,6.906362,7.0645704,7.319556,8.56077,7.891836,6.5678926,5.4854274,5.701611,7.7877293,9.660541,8.905626,12.06512,11.062401,7.572537,5.5934486,7.0012455,7.7547245,7.2289157,2.8841858,4.4599223,5.09165,2.5103238,0.57915175,2.2952356,3.031345,0.7640438,2.2972884,7.581444,15.134695,21.049902,16.545639,8.619754,12.469808,10.158235,8.144318,9.901365,9.566349,9.291063,7.811887,6.227524,6.2115345,6.2994103,5.5115247,4.984415,4.49815,9.067616,11.720957,8.365919,3.5933473,1.6865337,1.2224625,1.8826133,-0.051730644,0.004872629,-0.8427669,-2.0835843,-2.4931438,-4.4636106,-0.9224004,-2.593913,-3.3843365,5.6208844,20.201836,19.632557,6.677107,1.5873022,2.0812879,1.8856239,1.4425268,1.2140167,1.3714927,2.276178,8.371771,9.556327,8.867198,5.5702095,1.8979359,1.8979955,5.7722096,11.55722,11.456974,2.602798,0.33725238,1.4411558,-0.33415434,2.4097595,5.0370746,1.3000338,1.558965,2.1943953,1.4316905,0.54773706,-0.8909103,1.4069343,1.4815493,2.9780312,11.8751545,20.722883,17.84941,7.8125734,2.1953616,4.9751754,6.131618,6.884036,4.641687,3.9596438,5.374992,6.046626,6.733533,5.72654,5.273468,4.3729095,2.382437,9.376172,8.7479,7.8189287,4.299028,2.8954191,1.8413484,0.81116194,0.20223573,-0.47194418,-0.7090452,-0.43778747,-0.9753628,1.7339897,4.7342114,5.1573896,3.0884552,1.6787745,8.047184,19.537151,19.307129,12.195431,7.748971,6.777246,6.0785155,6.2252846,5.6332455,4.856203,5.244726,5.4042873,6.4210315,10.072579,12.101807,13.848882,15.670174,16.400192,17.293016,15.886174,15.390668,14.455238,9.724205,3.9786162,0.97559863,4.4119577,4.4308558,5.268816,2.5030756,4.0457454,2.6830232,2.8330073,1.8957783,3.9215543,9.490577,17.326748,22.334332,16.41366,5.697963,6.558608,8.490949,9.572607,8.78312,8.521645,9.437915,8.377908,8.757225,7.048962,7.3957367,8.004968,6.9883795,6.9415784,10.270241,11.165907,6.3739233,5.4866962,5.738408,4.9248643,5.280337,2.4996426,3.2595272,5.76061,4.590377,4.232403,5.815973,2.057812,2.0346384,2.6198819,8.649701,13.3179,17.693007,14.951486,7.251298,8.374121,10.954748,10.990585,14.671961,15.789628,15.360149,14.12334,13.786636,12.697639,12.474762,13.28719,12.7502575,17.689869,24.402634,20.934586,11.8684635,9.605128,9.406565,4.1046333,8.329985,6.4971166,7.424037,12.955123,17.583368,17.3445,15.639153,13.283651,11.439991,11.432904,17.602112,18.443409,16.909113,14.253,11.38896,14.140467,14.646791,12.50539,10.245963,12.448904,13.166609,12.121658,13.250314,15.7342825,16.08582,15.317991,15.448708,15.61297,11.69825,10.848124,12.667028,12.31344,11.029322,9.065416,8.824473,9.59256,9.735627,9.414161,8.60903,6.80279,4.8525643,5.9623184,6.838999,5.332488,15.330311,21.4679,16.713545,4.7673473,5.000737,5.201007,4.878836,5.294235,5.2947807,4.7982163,4.236461,2.9199443,3.0828948,3.4382863,2.6319776,2.2791333,0.6657848,5.1644754,12.029598,9.452558,3.7997866,-0.104017034,1.5580635,-1.5618855,-1.0874326,-2.6761863,-2.0703306,-2.0955713,-1.3420234,-1.6518772,-1.9334811,0.26307595,-3.5158122,0.019171739,3.5322366,17.946741,22.250973,15.601496,10.341871,11.746053,12.579718,13.113186,13.321436,13.591007,13.375332,12.838868,12.032726,11.32678,10.784153,10.317947,9.927348,10.711721,9.8747635,6.047784,8.571697,8.857103,8.884105,9.043299,8.163318,7.6960635,8.283711,8.369157,8.266688,7.510714,6.955183,7.422643,6.2718434,5.736867,7.2612667,17.209751,17.843216,10.147207,6.103349,4.6173697,6.0189695,4.3776245,6.799489,4.2301826,5.628707,3.5667205,4.1671834,3.914888,3.6984577,3.2668476,1.7021627,6.755353,10.978526,10.239053,3.7532215,1.6148486,-0.17122282,-0.19432932,-3.443688,-0.34349057,-2.8541646,-0.8594693,-3.1827047,-0.8396574,-3.1947508,-2.166383,-2.3892531,2.3393142,7.646177,23.485567,24.63736,15.138192,10.51708,11.155565,10.946759,11.004955,11.281538,11.74481,12.181677,12.177514,12.351413,12.464228,12.140497,11.733943,11.827731,11.568098,13.817048,16.020496,13.769146,11.273254,10.769614,10.120329,9.895679,9.520542,8.377483,7.406253,6.806126,5.6103125,4.4559813,3.2612312,2.42468,1.633049,2.761617,13.953252,21.622147,17.980278,5.493088,6.5228343,5.826445,3.891923,5.683689,3.5136204,6.119923,5.076235,5.923332,5.576909,3.9282413,5.702775,2.1790526,6.130667,3.6805508,7.476554,11.709303,8.390153,5.35629,1.757257,1.2657602,-1.0809734,0.4348193,-1.0869641,-0.8035707,-1.8320973,-1.6003516,-1.3249909,-0.7879876,0.4741085,3.717743,3.3179193,9.748412,20.87373,20.461283,15.486375,15.289072,14.9384985,14.705021,14.107016,13.202759,12.688625,12.278647,11.795751,11.40481
7.4220347,9.027401,9.75492,10.661919,12.456627,13.222752,13.325376,12.134361,10.620818,8.935194,8.568039,8.501059,9.072772,9.05871,13.040967,21.852139,21.517935,16.302444,16.095106,16.018097,15.793945,15.472344,15.1812315,14.972005,14.457073,14.417707,14.451007,14.0904,13.356237,12.792503,12.163958,16.99872,18.252817,13.804167,12.036519,12.392072,12.146926,10.982321,9.84859,9.70487,9.376298,8.644726,8.116977,7.7038794,7.0477448,7.0942636,7.385077,6.8875217,18.172958,19.409359,16.702522,17.830507,17.51899,17.366493,17.053478,16.573612,15.915319,15.552049,15.3685465,15.060359,14.794265,14.598078,14.518076,14.486038,14.4417715,13.631592,12.620362,14.4628725,14.223294,13.397957,12.842512,12.701685,12.520254,12.203266,11.560326,10.87841,10.913524,10.084525,9.385953,9.04158,8.897492,8.697225,8.227145,17.31609,21.036045,17.767328,16.683918,16.650734,16.540726,16.61076,17.024937,16.522907,12.866505,15.023455,17.967598,16.451797,14.855139,13.121384,12.261033,13.719754,16.607655,14.457946,13.172893,12.935415,12.64156,11.131729,10.651381,10.390328,10.644083,10.823608,11.034832,11.241983,11.38809,11.6056385,11.157617,7.0034523,6.765511,16.153753,19.921162,20.16513,17.642944,16.715315,16.101768,15.791445,15.701715,15.413746,15.080298,15.017681,14.497313,13.925703,13.14125,12.759449,12.234295,11.610032,8.3953495,11.207538,11.787033,10.847735,10.550238,10.018173,9.176429,9.945649,9.5579605,9.244853,8.980576,9.578665,10.289315,12.144319,6.2165203,6.445822,8.367279,14.598278,22.335335,20.529558,15.030068,14.05149,14.568721,13.874803,13.980016,13.929264,13.663444,12.944393,13.116703,13.843637,12.9471445,13.900823,12.635261,12.509947,13.716502,14.518399,11.104177,12.466039,12.154818,11.077904,11.342887,10.858103,10.523519,9.639293,9.63319,10.115537,10.8350525,9.858615,9.402817,9.7755575,9.752927,10.240925,13.620595,18.12743,18.03989,15.62833,15.695338,15.7958975,16.207644,15.826801,15.860647,13.975011,13.498707,14.584604,14.873833,16.287334,15.651914,15.737767,15.227591,16.196825,14.201192,12.441627,12.108988,11.793742,11.985579,11.256856,11.444559,11.361674,12.342718,11.501127,11.506607,12.732505,9.9347725,9.328342,5.3875284,-2.4890103,2.8162136,11.745905,16.715687,17.515635,16.670567,16.357082,16.151539,16.26637,15.80449,15.770999,15.770531,15.407109,15.069185,14.744888,14.464167,13.908762,12.835207,12.996361,15.177697,13.770449,12.253677,12.142339,12.0707,11.744108,10.99145,10.632672,10.353823,10.028128,9.292074,10.500474,9.474971,8.410062,7.7860756,15.066113,20.084688,16.270908,11.943434,12.267671,11.362818,11.417819,11.071753,11.202122,10.801412,10.562173,10.12126,10.165276,10.053091,10.11771,9.89722,9.87517,15.665093,16.06304,11.0208435,9.522586,9.185637,8.559251,7.82069,8.039892,7.3432283,6.06168,5.7763186,5.0323963,4.5650144,3.7761526,3.7378168,2.7468536,2.2882066,8.980501,20.52675,20.764412,16.112715,16.432333,15.479052,15.832788,15.0455265,15.45006,14.632427,14.881699,14.091654,13.681985,13.366007,13.286968,13.029743,12.558189,12.428817,10.0103245,11.296202,10.781808,10.808493,10.4174595,10.838345,10.035076,10.405983,10.186169,9.783369,9.710415,9.021027,8.724481,8.158593,8.632027,7.734137,5.5979447,5.812189,15.747022,15.585357,11.178695,10.604532,10.464893,10.310864,10.378619,10.053253,9.689339,9.716546,9.882096,9.802023,9.675052,9.455429,9.279702,9.366041,12.554031,12.634787,8.466923,8.195704,7.70958,7.877583,7.5576935,7.1860065,6.934369,6.665348,6.6774745,6.3304524,6.2832355,6.150097,5.3450303,4.8311834,4.2325377,6.4679885,10.029769,13.747167,16.014084,15.886686,15.393248,15.17722,14.77872,14.536341,14.167053,13.953665,13.466649,13.537329,13.119067,13.046373,12.516117,13.245988,17.598276,17.845284,17.136038,11.015653,6.349664,8.10549,9.041292,9.195819,9.038379,9.816973,9.48993,9.026847,8.417946,8.054857,7.934931,7.878728,19.739853,22.260239,16.210873,13.27382,13.113853,12.51164,12.400877,11.52961,11.820658,10.917038,10.417075,10.282103,10.000478,10.657716,10.8204365,10.699849,10.73691,11.669689,12.493902,11.9557905,11.343347,10.077714,9.097669,7.943408,7.3710294,7.213557,7.3309894,6.775466,6.5984354,6.490425,7.7399483,8.8345175,9.209117,9.536702,9.513912,17.71866,20.780031,16.296171,14.611917,13.20269,13.194251,12.155057,12.9564,12.741523,12.847315,12.963525,13.198923,12.94483,11.165865,9.383894,9.739855,9.740933,14.654847,14.083047,10.690905,8.487207,10.833701,11.853486,8.64936,9.927636,6.9781737,6.541828,6.1542773,5.588736,3.7152016,5.544314,6.2722497,5.0305123,4.6231165,16.72919,18.308804,11.132511,11.242379,12.177562,11.682625,10.904082,11.671125,12.899202,12.5794325,12.84109,12.690155,12.749118,11.996593,10.661762,10.293088,10.082001,10.824027,11.656423,1.3655735,1.4045529,2.055352,6.9706497,9.97723,9.346865,7.0787697,6.8754396,5.7966375,3.8296313,5.958391,6.2904887,6.19416,6.7433195,4.678291,15.045591,21.752716,19.503088,16.3018,15.551525,15.551922,15.698647,15.245331,14.43728,13.845966,14.245038,14.605497,13.189817,13.215113,12.805344,13.133106,12.403302,11.547198,10.801698,11.011873,11.787199,11.751651,10.387559,10.161341,10.540251,9.82209,10.482808,7.71949,10.030661,14.883923,16.245632,14.569273,12.7389765,11.792995,9.231878,15.597405,16.661547,15.185881,11.944365,12.885048,11.554573,12.701929,13.165273,12.255406,11.288187,10.019116,10.594803,10.962217,9.758479,9.889115,9.095848,10.51529,14.270162,12.772133,11.63998,7.5762863,7.3324842,7.1451225,8.876194,7.3764877,7.3699164,8.19224,7.4192905,4.5725827,5.900818,6.6637125,5.771702,5.356597,2.5088837,6.672557,13.587812,15.597343,17.142286,17.107746,17.13,16.241743,16.161434,16.10851,16.131702,15.785263,16.304146,15.739846,14.109006,13.604521,14.274946,15.505732,14.50191,10.960065,11.370205,10.692055,13.656067,14.076611,9.556252,12.965078,11.235512,11.453087,11.201049,9.126589,10.106649,9.177668,11.87578,10.408054,9.129913,11.392923,18.302135,18.696566,11.358799,11.74509,10.944141,11.046713,11.50241,11.615621,12.62711,13.420959,13.519782,13.509168,13.164039,13.65754,13.211679,12.793299,13.015417,14.483603,13.769094,13.840236,12.9982395,12.778744,13.185812,13.864537,13.750571,12.662028,11.738718,12.497787,13.238768,13.707475,14.686842,15.39095,13.359037,12.85165,16.994665,21.061707,18.010876,16.135044,12.854539,13.714046,16.61776,15.124554,11.0710125,13.702378,14.785819,14.786276,12.391066,9.239896,7.7372913,8.3005495,13.325343,15.675453,13.45971,11.634503,9.621553,11.436611,11.069666,11.580628,12.936926,13.227817,12.877558,11.705603,11.2182045,11.277538,8.868446,6.19677,11.908984,22.78724,22.793064,15.462524,12.424318,10.747809,4.999691,5.4585695,5.087221,4.853111,13.165754,15.4435005,13.448479,8.052655,6.852527,11.131245,13.826337,14.629137,12.885597,13.48502,13.048676,8.702866,7.4849873,10.513772,11.038476,8.573621,8.404588,9.899781,10.21685,9.86554,9.365663,9.284117,9.862791,9.363626,8.557545,7.1652055,12.223014,18.935774,15.616183,13.12812,12.110616,11.533786,11.34503,12.098391,12.602234,11.653706,11.472205,10.722365,10.358372,10.148993,10.23768,9.275039,9.294331,12.926718,11.7574415,10.6444845,8.884561,8.19711,6.503522,6.4312367,6.8125925,4.981231,4.636743,3.9416614,1.1931202,1.8204794,1.635822,1.9675816,2.4430678,1.1844263,6.4949803,14.875616,17.124079,16.568161,15.559736,14.947163,14.019369,13.501691,13.068924,12.079107,11.513167,11.163701,10.777526,10.819696,10.79773,10.7694435,11.512369,13.624809,15.26967,10.726217,11.210829,11.051084,11.37044,11.226919,11.027916,10.938915,10.645353,10.081979,10.468331,9.720126,10.016859,9.515013,8.630178,7.9992046,15.223918,16.903528,13.29233,13.551583,13.766634,12.81612,12.225286,12.073231,11.735152,11.593033,11.477771,11.858923,12.075226,12.053476,11.8731985,10.239918,13.181196,19.881435,20.29947,19.562494,17.524616,16.588774,16.943739,17.174534,16.405638,15.304799,14.916943,15.827918,14.377208,10.102338,6.3512974,0.6063967,3.3333037,18.836803,19.244688,13.782872,14.164198,15.667006,16.037066,15.370697,17.814867,19.068277,18.942429,17.80949,18.66849,17.934431,17.722975,18.213022,18.165962,18.7011,18.461367,19.298483,18.325623,17.775042,18.119358,17.849365,18.309359,18.890537,19.840965,20.438978,18.789011,14.92462,10.119207,15.269337,14.338728,10.317417,8.747681,9.385679,9.345408,13.110709,17.672012,17.817585,15.8477,15.125175,15.362292,16.31189,16.604439,16.105078,15.543797,14.473145,15.563875,15.694127,15.834298,14.721857,13.690426,15.0922575,17.768686,15.454088,13.738475,13.100425,13.402063,12.7725525,14.53336,10.07148,12.579805,11.675381,10.901272,14.523775,15.242699,13.915499,13.291169,13.219746,11.947474,18.810654,22.580406,17.844343,14.511267,15.58231,13.438863,15.0870285,17.541573,17.685219,16.624207,15.225641,14.110304,13.711356,14.161626,15.601731,15.598164,13.878326,14.028109,13.55194,13.88378,12.868965,11.994201,12.859387,12.892887,11.799704,10.863478,11.064903,10.964637,10.282993,9.475319,8.996454,7.7105474,7.4874187,8.627175,19.602974,22.090303,18.797707,16.603586,16.335579,16.238913,15.969305,15.7684555,15.977054,16.300222,16.340849,15.918551,16.121479,15.80765,15.69374,16.061623,15.39515,11.711784,13.359309,13.912517,13.512543,13.572517,13.037195,13.293581,13.903957,12.770224,12.126989,11.825671,11.312744,10.6022215,9.915029,9.427196,9.235275,4.9505396,7.637031,16.768806,20.293406,20.221394,18.641129,18.409023,18.569696,18.621302,17.13105,18.174284,18.144918,17.076159,16.79343,16.633492,16.044193,14.9371195,15.308513,17.538198,15.965805,15.252048,14.493485,13.908443,13.528308,13.294272,12.478575,11.533185,11.729623,13.34763,12.864828,10.566698,9.507121,10.697735,10.986933,8.776554,7.6173153,15.375969,17.701374,18.04478,16.861809,16.933945,16.692652,16.395042,16.06416,15.725462,15.903124,16.116894,16.34931,16.412489,15.69696,15.203671,16.318914,15.330212,14.013339,14.786194,15.3488655,15.748696,14.828627,13.792669,13.114143,13.711544,13.157315,14.113784,14.220621,12.6816,12.552391,12.245348,11.455163,11.870318,10.296785,15.853165,21.664852,18.920805,18.603348,20.546236,20.786037,20.39932,20.172632,17.859476,18.108795,19.607735,18.59737,16.997778,16.957115,16.850508,18.457626,17.5009,13.123235,13.707579,16.036757,15.872534,15.177783,14.319099,14.15037,13.4741745,15.557003,16.857006,11.412161,13.047896,16.426014,13.735483,13.493768,11.417699,13.685779,15.006044,16.100903,20.108166,21.89208,22.170698,21.998758,19.473,19.95731,20.673553,21.071026,19.819885,19.781834,19.155981,17.992067,18.372423,16.850525,17.978779,22.154144,19.518044,17.13792,16.970728,17.551456,16.229681,16.55581,14.5492115,13.264109,13.022732,13.7986145,14.227837,15.465393,15.46349,11.998263,12.103271,13.597846,16.58974,13.8229885,10.583477,5.2793508,9.9072275,12.597646,11.25854,7.7497263,10.939554,12.432812,11.806705,12.470912,12.807541,13.545857,13.348833,13.638746,13.497381,13.425549,8.49666,9.812466,9.914335,9.39334,7.5612745,7.8293037,7.6691823,8.020859,7.403695,7.4896483,6.461351,3.809769,3.9129882,5.243742,5.0661116,15.345145,21.99172,19.754128,17.646992,17.497501,17.48472,17.246296,17.14618,16.559086,16.15485,15.960475,15.776697,15.636509,15.228275,14.667024,14.586402,13.981907,13.584211,15.064683,12.877899,13.311998,11.954909,12.043771,11.095684,11.594217,11.149373,11.240916,11.264442,11.428475,10.5341625,10.577435,9.603849,9.070179,8.910328,8.462087,16.28593,19.610432,12.946161,9.057724,10.719498,11.527543,11.907501,12.11356,12.423984,11.97795,11.350405,10.489834,9.660017,9.1923,8.975219,8.502568,8.500011,10.452696,6.0019665,6.212458,7.120886,7.031693,6.8318963,6.232434,6.370222,7.0036597,7.211228,6.6664767,6.055359,5.317127,5.3067493,4.7075934,4.4064803,3.924449,8.147894,13.173138,17.070448,17.494553,16.518135,16.656456,15.984165,16.458658,15.554569,15.967879,15.335294,15.581066,15.017928,14.565324,14.743898,14.138096,14.948987,14.414659,14.170788,12.698622,12.790285,11.822251,11.855048,10.57313,11.064195,10.051949,10.786513,10.583943,10.245739,9.844341,9.656034,9.18653,8.2333355,7.4459724,19.63516,19.304525,11.208326,9.37282,9.160423,9.330546,9.500631,9.982718,10.117068,10.444919,10.270957,10.478123,10.450106,10.2121935,9.849699,9.849883,9.753454,11.473177,12.7091255,12.275615,10.223565,9.160925,9.029294,8.546684,7.9842434,6.9736214,6.2199597,5.6024113,4.3835564,2.1443412,2.3404067,0.62337476,-0.651592,0.41413122,12.150608,19.405993,17.860527,17.548904,18.110016,18.033348,17.590542,18.20047,17.244463,17.51672,16.755062,16.864374,16.551159,15.954763,16.194399,14.323933,15.605689,14.956912,12.742643,11.375259,13.433794,12.961049,11.974782,12.992527,11.828045,12.023954,11.659088,11.576296,11.419835,11.082752,11.439201,10.628305,9.757821,8.0614395,5.8262606,12.835059,17.129562,15.017692,14.213976,13.553984,13.17016,13.001249,12.792262,12.224431,11.611116,11.098975,10.343437,9.006291
5.1327825,5.53328,5.7673035,4.895161,6.956158,7.2242403,7.663986,6.093886,5.298862,3.9787889,3.7491286,3.330449,4.030727,2.942507,7.3877645,17.710787,18.02489,11.306524,11.065993,10.8367405,10.555783,10.476762,10.096579,9.718113,9.301965,9.398126,9.05975,8.971656,8.196276,7.330017,5.696144,15.07455,17.633053,9.884785,6.228875,6.8823614,7.2453456,5.829212,4.0352817,4.2628016,4.2574368,3.5444355,2.7295282,2.4058323,1.7235988,1.6938744,2.8265214,4.5176954,11.498177,16.599815,14.162284,12.948063,12.40851,12.311764,11.733827,11.34368,10.711252,10.412379,10.133914,9.692504,9.345345,9.150111,9.252126,9.346041,9.302654,10.101552,10.314394,9.753174,9.485039,7.7474027,7.5593576,7.5936437,7.2840858,6.804332,5.974856,5.471995,5.793183,4.7441206,3.5412407,3.3183408,3.1952658,3.253292,2.1542034,13.069221,18.454512,14.181613,12.148331,11.575875,11.39497,11.50672,11.939398,11.323181,7.800438,12.617798,17.283438,15.411814,13.5331335,8.486594,8.49113,10.022569,13.595289,10.166482,7.350542,8.183389,7.9907184,6.470199,5.390689,4.780063,5.9010363,5.561694,4.8857393,3.9746904,4.170851,5.3449225,6.096863,3.5985959,4.45212,14.397896,17.043457,12.779928,11.898423,11.110539,10.693157,10.284635,10.064739,9.60781,9.267392,8.487325,7.8855276,7.808429,7.8183036,7.376994,6.871262,6.4347544,10.494368,11.5012455,5.3759537,2.887979,3.818901,3.6939273,3.6310835,2.315822,2.8126326,2.3395553,2.2460766,1.8835113,1.9465238,2.056985,0.3492768,-0.41481864,3.5223098,11.470351,19.000612,15.937794,9.637419,8.630392,8.59421,8.638668,8.466975,8.050498,7.9008536,7.5534334,7.425082,7.365723,7.0676374,7.622988,7.2150655,7.363435,12.831445,13.96368,7.6802254,7.256653,6.41457,5.782009,5.356314,5.6980762,5.4418964,4.3287644,4.479267,4.2598515,4.3242364,4.0534315,3.378847,3.0104232,2.566586,3.7466574,13.7269,14.106939,9.771934,9.549798,9.112076,8.99641,8.877553,8.838022,8.809911,8.341211,7.8359423,7.732998,8.103896,8.078285,7.6719403,7.161771,7.131134,13.374575,11.361473,7.0981812,6.096229,5.5009794,5.057233,4.7890873,4.471902,4.281727,4.1810994,3.6174846,2.9169722,2.6711764,2.8660288,7.0421753,5.851062,-0.80819196,1.5098445,3.7476583,10.377125,11.543975,11.377182,11.104397,10.781338,10.968956,10.636286,10.493165,10.460089,10.255976,9.33806,9.20495,9.1742525,8.619779,7.4582767,11.996397,11.982633,9.409063,6.7897754,7.5765553,7.248506,6.93965,6.6414604,5.678224,5.441679,5.1361136,5.1952214,5.095558,4.088209,3.6402204,3.6415176,12.471757,16.185581,12.741783,12.029471,12.878101,12.456333,11.679571,11.019591,10.337262,9.040872,7.718392,6.3554764,5.517398,5.4867754,5.441471,6.941332,7.984194,15.27627,15.787214,8.210539,6.1976404,5.989637,6.497405,6.8073916,6.1837416,4.9994583,4.571878,4.6537375,3.934027,3.1017349,2.9479048,2.374153,2.09788,1.956947,5.2617936,16.660007,16.909409,11.790122,11.031593,10.243183,10.024804,10.036991,9.716237,9.451904,9.401379,9.256211,8.148281,8.453227,7.758518,7.8697243,7.0174494,7.778068,11.344652,10.946064,5.640917,5.055929,5.177624,5.4197,5.3317018,4.8584476,5.1178484,4.21456,5.356738,3.4772658,3.812849,3.0003276,3.958506,2.447329,4.936999,8.684796,15.376519,13.274561,9.684414,9.566244,8.858063,8.575995,8.044749,7.57654,7.081539,6.579643,6.440694,6.3033924,5.9768586,5.743838,6.387305,7.3677883,11.617116,11.80703,5.254669,2.6712763,3.0518699,3.3830178,2.5269065,2.2488484,2.5703607,2.2578297,2.2677102,2.1275206,1.7465144,2.1235797,2.0533466,1.8009943,1.8097713,8.607424,14.160577,12.310917,9.820705,10.7913265,10.018768,9.600936,9.19091,9.0319,8.517369,8.29374,8.196442,7.8100295,7.7355027,7.2304993,7.402715,10.89343,15.498233,16.183622,17.017376,18.825886,13.781161,6.2151055,9.20608,7.1695156,5.8618507,6.0032754,5.4904823,2.9148908,4.6497173,4.659404,3.8540366,4.618108,16.740906,19.391834,14.583057,14.830872,15.120183,12.789074,13.508968,14.61182,12.584518,8.703469,5.6032705,4.823477,6.4587336,6.922144,7.8625593,9.476746,9.546252,9.195578,9.684682,9.4970455,9.869483,10.640358,10.153692,8.367514,6.877091,5.603897,4.722018,1.7918727,-4.612763,-5.5050974,-6.882678,-6.8710785,-6.8192225,-6.648417,-2.1890206,11.841507,16.586662,12.345028,10.936433,8.137854,6.6640863,6.770588,8.608047,11.447925,12.532124,13.533258,14.043435,13.402886,12.810806,11.42243,11.503835,11.455412,14.077598,15.072472,9.170334,10.429486,11.374993,10.059671,6.273687,9.579314,11.087171,10.935111,10.832188,9.668015,10.082022,10.186454,8.768024,8.019857,8.555416,13.86622,16.415932,10.832901,9.355395,9.26721,9.651516,13.817863,16.065556,18.206066,19.315304,19.52531,19.627378,20.232475,20.236618,19.279158,18.288782,17.850876,19.739525,19.010216,13.717531,11.909541,10.8985815,10.808441,9.7905655,6.763422,3.4914846,8.764541,9.198712,3.9982555,6.140753,8.814569,9.695726,10.031902,7.214752,13.311315,17.902536,13.508791,11.527742,9.7216015,10.829453,10.158638,10.804196,8.629204,8.389634,9.492718,10.799178,9.494673,10.3577,8.817575,8.346943,8.53153,11.464915,11.1777315,9.437829,6.9798203,7.3599796,4.8057704,5.9335814,4.0615816,6.6823773,5.4099665,7.662621,13.167882,15.581398,12.550526,10.4434185,6.733223,6.36158,8.747735,16.098192,18.643738,18.598787,18.56744,18.315538,17.69819,16.13653,14.398415,11.759943,12.804099,13.565873,13.455107,11.100027,6.5110445,3.5776834,-2.0175025,9.667656,17.437708,16.303577,12.375178,11.204231,10.005084,10.484963,9.913565,5.295401,0.4123071,9.01292,11.279115,9.145124,6.5176034,9.162127,10.585073,11.470434,10.206447,10.794615,17.674768,16.998245,13.335745,12.737259,12.171263,10.718525,10.776009,10.536598,10.816279,11.122515,12.213701,9.94625,8.546836,9.158976,8.002788,10.529375,15.691861,17.542524,15.861083,11.2377205,11.715188,12.69285,12.83176,15.631532,12.246153,8.699862,10.34514,7.9734664,11.421518,11.362459,13.192328,13.229884,11.470636,11.765629,17.791332,17.323666,10.68354,11.499091,4.7616343,1.6591222,5.0135813,4.7465534,12.498348,16.27368,16.222511,16.034958,16.534653,14.892866,12.240654,11.74583,13.358639,15.393882,16.6013,18.538797,18.009445,16.487251,14.976169,16.493889,17.184614,16.73785,17.059685,17.829285,18.940578,19.662245,20.395195,20.651876,19.274033,17.02227,18.496346,19.619236,15.217039,14.529824,8.202255,10.7217045,15.869746,14.725683,11.121555,12.450652,11.146954,10.596608,5.21823,4.0888567,4.540616,2.867721,15.783627,19.524734,15.697452,12.846914,11.587854,10.467478,8.945328,10.001944,11.515377,10.554998,8.796804,9.685728,7.9382367,7.3615522,9.223392,6.8688574,6.899836,18.419403,17.468275,13.792497,12.3328285,12.659721,12.557057,11.907097,12.11273,12.060046,11.210789,9.859617,9.662143,9.882435,8.835801,8.206163,8.260109,8.569618,8.471564,12.738363,11.453028,6.2138424,4.87939,5.5626183,6.8254023,8.028673,9.069389,10.125646,11.005333,11.1627655,11.862041,12.467598,12.212563,12.3063,12.234453,12.189764,11.943283,14.975668,12.536956,-0.48097527,-5.7505774,-6.6151023,-6.9446135,-4.3989496,-4.0662785,-4.410236,-4.600527,-3.8219872,-3.7585995,-4.5314913,-5.2562227,-5.334633,2.6140494,13.950426,13.313015,1.9849231,-0.47350365,-3.5448039,-4.0963583,-5.2139688,-6.043872,-7.914357,-4.9467874,-5.228204,-2.8601835,-2.552538,-3.2253983,-2.339613,0.5537056,2.881937,11.179977,20.518587,20.240253,17.051107,16.418644,16.208473,15.844811,15.449194,15.2273445,14.739843,14.097471,13.44075,12.756858,11.629448,10.300428,9.410472,9.283842,14.107027,16.682951,10.895359,10.899148,11.816389,12.147734,12.423967,13.161845,13.024298,12.830987,13.210064,13.129229,12.579918,12.326658,12.030304,10.789212,6.9926996,14.501529,18.546228,16.871277,17.008934,17.024391,16.572153,15.867647,15.169615,14.70595,14.161676,13.696508,13.573599,13.269807,12.908029,12.230802,10.596567,10.597002,14.933076,13.936902,10.865422,11.697021,11.969639,9.872906,10.569682,11.088057,9.337256,10.773352,11.741264,12.308819,9.02814,-2.344871,-8.056764,3.028799,17.805428,18.978308,10.038458,7.664066,9.6233835,11.256916,11.641922,12.457005,13.806883,13.581942,12.637954,12.325132,12.603129,12.642588,12.832623,12.801292,13.130016,12.974869,15.629637,13.673737,11.576115,12.597506,12.41655,12.864865,14.1092005,16.148129,16.87914,15.258371,11.822591,10.513386,16.88469,16.60617,15.010469,14.960997,15.100411,15.644951,20.92562,20.610386,16.59967,15.846952,12.176247,11.18903,12.800508,13.542225,12.609366,12.215055,13.080983,13.447407,13.639669,12.890001,10.799019,8.964199,11.811106,13.49164,11.984461,14.541182,15.601331,16.15375,13.853773,15.659735,14.014503,15.255516,13.151493,8.810774,11.122965,11.048702,8.301025,8.021999,7.957796,10.185367,13.225264,17.5787,15.139266,9.48241,10.08193,7.972843,10.619689,12.728392,13.322836,10.663018,9.796574,9.273642,9.457661,7.742737,11.419565,11.403185,9.546771,11.833524,10.465992,9.275828,7.851395,6.252127,8.048376,7.3193784,6.6998444,4.5122013,6.3509665,6.2575684,5.0063186,3.7969198,3.9960551,1.7624013,2.2114668,6.582118,14.673149,14.630318,12.810438,11.168827,10.776888,10.939653,10.668098,10.194869,10.592035,11.177191,10.866208,10.483181,10.911013,10.468541,10.542002,11.060179,10.681287,11.052097,12.05256,9.404331,8.021295,8.124827,7.644924,7.9165463,8.008946,8.074566,7.9179425,7.603348,7.6868176,7.662215,8.212429,8.181799,8.966242,5.8098073,8.226031,12.45911,15.729246,15.350988,14.176721,13.197112,12.8982315,13.043823,11.352932,14.848074,15.001631,13.135174,13.094151,13.322768,11.78071,9.257309,10.339468,15.210586,12.304746,9.292305,8.566655,9.188535,8.356357,8.787181,7.279319,5.653028,5.9207563,9.301752,9.667669,6.6322846,7.0881166,7.839971,8.315941,2.8202295,4.9390345,12.765065,12.857699,12.630254,10.836218,12.239704,11.498237,11.311352,10.721841,10.948746,11.61467,11.677225,10.900098,11.832036,10.56374,9.617331,10.070443,10.440361,11.556028,11.3037,9.392466,9.424807,9.204825,8.250236,7.863579,8.297848,7.87308,7.5598664,9.276401,8.977546,7.4047475,6.277997,6.1130877,6.320982,5.1360135,9.625415,16.91292,13.871522,15.170497,17.18316,16.955616,16.203846,16.08135,13.716287,15.099787,17.694405,16.178068,15.446888,16.14133,13.863243,17.646658,16.448921,13.329393,15.017523,13.540577,11.337191,10.562128,13.171177,15.475453,15.381763,15.58938,17.460735,13.842073,12.0090065,16.216703,15.737716,17.162933,18.057829,16.664618,14.344359,14.155872,16.77526,17.105906,18.457531,16.94459,13.633584,13.937622,14.582933,15.264706,13.735217,13.156221,12.873889,13.197422,12.109661,12.1275215,14.865979,17.162548,13.944489,12.495805,10.800993,11.250953,11.649264,11.009623,10.348798,8.551002,7.9963307,9.306462,8.859064,7.8365726,8.437456,6.5862947,3.0847077,16.856836,19.212753,12.19408,10.602985,10.917261,11.524287,12.943009,11.436041,10.993885,11.050652,10.991428,11.626995,11.250123,12.118412,11.159392,9.674549,9.22567,15.393463,14.551643,3.8514435,3.5151033,5.700288,7.4592695,6.4386325,6.311381,6.1006,4.6884875,5.015133,4.3351364,3.6293812,6.136842,7.723989,8.73514,7.7796555,9.425714,18.034737,18.308811,14.010869,12.146325,12.071343,12.037021,12.02614,11.068011,10.778248,10.482298,10.641529,10.571412,9.93881,9.801446,9.727615,10.309459,13.336451,16.33352,11.800623,10.642981,7.858288,7.479484,6.221815,6.9544096,6.1522684,6.353569,5.494404,7.5814896,6.071854,8.303563,6.5636263,7.7259064,4.018734,6.953476,9.054661,10.053101,9.586165,10.858776,12.445727,12.856307,12.8786,12.665968,12.17388,11.103954,9.214516,6.8929987,6.496403,7.7050457,8.793938,9.498691,13.508893,16.45537,12.111759,6.0322704,3.6872692,2.0589378,0.8279052,0.36065295,1.317888,3.4821844,6.3601737,7.6381006,6.653767,6.001243,3.3080304,-0.22835544,1.0012804,2.9595637,11.082209,13.394602,11.686794,12.576647,11.230167,11.287537,10.697551,10.871109,10.992417,10.287036,10.543504,10.642298,10.499975,9.492024,9.366427,8.5752125,10.056906,12.258376,10.107407,8.984943,9.481667,7.5776634,8.157064,6.156883,6.88855,4.887838,7.590265,9.209141,8.50816,8.764036,5.9754667,6.399245,8.7216835,8.550509,14.602756,14.463161,11.801474,10.0995865,8.322373,10.092899,10.065335,9.872216,9.778059,7.8298473,5.8301735,3.9977968,-0.100710474,-3.7698352,0.6088989,1.1783874,3.248611,1.5107489,3.6911173,7.336816,7.1187954,7.267382,7.8522973,8.53012,9.154745,8.334676,8.321292,8.137062,6.655239,2.7858617,3.1984103,3.516939,1.53089,-0.28609648,8.215944,17.56953,16.280394,14.2618065,12.511863,12.887823,12.338119,13.248397,12.925764,13.55991,13.744371,14.705914,13.503859,14.527632,14.960422,15.082988,15.15698,13.760854,16.481066,13.867762,10.564613,8.793461,8.391763,8.415096,11.1100235,14.534869,13.212942,8.6694145,11.962292,14.8028755,14.572233,10.806237,11.968233,13.054613,13.28218,13.503511,11.129275,14.416451,13.915522,10.316825,12.876787,15.504875,15.958668,16.588646,17.03195,15.540314,13.437934,12.669316
5.3323054,7.6700497,8.180349,7.0046673,6.1719656,6.0182023,5.4156294,5.3064065,4.902583,4.0242414,4.626206,4.886505,4.1543646,4.252122,5.4633994,10.795271,8.702789,-3.197504,-5.4600806,-6.568715,-4.4474607,-0.7522677,0.51601946,1.1819566,1.4173074,2.5169644,1.4520692,0.7152918,-1.1549113,-5.781927,-5.4652367,10.045047,15.2708235,10.902273,10.034512,11.635704,11.967075,11.792121,11.585337,10.992651,10.465049,9.780571,8.957222,7.722342,5.811853,4.2508097,3.4470463,7.099032,12.097038,14.304028,15.372204,12.374002,11.337609,10.739699,9.330255,8.844886,8.221103,7.9907823,8.999784,9.028182,9.308572,9.781801,9.433117,9.223177,8.7382145,6.115011,8.917394,7.5187182,-1.6223501,-3.6794589,-3.2345095,-4.0832524,-6.802787,-7.588216,-7.198563,-2.7786503,2.242371,4.594411,5.598306,6.546269,7.524666,8.993458,10.562847,11.741415,14.805903,9.712932,5.077446,5.315142,4.515443,4.060635,3.9515426,6.1149206,4.6680017,3.8860533,8.230627,13.335303,14.839279,15.983377,16.994905,12.738904,12.792148,11.381338,7.827118,5.5376663,6.956853,3.2812705,-4.1946735,-1.3587118,-1.2680383,-1.1602427,-4.1793876,1.0428663,3.6805577,6.098006,4.502298,4.989093,5.5688944,8.168046,10.31493,11.760039,10.4092865,9.267593,11.22981,12.140749,11.984043,12.616812,12.591158,12.781595,12.928316,12.886845,12.651801,12.511067,11.822321,10.786267,9.6941595,10.109845,5.615396,6.20817,7.0371633,7.4745317,7.977949,9.058319,10.069238,10.942238,11.152193,11.336103,10.781451,10.1813135,10.390841,9.520491,8.3676195,7.383195,10.771235,9.180448,-2.8043344,-4.041895,-4.489966,-3.409568,-1.0355632,0.25138283,0.5564159,-0.5535131,-1.1324956,-0.32276255,2.0214095,3.763336,1.6723106,-3.9282675,7.9495163,12.138757,4.3835216,-4.245145,-3.4671597,-0.89086294,-2.4825315,-0.36737943,0.4357457,1.417504,3.0906696,3.4020638,4.444052,4.8330717,3.1370876,1.6668978,-0.1590286,-2.799575,9.769356,13.587886,11.177159,10.250561,9.053135,8.355669,8.087247,8.086493,8.370601,9.137638,10.162132,9.175861,8.297833,8.807741,8.528151,7.9280047,8.773083,14.119449,11.633262,6.7945175,6.461849,5.677223,4.3844175,2.9965105,0.49316424,-1.7033236,-3.0782094,-3.7063885,-3.3275554,-3.837719,0.67883873,5.7870913,3.2047045,6.9570727,7.0818453,9.150802,15.838505,17.342274,15.433497,13.918337,15.393347,15.153215,14.029952,13.303661,11.358705,8.767847,7.240671,8.212138,9.948426,10.808613,11.1680565,15.744932,16.466099,11.039986,10.602084,9.690798,8.893164,13.660279,13.953033,8.452526,1.8156136,6.353703,10.377969,13.1378765,14.3389,14.164265,12.522406,11.47286,15.095526,12.865303,12.06388,9.775298,10.287547,11.307945,11.639847,12.59795,12.897659,12.197422,11.785583,10.6158495,7.6055374,4.657662,5.9649553,9.624292,11.353529,10.383735,7.1974325,3.1804929,-2.6678739,-1.888319,-0.6845761,-1.0983071,-3.1839564,-1.7929262,-1.9123446,-4.056931,-3.2950318,-2.3656554,-4.0317407,-5.640401,-4.153279,-0.28682867,11.958003,14.135365,11.502329,11.944876,11.661564,11.711241,11.294236,10.391812,9.919883,9.347462,8.621315,8.358123,7.75393,7.748579,7.9605155,7.70122,9.407447,12.699294,8.584158,8.440243,8.497573,7.3063965,6.8539724,7.0905666,6.3887997,5.6415825,5.3708115,5.0238757,4.8878107,4.3837795,4.662713,4.5665507,3.4946527,3.7277305,6.431927,9.975567,5.3724504,5.2519045,5.681159,6.0977464,6.9595504,6.545103,5.517754,4.0941544,2.0343285,-0.12028642,-2.0141232,-3.3041692,-3.1057098,-0.7726223,1.1517575,10.169249,10.274898,4.261764,2.9635763,0.8504139,-0.598268,-1.4784999,-3.7962942,-4.671007,-5.9955306,-5.802152,-5.5644884,-5.8524837,-5.047599,-4.6969085,-3.746912,-1.8975003,6.4591722,12.433416,11.869007,12.301306,11.89929,11.29401,11.412188,11.832312,11.785312,11.384659,11.339875,11.238128,10.5869,9.8498335,8.479351,6.424384,9.631305,16.511757,13.333916,11.690341,17.955688,20.693972,21.111797,18.929829,16.777496,16.008211,9.360079,9.900754,14.58105,14.530151,10.872725,14.169421,15.225764,19.400742,18.447037,12.523273,12.090898,11.159167,9.340122,12.447996,12.7401085,8.030155,4.214443,-0.46078807,4.3957815,9.638409,10.693342,8.615279,7.740756,9.144219,11.717636,15.742172,14.202063,9.579542,9.324009,9.165937,5.8367066,4.209948,5.536328,3.7396467,0.1660435,0.82393193,-1.9899194,-7.1520586,-5.7161117,0.20973065,4.6594615,6.30433,5.722317,7.348986,7.095198,3.310394,3.5515552,4.212091,2.2225738,9.327967,10.222763,10.185714,11.820979,12.463527,12.840115,12.494098,12.239308,12.21568,12.37504,14.30483,14.677495,11.613991,10.529767,9.8676405,7.860923,5.2577763,6.4672194,9.459266,10.566118,9.238773,9.408859,8.308774,7.7107525,7.8598347,8.600043,9.804705,14.035048,14.272927,11.703209,8.17454,6.79617,6.96021,9.36734,10.032972,11.291616,12.542536,11.923199,10.893766,11.937355,12.267085,10.488959,8.97688,9.502902,16.45138,16.993002,12.03886,11.240282,8.121143,4.1783924,0.52757615,1.4687597,4.176965,4.7533937,5.3856544,5.6600304,6.100067,5.7654324,2.6068904,2.7040207,2.6423743,10.166283,13.836027,12.280993,12.194895,11.949204,11.027757,10.45288,10.426821,10.009937,10.310469,10.518883,10.592824,12.754108,12.945561,14.039651,16.312029,15.399487,14.818613,11.724407,7.6252613,10.735813,11.964079,10.015921,4.438635,3.5961847,4.2008677,4.801851,3.030119,4.3466988,5.638589,2.987742,-0.70357525,3.560326,3.3795485,7.165325,13.059233,12.298488,12.107457,13.629969,13.463231,10.991097,6.5206814,1.1652805,-2.4235954,1.3598937,5.7424026,6.295783,5.4554167,3.784832,2.177719,3.4143975,6.212154,14.233583,13.520782,8.442136,5.4718075,2.4360547,1.1580806,-1.4085757,-2.8486097,-0.82395613,4.115799,6.707903,6.069456,4.748595,3.9440684,5.661035,7.2573256,7.4698663,6.9193454,12.240628,13.322062,12.269104,12.626248,13.047285,13.648998,14.123168,14.367832,14.666466,14.401602,14.381028,13.929175,13.630001,12.802376,12.148357,10.790129,10.976583,14.341859,10.603352,8.599979,7.0383635,4.604655,6.428127,9.009723,10.038495,8.424679,10.084028,7.892184,7.6458244,6.8290715,6.2744274,8.747383,11.527233,11.196946,11.760507,11.652026,11.426979,10.138074,9.282529,7.9359884,7.4405813,7.2167325,8.904236,10.021593,7.25776,5.828943,7.737062,5.3783436,4.9746556,4.511468,2.806161,10.250828,11.348856,11.422439,11.513547,11.270391,6.9007883,8.01185,8.647859,6.891903,7.206757,6.029799,7.0246773,7.82314,8.513423,8.902207,5.5360117,11.580362,15.432402,15.844917,14.613873,11.39626,8.965434,11.181543,7.1721096,8.9510145,9.580945,6.3638115,6.927516,6.6109877,1.2636763,2.5900042,1.3798653,1.6376294,12.375605,15.618513,11.8998995,7.8931766,7.371931,6.0359697,4.209561,6.2475924,5.5661793,4.640843,2.7424994,3.09749,0.31183133,3.534309,6.115923,4.5901103,7.0080757,18.16415,19.054136,15.087896,13.088211,12.969686,13.105058,12.60907,12.469392,12.07817,11.3724985,10.279333,10.078264,10.247816,9.584755,9.006689,8.364466,7.7472696,7.807133,11.798802,12.368757,6.9091773,4.5915027,5.2118053,6.519015,8.072701,9.308738,10.59234,11.5723505,12.10409,12.545596,12.760635,12.834095,12.912037,13.016673,13.04006,11.866266,16.570267,15.372704,11.5119505,12.632734,12.939703,12.799183,13.167986,13.112054,13.398663,13.497104,13.645839,13.856312,13.858609,13.985766,13.955855,13.815156,16.93349,18.854034,14.772134,13.731226,13.964501,13.412369,13.609386,13.506178,13.402359,13.09623,13.326624,12.936218,12.591029,12.181739,11.58316,12.306524,11.14833,14.502613,20.58099,20.250738,17.519686,16.819244,16.586294,16.144756,15.852595,15.610689,15.041108,14.408367,13.898432,13.046021,11.6601515,10.29079,9.3480835,9.475042,15.445146,15.012021,9.791955,11.227743,11.936712,12.418987,13.141598,13.490177,13.267055,13.371381,13.706275,13.432475,13.105679,12.794423,12.389468,12.986523,13.126928,14.199887,19.073465,18.655836,18.103867,17.76905,17.032402,16.393658,15.891163,15.268915,14.564476,14.124188,13.863736,13.625613,13.344122,13.298688,13.911209,10.363475,16.24059,19.752806,19.809803,20.470724,20.28383,19.318243,19.50399,19.597635,18.699526,18.93948,18.369865,16.92684,11.847478,-0.7331345,-4.5529475,6.8827887,15.938917,16.346148,15.875558,16.679523,16.653444,16.250038,15.531789,15.075785,14.507762,13.983435,13.234169,12.699977,11.991402,10.844874,10.062229,9.728214,11.755966,12.0341625,13.457688,15.940665,12.964069,11.401871,11.318232,11.3020315,10.421372,9.443601,8.772013,8.889896,8.772581,8.579625,9.455083,10.818497,11.4023695,11.00154,9.646627,9.859019,15.416299,14.368332,11.314035,9.8625145,8.594124,8.327496,9.236876,8.56922,8.375091,9.575092,10.719807,10.405311,9.15025,6.8575473,3.7827477,2.6635365,8.664893,11.550949,9.725265,12.793739,13.2968235,10.821802,7.3769975,6.002826,5.0540047,4.474189,4.23023,-1.6150914,-8.131259,-6.206669,-3.8493638,-7.724879,-4.1185846,-0.94921863,10.09582,16.61581,14.721544,12.537548,12.776857,12.143202,11.42159,11.356293,10.7636175,10.175706,9.893365,9.416255,9.110784,8.332213,8.188315,8.001899,9.168639,13.305554,11.485424,9.546395,9.911222,8.590952,8.015695,7.7323437,7.0389504,6.9127245,6.947127,6.426512,6.318514,6.665857,7.131181,6.506363,6.358631,7.9187794,10.596727,7.9249454,4.860159,-3.1715372,-4.547396,-8.516149,-8.958695,-8.267039,-11.395932,-6.6045423,-3.077043,-2.75856,-5.034675,-5.4583306,-6.244504,-6.364023,4.4111495,9.884981,4.898282,-0.09571275,0.50128484,2.0318778,1.9894071,2.181557,6.633724,6.568037,4.0186696,4.345747,6.7384043,4.8689013,4.7487636,5.0033703,-0.2981811,-2.3932247,11.253346,14.525966,14.580738,13.698764,12.69388,13.936554,13.520781,13.3003,14.3259735,14.372271,14.255762,14.474696,14.471937,13.894487,13.71793,12.368153,12.188186,12.842867,11.517944,9.809531,11.731385,9.586949,9.186119,9.37066,8.627493,9.242107,8.587047,9.047796,8.9723,8.792228,7.0631895,7.006298,6.5612965,8.024449,6.6746025,9.248989,11.134188,4.4193654,4.349398,5.6425514,5.568862,6.066544,6.0600715,5.479619,8.721804,8.476484,9.563626,9.537316,4.8182373,3.2024386,6.2518406,5.72705,11.343841,8.946539,-0.101093054,0.44150564,-0.8482086,1.8909247,0.966575,-2.2559867,-3.6227736,-3.1555357,-1.7737336,-0.5292703,-1.842144,-0.6597045,0.53206295,0.422188,2.1302128,10.264294,14.099518,12.801448,13.516101,14.193549,14.436593,14.257595,14.270014,14.638994,14.958183,15.287413,15.389746,15.1879015,13.840134,12.945365,12.5090885,12.2913,14.060689,13.359036,9.339675,7.7398167,8.022472,11.430511,11.531625,9.815721,7.3742657,7.168615,7.916544,8.755032,9.030979,10.32785,12.83293,12.647856,11.169244,6.2139745,6.2467146,13.135394,15.952467,15.642873,15.526613,15.088883,14.820915,14.812044,14.559324,13.95754,13.164389,13.6046715,14.320112,14.537859,13.825298,15.719919,16.184586,14.911068,13.941165,12.577542,11.799212,12.182024,12.81653,12.267387,11.624266,11.468239,12.067824,11.250628,10.953568,11.429234,8.244936,5.0685616,15.34325,17.99821,9.225901,4.92479,6.1720457,6.511613,7.3693113,7.5903378,6.7281027,6.230138,5.4855623,3.8021216,3.3920445,3.5784173,3.0285094,0.7839962,0.75544286,9.298347,8.877783,3.959354,2.6515694,2.51905,6.0392103,5.3206162,3.3451781,3.4558349,3.3698688,3.5780673,3.1784847,6.0431457,6.042736,6.008372,5.790227,5.4014974,11.800708,15.616054,14.949347,13.558722,14.687473,15.250204,14.506073,13.961407,13.352961,12.811169,12.078567,11.720943,11.430172,10.516814,10.024879,9.96265,11.947986,11.909519,13.844944,12.935507,9.454211,9.998177,10.691156,10.10321,9.797434,9.5529,9.295659,8.764618,10.261181,11.401034,10.972172,10.5803795,9.876356,8.54417,7.3774524,11.236182,11.113805,8.415705,5.779935,5.2710004,6.369383,8.582231,10.000056,10.830784,11.541565,11.943275,11.856705,11.782654,11.722341,11.511277,11.234045,12.177701,15.864171,11.331019,5.6503887,4.4923253,2.5511231,0.8405182,0.94510126,0.1991832,-1.0176775,0.57995045,2.699926,4.209652,2.989605,0.5298721,-2.0086799,-5.8841143,1.2779932,10.69085,14.781208,11.873374,10.645608,10.566264,9.975091,9.075576,8.949918,8.860888,8.186871,8.019824,8.449162,6.1658287,4.4057055,5.1894565,5.395647,5.0163927,6.6597033,6.2967625,5.6141434,3.8995605,2.249865,1.7675412,2.7457812,3.5485911,5.938542,11.897434,13.88488,11.333804,12.273945,12.190209,10.229917,11.125827,10.656063,12.441065,12.8486595,11.849318,9.884187,6.3706894,7.898878,9.442983,9.663092,9.1379795,7.5089836,5.5841403,2.6921499,2.4617088,6.154764,8.823031,7.592385,11.053372,13.39466,13.433077,10.056061,4.6760983,3.3126376,6.3771715,8.865012,13.947758,14.343752,10.767909,9.86917,11.2938595,8.195082,1.3226299,4.496046,4.542293,-0.34021556,-0.9268068,14.842896,16.5867,12.701052,12.78763,11.686615,11.745501,17.212833,18.341228,14.97325,17.85842,16.236097,16.23368,16.66498,16.027765,12.973919,14.470615,12.30678,15.09347,16.180752,12.747432,11.448455,10.338951,9.258109,9.534779,14.235724,11.191528,9.669007,11.339882,12.780212,12.358124,10.835872,10.406903,10.689177,6.071214,5.3285713,8.606497,8.54288,9.473917,10.313569,11.1272955,11.946062,11.883226,11.940789,13.664804,12.776772,10.95849,11.3209715
8.42686,9.7569275,9.741105,8.876973,8.051396,7.792431,7.129756,6.81855,6.295038,5.951262,6.7413907,6.679826,5.969322,6.2255073,4.998435,8.231687,11.966496,11.555658,11.352774,11.14132,10.917236,10.963174,10.948468,10.890517,10.808391,10.6336355,10.824165,10.286145,9.585098,9.522434,9.457243,15.541643,14.456675,11.154021,13.829747,14.48738,14.587341,14.609102,14.078217,13.866968,13.340182,12.613536,11.843013,10.636883,9.381025,8.190801,7.6239185,5.9422817,12.058087,15.258873,15.304964,14.118041,12.949965,11.708375,9.932652,8.9220295,8.641817,9.079486,9.644509,9.897408,10.601952,11.070036,11.185459,10.908178,9.945467,8.245416,10.170839,6.2237306,0.24381267,-1.3214897,-3.0079806,-5.295459,-6.205485,-6.073248,-5.9315586,-0.42731044,4.0981617,5.171661,6.646925,7.96362,9.002772,11.32407,12.700417,14.431763,16.133446,13.246967,12.620783,12.878241,12.524641,11.787758,11.619941,11.615872,11.407818,11.295976,10.113863,8.810845,10.541788,14.560099,18.773195,19.05491,15.258788,12.700654,13.229818,12.033276,10.540652,4.0342474,5.1643033,4.780093,6.4864254,7.145481,7.4646373,6.4841886,8.657446,10.309371,8.735045,8.124363,7.171213,6.626074,8.353242,11.281547,12.030195,11.435794,12.826749,13.658726,13.680374,14.203368,14.53405,14.881959,14.886349,14.608442,14.082707,14.27637,14.009422,12.372031,9.569569,6.7323184,5.1339693,7.4325414,7.876658,8.70035,9.065916,10.585749,12.076424,12.953474,13.2805195,13.274798,12.233644,11.6836405,12.360568,11.836962,10.244652,9.364626,11.535474,11.542704,11.597132,11.401753,11.109041,10.942239,10.829419,10.736185,10.838565,10.139289,9.968552,9.900003,9.792684,10.603544,9.89676,8.556507,8.72813,11.323263,10.255058,8.136343,8.205262,7.6538415,7.2063184,7.5018187,7.7323227,7.3990273,7.9038243,8.395493,8.377006,8.518663,8.30961,6.508789,5.378478,1.48836,10.372678,13.023372,11.831045,11.633127,10.989304,9.983811,9.605367,9.830533,10.121102,10.329413,12.051836,11.102234,10.167381,10.679392,10.546937,10.194291,11.60778,15.260672,12.291423,8.597659,8.2024975,7.6423016,6.5977554,4.639838,2.2478998,0.5339093,-1.4910028,-3.3560848,-1.9555296,-3.367586,2.4425628,6.4174805,2.3982384,6.7480254,10.314976,15.129656,17.424732,17.767635,16.230404,16.60108,19.143229,17.05077,15.698805,15.581612,13.9643135,12.772636,10.16398,9.7490225,11.500288,11.92445,12.668669,16.258236,16.912312,13.955699,11.760996,11.267957,9.517732,14.96529,16.013992,12.940361,7.2125382,9.965525,14.079598,16.127573,16.4341,14.482851,13.243588,13.730152,14.886836,13.614666,12.389065,9.541073,15.398178,17.612684,16.830717,15.108562,14.343061,14.185621,14.643818,13.745976,10.415863,4.0207176,-0.93302035,7.106756,8.564278,9.882864,10.106158,7.788553,5.742717,4.8345127,0.6391121,-0.6581032,-5.2855873,-5.0348787,-4.3396144,-8.410847,-0.73118377,-0.7927166,-2.999381,-1.7721933,-4.3277593,1.5918113,12.158897,13.843868,13.774289,14.178656,13.391912,13.424482,12.785774,11.777333,11.4748745,10.891299,9.786267,9.821597,9.47882,9.165505,9.351491,9.05102,9.191476,8.809587,9.244784,10.94087,10.43448,9.047902,8.264245,8.35575,7.836727,7.1988773,6.588984,6.199644,6.531846,6.5153365,6.409646,6.2092276,4.445541,1.3815451,0.42435962,3.0696223,3.8586893,5.362918,6.184115,7.0169134,8.274628,8.410495,7.599744,5.951277,3.298407,0.40626973,-2.3153474,-3.8759172,-2.8747616,-0.4911213,2.310416,10.15562,10.48682,6.2622857,4.620849,2.077669,0.87002695,-0.31514907,-1.6599021,-3.9779482,-6.2039094,-7.09886,-6.8972006,-7.4483395,-4.950734,-2.922031,-1.6634762,-1.0332812,0.015404309,10.915827,14.164933,13.33008,12.944063,12.938747,13.2441025,13.625555,13.640808,13.320894,13.07814,13.046622,12.60872,11.847025,10.623121,8.478424,7.2359934,15.092857,14.830965,6.786645,8.34144,17.532122,19.880339,16.596447,14.521221,16.384508,17.294535,21.354654,21.550598,18.22055,14.798244,16.319733,15.149182,17.534967,16.644003,11.048593,11.644932,9.960445,12.9527645,14.602184,13.290466,9.141001,6.925115,7.9712653,10.051812,10.555311,11.557404,11.19676,9.013332,9.7582445,12.9428005,15.541649,13.931631,10.398935,10.244076,9.913863,5.083974,0.09697509,5.2927017,5.6636057,4.1178675,4.4820375,-0.93076634,-8.8650055,-5.869086,1.1165037,7.1091557,8.720864,6.524236,7.567874,5.5832677,-0.22368564,2.7095885,6.0099916,5.633692,7.3811703,8.300573,8.268968,8.514626,9.059096,9.732338,9.801567,9.352049,8.941011,8.5920725,11.015547,10.938347,7.654166,9.070519,8.361076,6.4137607,4.686298,4.164614,2.479039,1.7682766,-0.8908859,-4.088209,-1.3069035,1.4337173,3.703938,4.70271,5.56528,7.083189,9.4706955,11.287332,10.702058,8.322113,6.449174,5.047883,3.4385781,1.3614166,-2.5349476,-5.555939,-5.893829,-4.743779,-4.694126,-6.246738,-3.9050117,2.0423717,11.548641,14.633206,10.15554,2.5989132,-2.615013,-0.34007084,-0.13163143,0.048597716,2.165771,4.4505553,5.557897,5.2592726,4.4753733,3.5050714,3.4228306,3.3449557,1.0421345,9.407677,14.820424,13.895268,13.514165,13.098592,12.185765,11.665863,11.437278,11.377276,11.803736,11.969876,12.676254,13.160519,13.040884,15.419644,17.176044,16.998175,17.701061,15.714702,10.563687,15.452003,16.492588,12.511999,7.2403383,4.436793,5.4604797,8.864108,5.4900355,4.8432784,6.9210453,4.077592,5.103237,7.154747,3.0882235,8.695322,12.811526,9.679711,10.454149,10.458312,6.3065977,5.3975677,6.405192,2.556268,-5.798587,-10.264875,-7.3360662,-1.4190714,0.63407886,2.3867896,3.6305163,4.311184,6.5056796,10.358383,12.854899,10.636135,6.8693166,2.8573859,1.216179,0.08413694,-2.213252,1.251549,3.248297,5.065755,6.360149,6.9809637,6.656596,8.040075,10.04489,8.996227,8.185786,9.515996,11.688151,12.739695,13.543415,14.376038,15.553084,16.010845,16.276499,16.309616,16.228703,16.223131,15.850342,15.444626,14.620165,13.901722,12.413735,10.481051,10.724565,10.722078,10.476053,8.541623,5.1492043,4.8575897,5.2560544,4.901772,3.5049877,5.203507,5.60178,5.4884143,5.162924,4.6196012,5.507533,8.611989,8.226538,7.4949403,8.531571,8.867201,9.520292,9.823218,9.439537,8.900509,7.720794,6.4959965,5.465383,3.5060458,1.8608396,0.817002,-1.3260498,-3.2962182,-4.9302735,-1.4779414,4.012459,5.966215,6.6782637,7.3506107,8.012966,7.346578,7.6028223,7.609502,6.8555183,5.04205,3.9263036,3.728924,3.0598595,2.680113,1.5964255,2.9415143,11.669532,13.220178,11.083073,12.05809,8.490842,7.9452333,10.047468,7.5633736,7.7299285,8.414067,5.972481,6.3900614,6.2277403,3.7889957,4.413625,2.7745476,3.2917545,8.316581,11.936575,8.905699,7.1529655,10.975828,7.804301,3.5136828,7.965305,5.441055,2.6127765,2.3046036,2.5347557,2.477331,-4.2253494,-1.4033936,-0.74667186,4.908496,14.797534,12.180743,3.744029,3.6899245,0.60120076,1.5618621,3.7443323,4.4773765,6.865402,8.2856455,8.315905,9.315945,9.439638,9.655183,10.892857,10.602547,10.137566,11.296916,10.735971,8.462845,4.111002,2.3613975,3.488021,0.700768,0.32218453,-0.44137162,-2.8544176,2.7934737,7.8432555,9.969999,11.250567,11.380968,10.562219,8.995863,7.230194,8.469719,11.971651,14.391466,14.558447,14.910559,14.835681,14.563107,14.707417,14.864273,14.893545,15.245422,15.475046,15.553663,15.719505,15.809507,15.794707,15.681891,18.926598,20.196758,17.73617,16.062197,15.718804,16.015745,16.018372,15.6313095,15.415337,15.275289,15.112265,14.658987,14.64164,13.391382,13.411497,14.110704,13.477171,10.634894,8.46328,7.1389537,7.0178633,7.449422,8.012351,8.615652,9.179571,9.840147,9.843195,9.521045,8.893469,7.6999497,7.04393,6.3373523,6.0935526,6.9918876,14.700919,15.332981,10.814062,8.893019,9.810866,10.005774,9.959353,9.275603,7.352758,5.976815,3.2881956,-0.112089396,-3.1140077,-2.9779503,-0.8704234,3.3783636,7.713308,7.9810433,9.718494,7.669721,8.391152,5.6531563,8.605938,10.525631,11.601991,11.214754,10.159018,9.246941,7.734058,4.676089,4.6721025,7.619975,8.916782,9.720727,12.663531,15.464984,14.201157,13.681521,12.906635,13.237638,13.813228,13.361983,13.124913,12.92705,11.915323,9.338287,4.292716,3.2892413,5.558607,8.2674465,13.316298,15.732871,18.507559,19.061531,18.652222,17.98938,17.35427,16.825193,16.44281,15.760059,14.983129,14.334209,13.703106,12.57492,11.671415,11.159339,12.718202,13.847499,15.17642,16.480896,14.708956,12.284828,12.32789,12.701189,12.12599,11.342053,11.049386,11.1485195,10.965975,10.628241,9.975031,7.953098,6.747229,7.469758,7.7413807,10.070348,10.94949,15.250836,14.608336,14.351626,13.954282,13.522941,13.339038,13.131581,12.567983,12.489529,12.217817,11.882219,11.737341,11.675223,11.166047,10.86899,12.486305,13.249691,13.1996,12.408484,11.643573,10.7530985,10.2264595,9.485275,9.143519,8.453377,7.855584,7.559373,7.0358043,6.8655844,7.7568693,6.421928,5.902114,5.000826,14.107789,16.595089,15.67625,14.7472105,14.134428,13.311301,12.927741,12.400036,11.839077,11.401051,11.047369,10.595317,10.027277,9.409116,9.60579,10.161229,11.049826,12.999931,11.736932,11.376673,11.095842,10.243121,9.658058,8.804103,8.240818,8.034332,8.112289,7.672723,7.191391,7.7642274,8.135759,7.5936413,7.54611,8.097187,13.257172,15.041861,13.890995,14.131602,13.69449,13.388754,13.201971,12.875329,12.722268,12.233602,10.907039,11.219124,11.030973,10.246191,10.750673,10.600511,9.91594,10.800691,10.46887,9.849547,10.694368,11.599864,9.461421,9.448968,8.577637,7.631123,8.3023815,8.360076,8.544759,9.1536255,7.712019,7.2958922,7.256079,3.5034537,9.04451,15.918775,16.077858,15.346316,14.0347,14.760103,15.138418,15.306178,15.807299,15.985021,16.06243,16.139101,15.958567,15.509981,14.965024,14.04863,14.00082,13.8474655,9.834001,11.69201,12.788453,10.748434,9.971548,10.049309,10.163051,10.909981,10.617674,10.617893,11.162794,10.279635,8.817129,8.531006,8.13952,8.765374,7.835621,7.408987,8.2434845,12.87977,14.364523,14.207062,13.86045,13.417707,13.880169,12.785873,13.003521,12.38235,12.789339,13.356642,12.247649,11.697052,11.725649,11.902945,11.7542,10.545994,9.90389,9.815846,8.579597,9.373399,9.129339,8.662584,8.364914,8.106422,7.7446437,8.066427,7.4610596,7.738798,7.7628956,7.5432134,8.333917,8.67706,11.398339,14.1626835,15.139761,15.913829,16.161547,16.19836,16.372723,16.781084,16.747566,16.406387,15.977315,15.675419,15.341683,15.009859,14.578745,12.914027,10.125301,8.152085,9.954447,10.3769245,8.897517,6.54772,3.8726103,5.0158825,6.746702,7.8303714,8.965118,9.792679,10.316491,11.334458,12.344414,12.725674,12.974482,8.892211,7.511902,16.02593,18.277851,17.474504,16.97838,16.70888,16.390162,16.387733,16.937239,15.5032425,13.973332,14.215907,16.635445,17.777,15.533121,14.537559,17.131908,18.102955,16.57117,14.220606,12.520142,13.315008,13.656503,12.444192,12.157508,12.532757,12.385109,11.811005,11.715249,12.329241,10.781833,5.177998,10.98712,10.736444,5.317644,4.4327645,8.254488,5.8869762,6.7588434,9.837206,7.2338505,5.047403,5.77709,2.2329805,0.35834056,-3.4131684,-8.875639,-8.645176,-2.0350065,3.9555156,1.4561899,5.5475235,6.4298162,4.662295,4.8337464,5.197629,4.856407,4.007626,5.346941,3.5333216,5.19985,7.718129,7.624719,7.0125766,5.53914,6.6798363,9.533835,14.222036,13.44404,14.209078,15.614762,16.426668,16.315077,15.684291,15.22908,14.666248,13.844656,13.53112,12.916751,12.0366,11.706576,11.003961,10.673927,11.917738,12.392643,12.548403,10.360605,11.800796,12.290203,12.159851,11.524513,11.103176,11.102026,11.657086,12.308109,12.866821,12.689214,12.176918,11.166519,8.945046,9.251107,12.838497,12.920981,10.253534,7.759322,6.426334,7.762668,10.116951,11.621751,12.587772,13.396494,13.825196,13.85593,13.791552,13.6091,13.334967,12.95409,13.293552,14.571735,11.58086,6.91553,5.687538,4.5026793,3.6764574,3.1591046,1.9690051,0.69626385,-0.19727695,0.07596151,4.494105,4.135184,2.1157155,-0.80774987,-4.362818,3.0629504,13.05858,15.001339,13.221235,11.986495,11.503869,11.2851515,10.682229,10.559894,10.2143955,9.355515,9.510576,10.393929,7.462241,5.000263,6.372872,6.8811426,8.157012,8.919645,6.334641,4.932674,2.8956485,1.3268838,1.3536994,2.7967138,4.441582,7.349674,12.948128,13.768108,13.297032,13.883538,13.319925,12.2147,10.6492,10.0957575,10.073113,11.275251,12.747998,11.034565,6.6359005,2.3770971,5.2549067,4.8986692,4.01371,8.240233,9.678317,9.004463,9.627003,10.578508,8.57629,4.664654,8.3538685,13.973541,14.50678,13.450489,10.179447,5.3963513,3.0683036,2.4974868,9.351658,11.264694,12.73645,14.091254,12.326132,7.285629,4.81695,3.7434025,4.2900143,1.8278767,4.636707,14.35656,15.472797,13.482742,15.453004,15.068931,14.723983,17.196264,17.533615,15.316162,16.625107,16.291317,15.345874,15.5127535,14.808215,12.825755,12.3525915,12.349594,13.555347,14.702585,14.056544,12.19514,11.267805,9.908574,9.691234,10.604887,9.499093,10.291933,10.669678,10.33984,11.026555,10.590221,10.243825,8.587557,1.8457121,1.8023151,6.935749,4.842932,5.8030243,7.836066,8.376015,9.539395,10.84717,11.417128,12.082391,12.572503,12.090068,10.587911
-0.38171333,-5.391242,-8.788299,-9.058353,-9.888907,-10.516137,-12.461315,-13.955756,-12.489444,-10.286056,-13.171194,-13.393912,-10.789688,-7.5276494,1.1957241,13.000188,16.774744,16.72718,16.38655,16.017292,15.751991,15.682602,15.4236965,15.091276,14.862793,14.734455,14.631892,14.330363,14.027031,14.057616,14.911199,16.607357,15.283446,12.996523,13.019914,12.656549,12.619562,12.443198,11.960219,11.876305,11.99605,11.612859,11.263751,10.918297,10.761879,10.662979,10.156424,8.158299,6.6174884,3.0067732,2.9723635,1.574928,0.38520938,-1.9694179,-3.7237117,-5.0628133,-4.9378386,-2.5499034,-1.7368448,-1.19463,-0.80076146,-1.2638226,-1.7572765,-2.7812057,-2.6577344,1.1427356,6.698296,4.4224796,-0.33681238,-2.3907838,-5.660227,-8.261316,-10.655984,-12.504973,-9.748164,-3.0941148,-5.918885,-7.9056954,-8.8024025,-10.332862,-8.702891,-1.9287227,-3.8849912,6.602635,14.655073,16.077387,16.488544,16.391127,15.878252,15.438805,15.161722,14.799918,14.149584,13.6554985,14.026757,13.413988,13.558889,13.263571,12.510686,16.252691,17.162495,15.504505,13.585604,16.717133,14.006523,8.944042,7.574081,13.239885,15.744023,13.193369,15.329751,13.159336,13.155348,13.515755,12.485025,12.369834,5.4125633,4.7444987,6.1110015,1.8712807,8.687558,10.528579,10.563463,8.002617,4.912351,4.1747656,6.4723597,6.927156,5.6307516,9.372596,11.604921,10.684235,5.8096733,6.7906675,5.9633627,1.4978554,1.5742165,4.922261,5.4968925,2.1508543,-1.6154121,-0.51761067,2.002625,1.5112522,1.441585,0.071094185,-3.3705976,-6.276896,-6.562474,-6.517386,-8.048167,6.1090894,14.765705,16.241337,16.509026,16.696407,17.013575,16.364052,16.075531,15.326634,14.9312935,14.732172,14.265327,14.386629,13.537182,13.382931,14.1320095,12.9513,12.669983,12.92056,12.356786,11.863513,11.65699,11.413206,11.0520735,10.438343,9.8910885,9.747984,9.224655,9.516169,11.163568,10.463936,10.801571,9.430407,7.9529123,4.18175,5.4267116,6.5660105,4.593093,1.3263196,-1.100972,-1.5184475,-2.3689046,-4.1301403,-2.981389,-0.42707995,-1.3590107,-1.9157748,-0.40776122,-2.7732303,-6.503281,-5.1589675,3.0664768,6.967945,2.2374468,1.4143105,2.6734657,3.3602383,2.8760524,1.6217599,-1.0807078,-2.5799484,-5.6506248,-1.8506371,-0.47584373,-4.5187526,-2.4181266,1.5807691,-0.14809826,-3.658687,4.086113,9.032522,5.1073427,1.2676537,2.0166764,3.162649,7.1220427,9.462505,9.459673,10.2439785,10.98319,10.874315,10.062455,9.217494,7.386344,8.688795,9.631531,9.432945,7.7724686,8.805963,8.34862,2.5330484,-5.206266,-0.13369955,-0.17184192,0.39131823,-0.9249178,-2.2890167,-2.7787483,-2.4162927,-2.1467276,-4.9379,-2.965024,0.39202926,3.0242305,5.574183,5.579062,1.1328937,4.205797,5.2601376,2.1886964,-1.3446474,-6.658334,-6.371175,-3.7160323,-2.2143567,-2.599447,-4.146899,-4.503237,-4.095549,-2.0940542,-0.49263403,-2.7196784,-0.8415586,1.270921,3.0799828,-1.6547458,-5.841851,-6.3837404,-6.105669,-10.241486,-10.458922,-4.097622,-5.3441887,-6.1078525,-7.878626,-7.431595,-2.1435113,3.7635026,1.8227739,0.25174585,0.3647348,-0.85808945,-1.3303146,-2.1287463,-3.0448384,-3.2625852,-3.3424602,-4.323985,-5.1505556,-5.5518847,-6.1756806,-6.4276342,-6.527445,-5.1763935,-1.119031,-1.5799211,-6.7012787,-7.9797964,-8.730926,-9.770652,-10.223781,-11.348537,-12.075215,-12.496775,-13.820783,-14.190845,-13.098821,-13.312784,-12.874289,-14.825361,-5.1413465,-2.8307233,-5.229161,-4.8275476,-2.7415953,-3.826227,-4.5983644,-3.9053783,-4.7236247,-5.75869,-5.8305287,-6.452775,-7.037673,-6.594932,-7.127803,-7.518608,-7.833168,-5.4076123,4.34835,3.560808,-5.392735,-8.562101,-10.259348,-10.073882,-9.558318,-8.621382,-10.004967,-11.350394,-10.500385,-9.763218,-7.366536,-8.90066,-10.834072,-11.712275,-11.084013,-4.870357,2.081649,2.1931336,1.1389511,0.2537568,-1.0873995,-1.6846865,-1.5041398,-2.5349493,-2.9836025,-3.807396,-4.0149302,-4.7286053,-5.297327,-5.9795995,-6.827931,-2.0321026,13.329896,16.32688,8.577811,4.3860455,1.9392287,2.0264177,3.4306102,5.1494923,1.5499545,9.434774,14.980196,11.440823,3.381742,0.95892185,3.61805,1.4575219,8.067537,10.152624,7.87338,5.930994,3.9620829,3.7503257,4.1462584,4.570459,0.9379312,-1.2699656,1.3476281,2.8171978,-0.3747109,1.1781924,0.83174825,-0.37693423,0.016248733,-1.8057388,0.05423174,-0.017149879,-5.6116843,-4.2047772,-3.7923894,-3.3894744,-4.8901086,-4.626836,-4.6796627,-4.6143417,-3.6161966,-5.750191,-6.576143,-9.594926,-6.7233653,-4.1370053,-2.6259499,1.2645142,4.516974,0.7081061,-3.2769895,-3.5898182,-4.7015996,-3.7546206,-5.5134907,-5.8506627,-6.1120167,-6.503495,-7.29219,-7.099559,-7.908534,-8.815004,-9.8551235,-9.050366,1.8064013,2.256013,-7.308269,-10.103624,-10.442404,-12.61402,-14.372826,-16.017567,-16.948135,-15.302649,-15.679626,-18.54943,-14.8739805,-16.42164,-17.172466,-17.625362,-14.009115,-4.264111,0.5122877,-2.9594846,-4.6321936,-1.069171,2.301558,0.07126429,-3.002779,-4.475848,-6.9127216,-10.566949,-12.695318,-9.307672,-8.979474,-9.644667,-6.93519,-6.7718177,0.05797332,3.474247,-1.1385025,-2.144006,-9.385897,-14.849578,-11.830268,-11.664533,-8.719448,-6.310189,-10.037932,-13.073068,-12.421717,-10.911261,-10.648214,-11.844915,-8.569303,2.2127142,5.8646054,1.9820018,0.8505868,-0.6999871,-0.54142964,-1.7720637,-2.0903137,-3.0957854,-3.4843721,-2.0453863,1.3909402,-3.381321,-6.3507376,-2.6233459,-3.005422,-3.6722417,2.839055,7.602334,5.506653,2.1731024,2.7979112,0.63782585,-6.617223,-9.515007,-5.1552386,-1.7212524,-2.6242626,-5.2797804,-7.376051,-1.59369,3.1943574,1.1901517,0.6796521,2.4726338,3.7728798,3.681015,1.9653478,-1.2320911,-0.9750427,-1.2465719,-0.7706273,-1.5589316,-4.4768023,-9.553151,-8.768081,-10.272011,-7.0416937,-5.0815163,-6.3265324,-3.7189553,0.059834477,-1.151543,-0.7515632,-2.5959544,-5.041609,-8.86967,-8.74274,-7.9779763,-10.028644,-8.554493,-6.8818736,-2.9652429,-2.084298,-1.6522145,-5.85239,-2.8848443,-2.3594086,-7.993182,-6.5126295,5.836915,6.053695,0.71654654,0.52383727,1.1489799,0.17773229,-0.106847204,-1.2368662,-1.1496776,-1.0433515,-2.228408,-2.4238803,-1.5969032,-3.0140095,-3.7798443,-4.3119216,-3.9239242,-2.5085464,-2.9410233,-5.7700243,-8.328493,-12.636503,-13.837076,-14.434664,-15.046407,-5.708599,-2.0251245,-1.4221494,-0.91385156,-1.1492904,0.3459607,0.9362534,-2.5639164,0.15090723,-0.24164452,1.7529843,4.4714923,1.6848292,-0.47345746,4.0240707,7.6567163,7.8495684,6.3131113,2.7393665,6.1773353,10.641958,11.644014,10.19977,8.729901,9.476327,10.035595,10.033096,7.1620708,2.7713718,7.581809,8.756617,7.3482018,5.875086,6.4924,8.718246,8.635432,8.18822,8.9105,9.748709,9.785394,9.554308,8.708952,9.156379,9.642198,9.238862,9.2357025,5.2187386,5.143025,4.740603,8.034285,8.457485,4.819751,7.9154134,8.16075,9.668847,9.420777,6.106866,1.1925057,1.0061364,5.9537983,11.506254,8.141033,4.1905828,5.69489,4.451686,4.439984,6.9091563,6.880202,7.400126,5.032691,7.3332806,4.7251825,3.8603637,2.1204894,3.4373736,6.5021777,13.836523,10.919291,10.558396,12.433073,6.675243,8.151628,11.55919,9.2634115,11.52664,10.895367,10.445714,11.745414,12.9110155,13.18889,14.043896,14.058322,14.188299,14.25135,13.928875,10.743378,1.8305709,1.4368579,5.020028,3.6256895,3.8041568,2.9733632,-3.958802,5.735092,11.510736,14.340021,15.906516,15.545993,14.814075,13.733846,12.596849,12.973138,12.284583,11.470161,11.912251,10.824068,9.098556,5.949833,1.2561799,-4.501189,-1.1755587,3.0261726,4.8472157,4.5790706,4.310192,4.579901,5.673167,7.895294,14.050329,16.794464,15.910101,15.124064,14.206133,12.892658,11.398386,10.07793,8.85406,7.750633,6.5772305,4.3744664,3.9577217,4.803682,4.948243,5.7819233,5.955922,4.0363526,7.569602,9.120752,8.700553,9.80861,10.405888,10.843906,11.882748,12.624285,12.955267,12.622629,11.708534,10.195131,9.15201,8.76061,8.649063,8.699371,9.294575,8.285113,8.674632,10.964131,12.912034,13.620067,13.393254,12.522721,10.698332,8.549771,5.32064,3.1036992,-1.3185484,-5.7255116,1.5263441,4.3068595,1.873384,3.9830132,3.741411,6.6813917,4.0111823,4.1536875,10.527493,14.348293,15.318098,14.565445,13.835183,13.246493,11.448635,6.0859127,5.472949,10.900324,11.575757,11.999128,13.183437,14.847738,16.493128,12.877875,8.943788,14.82136,16.13536,11.57097,13.319164,13.941576,8.189367,8.005718,7.3768015,9.255724,12.232356,14.879427,17.09489,16.202772,11.338808,11.311611,9.8217535,8.337302,8.088911,5.6216187,4.794681,4.8467464,4.8295946,4.3207297,4.02426,4.5239797,4.769307,3.858183,0.114154324,-1.5308732,-2.273076,-2.1127946,-2.1171913,1.1812495,-0.23144147,-0.6751716,-1.5502431,-3.1468434,-4.55646,-5.308705,-4.5286603,-4.2405186,-6.4886045,-8.231499,-10.062986,-7.8380756,-5.0423675,9.414338,15.970769,18.308874,18.724901,18.444351,18.08833,17.869743,17.636583,17.519571,17.305473,17.144373,16.949856,16.680193,16.392437,16.161335,15.768946,15.27727,15.344218,15.267539,14.862665,14.309548,14.077513,13.7196455,13.279669,12.94259,12.7757635,12.605113,12.4009,11.974937,11.681467,11.8693695,11.943408,11.177469,9.611389,5.515519,6.7198825,6.3261704,5.5406575,4.151742,3.56235,2.532954,1.8111538,-0.21346591,-2.8619788,-5.305204,-1.3544638,-1.7273213,-2.4355109,-4.3198457,-5.0729427,-5.8355975,-3.6404905,1.6564109,-1.7610158,-6.192178,-4.2400703,-4.0016236,-5.7366085,-4.67989,-6.492603,-8.671833,-8.716525,-10.162643,-10.547018,-8.794125,-10.746256,-10.815047,-10.7592945,-7.629217,11.567468,18.578558,19.490417,19.132654,18.659729,18.18967,17.96015,17.726652,17.39312,16.732792,15.197611,16.554695,16.148306,15.05282,15.312873,15.084716,15.430203,14.29561,14.073862,14.265742,13.804594,13.6495695,12.855071,12.757986,12.177697,11.723669,11.860209,11.8475485,11.287651,11.126199,11.430738,10.900028,10.4177265,7.2748747,4.6203704,6.183529,4.06933,3.325415,2.9325814,1.6177808,2.339413,2.61703,1.5732461,4.630848,3.749958,2.9573014,1.1022794,1.8404922,3.2505214,0.872229,1.3879329,4.161206,2.5836298,-2.4179273,-3.5542254,-3.8313415,-4.403706,-6.0743084,-6.972126,-8.271526,-7.9585037,-10.45404,-8.951549,-3.9122825,-3.1826758,-7.0529838,-7.756881,-9.225081,-6.9446297,1.4085902,9.290957,16.262741,18.0054,18.07957,17.895239,17.191307,16.969936,16.604774,16.486374,16.359924,16.247942,16.049728,15.771451,15.942572,15.175005,14.70572,13.655382,13.620654,13.698888,13.396726,13.4562645,13.375559,13.114607,12.542657,12.412178,12.48664,11.937525,11.671658,11.377953,10.909038,10.558891,10.213603,10.331136,8.349017,8.262455,9.347628,5.066084,6.1336937,3.2089624,2.9507914,5.030341,3.9489884,0.40408576,0.54377896,0.68716115,-2.1896262,-2.5850928,-4.223235,-2.8625326,-1.7177861,-0.4957118,-2.7796717,-3.8292983,-4.626458,-6.5860786,-7.499484,-7.557437,-11.072376,-11.419422,-8.580187,-10.072847,-10.136063,-9.319204,-7.5105543,-7.5032244,-8.509065,2.7118058,7.088272,7.1692734,7.424295,6.6165295,6.7398663,6.8638344,5.4892406,4.4092855,3.9576557,4.397814,0.7207793,-0.062109903,1.0734035,3.4087071,3.5808423,2.5512877,1.3844289,2.7805665,5.0527287,2.2881002,0.012607305,-3.5829048,-3.2556627,-3.3779087,-4.886233,-3.8320756,2.2143734,6.030416,0.50636935,-6.758484,-6.0781546,-0.077968955,1.3052166,2.2344189,0.9544821,2.94272,2.2739587,2.551985,1.4828831,-0.19727722,-1.3857955,-1.7385124,-2.4488769,-3.4364257,-1.9247459,-1.710967,-5.303531,-4.9999113,-4.8512383,-2.7402189,3.5802789,2.5347185,-2.3038528,-2.826508,-3.2750711,-4.782656,-5.7274575,-6.045763,-4.586888,-4.234458,-2.8053334,-1.3104314,-4.853462,-4.964855,-3.6763673,-5.027479,-5.8513117,5.66706,9.112217,5.8696775,1.435482,0.6152373,1.6478243,0.31631023,0.3987062,-1.0047003,-0.9364232,-2.1611753,-2.0159976,-3.2230065,-3.8560867,-4.796296,-4.3309097,0.89764977,3.2705545,3.8324878,-0.884236,-5.538583,-7.169147,-8.202675,-8.472163,-9.281976,-10.940638,-10.645943,-2.976917,-2.587358,-7.767754,-8.008986,-6.5015755,-7.500346,-3.6781285,3.4598877,2.861016,-2.5704174,-3.3204756,-0.09002433,-0.29772973,-1.3943317,-1.1077323,-1.4726703,-1.9158545,-1.4946945,-1.5143561,-2.2247214,-2.1377363,-2.4131541,-3.0214567,-2.9548898,-4.556787,0.23294297,-1.3480426,-5.788123,-6.8078814,-6.32067,-6.6030416,-6.937192,-6.9337087,-7.120108,-5.5884075,0.22718099,-1.0959647,-3.3665009,-6.187459,-5.76823,-3.0111911,-4.080018,2.6728811,2.417484,0.6731618,0.34512544,-0.5415642,0.2592798,-1.1028453,-1.5520487,-2.7157102,-3.54595,-3.0034976,-2.1642544,-3.7869372,-5.2283053,-6.3610787,-7.227798,-2.968849,1.3992488,-4.265335,-6.961927,-7.644369,-9.824954,-11.185049,-12.074705,-10.571441,-3.0483575,1.675097,-2.7769983,-3.55938,-6.4427624,-9.642843,-9.365843,-6.7845907,3.372263,5.555622,-1.2046994,-2.3852916,-2.5560007,-0.55693096,-1.6498019,-3.1888752,-4.3190875,-3.2868986,-4.1587553,-1.8587854,-0.093757324,1.8352689,-1.0209928,-0.7426386,-2.4447606,-6.715726,-3.1297383,-0.08584329,-0.26103246,1.4412464,-2.1136158,-8.346171,-9.605264,-7.3242307,-7.589737,-3.9726229,-0.83872783,-0.7920421,-3.1255975,-7.6106887,-10.03655,-7.2730503,-4.628933,4.5306716,5.54172,1.201436,3.391442,3.066217,1.8773948,1.2118341,0.6262868,0.26338634,-0.35618573,-0.07435299,-1.4012545,-1.9339232,-2.6401653,-2.4002948,-3.6545994,-1.8163754,-5.718381,1.5056353,1.1894718,-4.423374,-6.497433,-6.7534266,-9.5652895,-10.077853,-10.235849,-10.986,-11.8480835,-11.846588,-10.752493,-10.631882,-10.959389,-8.799232,-4.4303055,-3.0176318,-5.0869603,0.12135765,1.4482591,1.227808,1.2563479,0.757578,-0.0003217745,-0.24232054,-0.7306223,-1.6188266,-1.7983567,-2.0675416,-1.9607943
0.7242096,-1.5241176,-0.6105255,1.3143907,0.9156316,-0.73709154,-4.207089,-10.422525,-9.1802025,-5.6793566,-6.1703568,-4.372016,-1.6289868,0.5555386,3.4608068,9.271931,6.681108,3.9551497,3.9855769,3.4670188,3.2315218,3.6245646,3.649454,3.150659,2.418753,3.08782,3.4457583,2.969812,1.8815398,1.7275405,1.9651358,2.2199655,4.605451,5.20195,6.001284,5.289015,3.4423957,2.440944,2.3475792,2.9156232,3.1399813,2.131283,2.6163828,3.8869,5.1833296,6.004737,6.431232,7.3589153,11.333028,13.230033,13.0133915,11.265045,9.109791,5.776929,2.318401,1.40241,2.9303834,5.2182446,7.175699,8.206795,8.518306,8.235561,7.8213177,7.0131426,5.480719,6.318041,10.543005,10.847298,9.896974,8.240297,6.09342,3.9872408,2.4368079,1.8967997,2.0652776,1.646995,3.4026825,3.8162985,2.4330947,0.22413856,1.7314234,3.6473587,2.42267,2.8615391,5.9800987,4.737589,5.3885374,5.0449615,3.7086728,3.370709,2.742183,3.475666,3.7985058,0.19920594,3.659451,2.441561,2.7221704,-1.8497826,3.5478256,6.9135284,7.7893887,9.013594,10.9778595,10.96917,5.4207993,5.693598,6.787738,9.199121,12.705603,12.252214,15.350114,16.33043,16.25557,15.76991,14.2376995,12.298226,12.405937,12.0230465,12.9420185,12.483719,14.494717,15.960651,15.721379,12.913489,9.528337,11.185943,14.039869,13.696955,10.101099,11.6608715,14.079905,11.596579,5.4702306,8.43599,7.831437,6.133054,3.341721,8.828781,10.214327,6.466427,1.0914861,6.188385,8.2068615,8.265113,8.204359,6.5567346,1.9994075,-1.0771214,-5.456948,-4.5391607,-1.7205803,7.573366,9.783952,9.126356,12.441649,13.51419,13.311556,13.307669,11.979724,10.160309,10.636984,9.542276,6.247364,3.403748,2.9255438,4.110216,6.090988,3.0989454,5.253286,7.118449,3.34293,-0.60411185,-0.8769122,2.2224185,0.031881373,0.09798299,2.6547322,1.5943222,-1.8700566,4.39313,11.194674,12.549389,11.421999,10.835226,10.441379,7.5560575,2.4189684,7.6273923,9.549293,6.4467216,4.567928,6.3125806,6.2720127,8.494984,5.9375334,6.6045294,8.004553,9.352259,6.8478823,9.500841,11.698002,8.351458,6.489728,4.7759304,-0.18411382,2.20413,4.2905264,7.0630193,8.908803,9.831618,9.680379,7.7153497,5.4134793,8.645857,8.502305,4.373333,-2.9415596,-5.8339186,-0.75096124,-1.7306399,-1.1654662,5.7128534,9.06058,9.223492,9.823449,10.316776,10.132799,9.201454,7.533642,5.9564977,5.5550737,5.499787,5.08251,4.0672317,3.5906115,2.7089455,1.5039552,1.8825307,0.8169604,-1.8782854,-2.7275383,-2.2160516,-1.5375482,-1.9539279,-1.1059475,-0.70417464,-2.243404,-3.6689334,-7.83187,-11.854483,-9.964369,-4.866875,-4.051594,1.2358816,2.9036734,0.21416721,-3.6120934,-6.7689114,-6.091485,-4.195523,-2.7314057,-2.3063526,-1.9595367,-1.9540558,-2.4393597,-2.220686,-2.7102776,-4.2383204,-5.5452943,-6.077132,4.843964,6.2127643,-4.1111584,-7.666788,-8.172762,-12.5210705,-12.720185,-13.188662,-12.172031,-11.945466,-10.442582,-11.126167,-11.370636,-9.236429,-8.387128,-7.939558,-7.772074,-3.2911744,3.0777333,6.9273543,7.627142,7.2169476,6.9021854,5.970931,6.0374923,4.921752,5.2530727,4.096646,4.5159054,2.9128969,3.6920297,1.9076699,2.4048424,1.0687934,3.0895858,5.4130945,4.1035185,-0.7145473,-1.9089605,-3.183603,-1.5942805,-3.5792093,-3.9513228,-4.438051,-5.337358,-6.1348653,-7.7265863,-5.3248143,-6.817682,-6.033305,-8.117663,-3.6461248,-3.261862,-4.0161448,-3.746655,-6.076559,-9.115423,-9.063387,-8.2169075,-9.6489105,-11.497164,-11.59897,-10.755106,-8.911264,-8.081251,-8.226952,-8.986029,-7.5265117,-5.25055,1.3682984,3.455151,0.6569629,-2.0825582,-2.892413,-4.1150517,-4.9142528,-7.4048653,-10.65344,-10.692061,-8.667095,-7.253459,-6.624389,-7.81152,-6.504416,-4.865975,-4.0736065,-3.4235098,-2.8486755,4.076784,8.023225,6.56282,6.7454634,5.7924757,6.4131746,5.593772,6.5243096,5.241846,5.668277,3.896637,4.600855,2.3893137,3.1949222,2.1886215,9.765954,16.456512,13.398094,0.89745855,-0.65769994,0.14574477,-0.88478297,2.2640069,-2.2999415,-1.7128478,0.62456137,-1.5052068,-2.1860507,0.17532784,-1.9801719,-5.5066295,2.749188,7.315037,8.306517,7.356106,7.1733513,7.373234,6.572349,5.538647,5.1884584,5.129175,4.4322624,4.390517,3.7254696,4.6861353,4.500506,4.908462,4.5063105,5.025787,3.9000294,1.2004304,2.1387024,2.5919027,1.7939514,1.7805268,1.5512592,1.0234828,0.7455884,0.17432132,-0.07719235,-0.51344883,-0.40153745,-0.6576719,-1.7788355,-1.1125534,-1.0205874,2.0587454,2.556739,5.741622,4.8468294,5.1361904,4.445705,5.073288,4.2160406,4.4864483,3.458181,3.486122,1.9499042,1.3911173,-0.15865189,-1.0422398,-0.91852814,-0.6288287,6.1541615,4.155256,-8.305903,-2.6466699,-2.491755,-8.523286,-6.9391146,-6.552161,-2.902334,-2.4343612,-0.75965357,-0.674302,0.91061664,-0.057302732,-0.5500788,-2.1648576,-2.6643288,-2.1669738,-0.71303546,-2.2154424,-7.755803,-3.5844045,2.2571142,6.88724,6.855528,8.477375,9.227376,8.6257,6.5304785,4.1579127,1.9924952,-4.29981,-4.72762,-2.8565993,5.811802,6.992483,-1.9112085,-3.1679895,-4.3197193,-8.571453,-6.9896507,-3.4452586,-0.5109844,3.226161,3.3754601,3.3545282,3.2113407,2.0863314,2.6297483,1.1397579,-3.0024972,-0.37954688,5.4747205,8.48781,8.244496,7.483405,7.2077675,6.5324965,5.635585,5.4789977,4.3697023,4.1057653,3.5086284,2.3648005,1.5317732,0.28658724,1.0788498,-0.5100635,0.102143735,3.234432,5.0286603,-0.31281686,-0.18447356,-1.3441266,0.074701175,-1.8962095,-1.7850039,-2.741228,-2.0249774,-1.1755573,-4.651323,-9.617473,-7.1838036,-3.891435,-2.434871,2.2442229,5.5501056,3.3123348,2.9291697,-2.0043232,-0.98709995,0.03716601,1.9697976,2.645991,2.218766,3.4942281,4.0589304,3.1671696,0.9454465,-1.1779554,-4.7686806,-6.7597446,-0.5909956,6.3075953,5.233227,0.7476125,-1.0477266,-1.7937113,-1.0125923,-0.37831336,-2.6933289,-6.518466,-6.7440896,1.3827318,3.897488,3.5949917,2.0340066,2.9575157,2.737315,-1.2972301,-3.191033,2.6898904,9.139565,9.371196,8.313992,8.492726,7.0243225,7.364568,6.0803947,6.855016,6.1875753,5.423214,3.7407887,5.4857492,3.225389,3.798245,2.2170866,3.3166928,7.3014555,6.477297,-1.5860622,-2.4714584,1.7880771,-0.57757854,-3.4512744,-8.594091,-5.840399,-2.9978216,-0.7410616,0.14942586,-0.20618099,-0.79713756,-2.6001117,-1.7417707,1.9219282,2.2476053,3.2756004,3.3381512,5.8273354,8.640973,7.2898602,8.306481,8.82182,7.820885,9.503822,9.325889,11.391564,12.0893135,10.28983,9.819757,10.002813,10.872935,10.187345,7.532346,5.9041433,7.131438,7.6082315,6.630519,6.2622952,7.218986,9.120635,9.571959,11.584631,11.048969,10.6270275,10.11346,10.948315,8.561023,9.524573,7.826205,7.9695168,6.783762,3.8912263,3.3221328,5.1748734,7.247999,8.064706,6.95216,8.467702,8.796372,7.550667,5.9951534,3.8370826,1.1878457,4.146877,11.184615,15.040958,15.304743,12.032619,9.265721,9.201525,10.017796,9.030853,6.982525,11.44473,10.031961,11.950889,8.437418,6.7964144,5.8988047,7.2872944,5.9951735,11.556755,9.455324,7.6967072,9.291281,10.264275,11.146433,8.8203945,4.6360755,5.0635366,5.244691,2.7345233,1.7790545,0.7531586,5.2027173,5.154069,1.124455,4.137265,4.735876,9.387597,7.0170164,1.7574716,-0.16471893,1.5339965,2.2666688,1.9706811,-0.07862446,-1.9002123,3.740941,6.92575,7.363701,6.959679,6.638522,5.3643017,1.2982093,-0.19986852,2.8521833,8.501373,11.550417,10.615392,10.235728,10.209298,9.641983,9.660062,9.911017,9.891718,9.800131,9.750961,9.79448,9.937538,9.899219,9.501179,8.225004,6.782336,7.3629665,3.7824833,4.0504847,5.3733773,5.668158,6.5370317,7.295115,7.6283913,7.6857357,6.5889835,9.90396,10.930435,9.50787,7.1053114,5.1042547,2.8350878,6.8142657,8.910824,11.089272,11.289524,10.297518,8.773099,7.7484727,6.5100155,5.589445,4.6292315,3.4468913,1.9725566,0.3592405,-1.427704,-3.5311067,-6.299102,-8.331628,4.256346,7.636542,4.828214,3.4153223,3.6769323,4.666092,5.3968344,5.6877284,5.173997,4.436157,3.2385745,3.480543,-1.0345612,-13.254408,-1.7573602,1.265855,2.1079297,1.7175279,3.33609,5.5246477,5.796067,4.9693575,4.498003,4.699332,4.229217,2.966324,2.143359,2.1330266,2.1926153,1.4199939,0.4365347,1.5279405,4.743084,2.607424,7.6500244,11.180426,11.858178,9.911775,7.9985886,10.117197,10.002502,6.266657,7.0902452,7.3825307,5.8132005,9.814657,6.4313912,2.0127656,3.2992,9.293574,11.513674,9.809677,12.359485,12.231317,10.722986,10.528799,9.841373,9.421165,10.058977,7.045719,5.885692,5.9870977,9.424463,9.798945,9.557906,9.397044,7.184332,-0.20829363,-1.511892,-1.4514507,0.26491898,6.0874968,6.7345767,7.0723386,6.3147936,4.1557937,0.9667342,-3.271593,-9.368469,-4.272977,-0.8557775,-1.2499042,2.8231845,7.2152796,6.654152,7.471666,11.002558,7.6575274,6.961916,6.4926405,6.6016173,8.345352,7.758726,6.6207285,4.8710494,3.719751,4.392416,3.9431205,4.0603094,3.808044,3.5132954,3.5000234,5.0527673,8.882677,7.88543,5.2149725,4.9850297,5.4299936,4.132866,4.047948,5.615558,6.611812,5.7390366,4.637314,2.9943256,1.460011,-0.6356745,0.39953265,3.6514213,6.509538,11.094425,13.139125,13.929998,13.324459,12.757812,10.328379,8.343047,7.180229,5.371397,4.4382854,6.1617756,6.800026,5.984326,4.3435235,3.1323779,1.454375,-1.663941,4.55031,1.8359053,-0.825429,2.9518201,3.418081,3.9286246,4.1744404,2.6322877,0.5471282,-1.7058709,-5.770646,-7.99599,-10.0838,-11.302444,-8.217279,-6.5837603,-4.6578794,4.3909307,8.524514,7.1022596,5.5000877,4.644713,3.729289,3.5079505,3.4334774,2.8407211,3.0763495,2.8004262,6.457639,6.0000615,4.54408,3.2041035,1.5089226,4.92838,5.9251547,3.5359838,1.4642698,-1.1345816,0.22481948,-0.28391278,-1.7257624,-0.4505934,-0.8692408,0.4799764,0.27344233,2.236439,0.12744717,-0.4001978,2.4204073,4.6032877,2.0023854,1.7945956,7.788805,10.850811,10.326672,10.320402,9.907891,9.6079,9.524709,8.960696,10.508183,10.907887,10.194673,8.574659,9.210627,10.239553,9.816568,8.993723,4.526675,0.72480506,1.7735245,0.57131356,1.0884087,0.86365575,-0.04862751,0.27048132,0.07609683,-1.7279695,-5.351695,-3.7336228,-1.1790528,0.5498213,-2.3808246,-3.243402,-3.2735887,-4.9985433,-1.2478714,2.9341996,7.0913267,4.7548857,4.604345,4.054092,3.1381226,2.8857563,2.6869144,2.473466,2.1795015,1.7808576,2.0771153,1.8770124,6.028598,6.434887,7.5995226,11.449233,11.484233,7.4652824,1.7298943,1.1914874,0.7429726,0.46965802,1.1768999,2.5676157,3.776009,4.3901258,4.4692206,2.7682776,0.22011624,-2.558703,-3.944672,-1.1223099,4.159434,5.8466983,12.010922,12.067152,11.946697,10.628799,10.316326,13.55349,12.996001,8.364328,8.170649,8.125529,6.508105,4.447004,0.12372575,3.297667,3.89954,2.3179064,2.877771,1.9053128,1.7973356,0.54592305,-0.33247393,-2.624302,-5.675115,-5.7959533,-4.0082784,-6.1848984,-9.445198,-7.275302,-7.9004765,-5.059437,-6.36591,-2.396871,-2.8470218,3.832199,10.763965,12.994198,12.910141,12.56812,13.395868,11.189547,9.513972,12.423199,8.504452,9.126667,9.027459,11.229917,10.535263,8.207263,12.32803,12.142326,10.760521,11.107439,8.1381,2.797867,1.9428378,1.8830287,1.7050586,1.4784372,3.768531,10.782919,10.508549,5.349875,5.6816287,2.760388,3.6253438,5.8493366,1.6150004,-0.91629314,0.9341672,5.2866583,4.633469,2.5465808,0.9319851,0.22920284,0.0076394742,-0.785212,-0.019610116,0.7495037,1.6515816,-0.6267193,-4.0610127,-1.0583608,10.1064205,10.186447,2.6916814,-0.9852281,-4.4687366,-5.4375877,-2.858756,-2.8543975,-3.633251,-2.215199,2.048026,6.1131287,5.389882,4.0932183,-0.2706573,-1.9886885,-1.8753121,2.5371614,5.428257,11.559227,10.413016,7.8712654,8.050614,9.111585,7.149003,7.923809,6.4746666,6.144272,5.7900925,4.7172766,4.265835,3.3721063,3.0869343,5.1647134,9.317137,7.654911,6.7977886,4.7535796,6.320237,3.917639,4.909932,3.369427,4.196991,0.43761238,3.5467525,5.9720507,4.07265,2.124879,0.38368785,-4.2908354,-5.968589,3.0895867,5.6581616,6.6019416,5.3793516,5.3292885,5.2905674,4.7269936,4.257321,3.6632288,3.0526426,2.4787078,2.5213363,2.6965568,2.875987,2.8352122,2.6867378,2.9246328,6.629422,8.050164,3.7419775,0.9847257,-0.5395821,-0.5606693,-1.7788765,-3.2653246,-4.0554247,-4.439522,-3.2905116,2.0683963,4.320655,3.2825437,1.8997328,-0.9851463,2.3922088,3.7677667,5.7502646,7.815759,7.5095196,10.125751,9.878689,9.502688,8.521166,8.925337,7.241607,7.034713,5.001548,4.5822678,2.4057162,3.382286,1.5472276,2.4898868,5.033881,7.484967,5.4602947,6.429274,3.7836742,4.199107,2.8312106,2.7258568,1.6521477,1.8788817,4.24427,0.8244377,-3.2119513,-6.0784106,-3.5810244,-2.0982008,-2.5173726,1.2293952,2.6877453,6.9858685,7.7094483,6.3714576,4.2599473,2.311398,1.953517,1.7128458,1.5084064,0.5349933,-0.62138075,-2.4413056,-6.134166,-7.4664903,-2.0940702,-1.8538189,-0.030489916,5.0319343,6.3026533,4.0342407,3.757517,3.9456396,4.815683,5.141553,4.6325736,4.2004333,2.7108612,0.75796986,-1.6282983,-0.8525277,3.1453762,4.6520214,4.8464875,4.817781,5.6730514,9.855913,11.496708,9.7120075,11.434929,10.416891,11.918442,11.250314,11.925935,12.259464,10.963675,11.738997,9.993513,11.24893,9.165176,11.089339,8.502039,10.055276,7.8425646,4.319757,3.9182053,6.439655,5.5128794,6.404693,6.486633,5.67337,4.665147,3.4028516,3.432747,3.7841544,2.9520836,1.872331,0.7128198,0.83277917,1.4102226,0.27090985,-2.631159,-3.22199,-2.1727684,-2.305109,-2.367695,-1.8168144,-1.2892673,-1.1203505,-1.3808388,-1.7356734,-2.6171331,-3.3578615
-1.528498,-4.4285784,-6.37224,-3.498145,-3.9778302,-5.2933354,-7.813632,-13.150502,-11.325351,-9.7710495,-10.720035,-8.717108,-5.9117155,-4.8393855,-2.4730992,3.8143036,1.8298383,-5.8204536,-5.3448906,-3.437429,-2.5609767,-2.9904153,-3.4584353,-4.6567945,-5.6376247,-6.7415504,-4.714015,-3.9647355,-4.554803,-4.316266,0.7860004,1.802631,3.3702648,2.6399865,-1.4319037,-2.0866377,-5.111475,-6.4202814,-6.5312414,-4.1095057,-3.1290565,-4.423058,-4.537544,-3.950814,-2.4326305,-1.8982269,-0.197498,0.42204237,4.8340306,7.5498734,5.9270816,3.3712006,1.0119987,-2.8519344,-6.9111986,-7.7349367,-5.139571,-3.4981527,-0.9548483,0.15250356,0.42280757,0.022478567,-0.17755283,-0.49224928,-2.475774,0.3300057,4.7322087,3.521102,2.591412,0.8392782,-0.68813974,-2.5652611,-3.0852957,-3.2573853,0.2163828,1.1432823,-1.6905863,-1.7652141,-2.7047691,-3.7916973,-2.7672524,-2.4505773,-2.489705,-1.7406046,0.51219934,-1.9002311,-4.159338,-4.680057,-5.691462,-6.0315046,-8.051871,-5.7377157,-3.0917451,-6.901805,-5.6553164,-2.4947977,-1.3916471,-4.0169816,-2.8590875,-0.06901463,5.3817806,5.837565,0.45758164,-3.145332,-4.8515453,-3.5146186,-5.7853227,-4.8565345,-4.4822617,-4.046393,1.8637663,5.363831,6.64648,5.0574327,1.7622668,-1.4007014,6.327763,9.880061,8.414548,5.8828516,4.3153615,4.252586,4.304068,1.5882088,-2.9462981,1.2889944,5.300922,4.5368395,-0.45112386,-1.8160129,0.13431078,-2.899718,-6.147223,-0.9043812,6.5390444,6.2146735,-3.836597,-2.455892,-1.0133288,-2.8762949,-4.2954965,-2.5758245,-2.2551425,-2.3507664,-1.8090898,-1.6639547,-2.12424,-5.4614825,-6.9528236,-7.299596,-5.396842,-0.30921635,2.8348324,0.20800717,0.5338699,-0.1277935,-2.414741,-1.7320693,-2.4477181,-2.305217,1.2367508,0.46674785,-2.7291405,-3.3088193,-3.7523427,-2.2002068,-3.1028035,-3.930632,4.1479206,7.0771523,0.9299737,-7.316283,-9.185665,-5.4670944,-5.632605,-5.0930567,-3.3861055,-4.6078544,-8.044088,-2.2997491,0.2167256,0.59414065,-1.8939744,-0.19973841,3.3649302,4.2056136,3.649262,5.0377836,5.5006547,3.0232205,2.396144,2.786765,3.220436,6.59594,3.3197048,0.11324449,3.6410556,4.9431763,6.5339804,10.24619,11.206904,9.393756,5.912941,3.5929337,1.1432947,-3.34721,-7.289727,-5.2170334,-1.9605203,0.93513405,2.7628672,2.14612,-0.34619135,3.3015153,2.183453,-1.2741851,-7.440979,-12.193179,-6.742815,-5.592183,0.27771574,3.2388391,1.1514081,1.3574003,0.9595757,1.9914532,2.0598514,0.3575963,-0.9127686,-3.1619642,-3.3520703,-4.1011405,-3.8841434,-5.6552906,-5.1020694,-6.2959175,-7.4936256,-6.486638,-8.49032,-13.97935,-11.25428,-9.335785,-9.821176,-8.423415,-8.946401,-7.8844824,-10.495597,-11.276893,-9.442573,-6.640343,-5.8669066,-1.8183136,0.33011174,3.6923819,2.6513817,-3.5764108,-5.6250343,-6.216077,-2.3296483,0.17829782,2.367399,3.2554774,3.747826,3.8187883,3.398421,3.2400916,2.5760393,1.1417358,1.5327328,-0.264615,9.318314,9.086451,-2.8823316,-3.2063496,-5.9823437,-12.71532,-17.869127,-19.84723,-18.124495,-10.745069,-7.1131206,-7.135396,-6.671623,-5.704739,-4.4490895,-3.9999585,-3.3235316,-4.9565845,1.0918912,1.4650259,-1.1257148,-1.3930297,-1.4773288,-2.8563669,-0.7032335,-2.174053,-0.076943345,-1.1294701,0.6526286,-0.20600238,1.2802838,-0.35286212,0.4729697,-0.3345046,5.667266,11.647783,10.034821,3.0850677,1.0073546,-1.5753489,-1.7657555,-2.8404417,-2.8161588,-2.4027941,-2.0262227,-3.0542219,-3.7795305,-2.0316818,-2.4485648,-2.2115123,-2.0081177,-0.90617245,-1.0406139,0.15264201,-0.5801437,-8.904229,-13.346001,-7.2888064,-5.002396,-5.1981363,-7.7587037,-10.906565,-7.097581,-4.354528,-3.878326,-5.7722654,-8.453962,-4.198478,0.27307776,4.875867,6.6381035,4.85515,4.3598747,4.248423,3.1185699,2.249998,0.8792004,-1.156447,-1.6103425,-0.73457724,-0.79925144,-1.5825975,-0.6451812,1.442394,3.2168806,3.8571515,1.6183621,-6.030307,-2.0018144,2.2148829,-1.3386409,0.062181234,1.0733323,4.9744663,6.79538,8.3204975,8.353089,8.347806,7.5318537,7.5592604,6.663436,5.9041443,7.052491,11.014837,15.0444145,14.604471,5.555562,4.27465,5.133651,2.1476202,-0.82078403,-2.9788086,-4.374782,1.27257,2.644088,1.7506008,4.2240877,2.0284154,-2.7574115,2.1249042,9.366047,11.799395,12.534866,12.951351,11.954123,11.062723,10.39957,9.892725,9.812955,9.3201275,8.643502,8.585373,9.209503,9.909319,10.238952,9.723923,8.818531,8.474204,8.506224,8.170864,8.101603,7.4932585,7.1296782,7.0233207,6.625102,6.094613,5.610134,5.0471325,4.5127974,4.1967897,3.7392938,3.589624,4.0222273,3.618666,3.3185647,2.432296,4.8330517,5.1549253,5.7109785,6.2693014,6.905344,6.5955305,6.60868,5.976848,5.5686517,3.7231853,1.203132,-2.348877,-2.583064,-0.2596513,0.21588923,4.1231003,6.310055,2.8273916,2.3045936,0.9939642,-1.9830627,-0.9335884,1.564672,3.3604722,4.726704,6.1659164,6.529372,7.4769382,7.332428,5.2159595,4.0193086,2.6631866,3.1184647,5.408924,2.5741024,-5.927205,-0.7661783,4.2038784,5.961711,5.1879873,11.398822,14.126458,14.543523,13.984915,13.031597,11.137615,6.106096,1.4285774,5.2780514,11.106331,11.027559,4.2133656,3.4028773,2.1536002,-0.16697825,0.0350291,2.531388,6.9765472,10.209222,10.710048,10.409545,9.4012985,8.1587515,8.180622,6.675014,3.5302753,4.1646867,5.4072185,1.889794,-0.21961413,-0.6570058,-1.3491656,-1.4891386,-2.9427576,-0.9497714,-1.4792739,-0.9174287,-3.41457,-2.3164806,-0.954749,-3.7253997,-0.52161884,1.7463703,6.450919,8.805162,6.0876374,3.6872416,4.000247,5.123947,5.447471,4.518172,4.388319,4.3026,5.5320034,4.063621,0.24467842,-1.4363735,-2.4334219,0.050994042,0.042177107,5.8438263,9.589873,8.382588,7.099842,4.59941,3.6341357,2.4100795,7.1899385,8.82774,9.538846,10.229975,10.03023,8.649218,7.204972,5.320575,2.5601172,-3.331437,0.7518486,10.484077,10.872078,7.593342,5.3838787,5.535074,6.086602,5.6045604,3.4372177,0.23687595,-7.4204473,-5.1851444,-2.7830896,-1.8595793,0.8657617,4.5532255,7.3512173,6.528283,2.6462998,-0.8832787,3.1286278,2.6180384,-0.9544914,-0.18309659,-1.7561651,1.9573354,2.3864684,3.9217944,2.2840955,3.9533317,0.33077148,2.202731,1.8317637,2.9828084,4.508602,6.9262133,10.122234,7.774997,1.0985479,2.8841968,8.1352005,9.395773,7.236141,1.3719677,0.19323163,3.8421104,3.7192073,2.4820957,3.3987057,2.1321626,2.5870335,4.381313,4.9219794,9.255241,6.6898203,5.6615944,9.21619,11.163811,10.985117,10.153914,11.05921,11.162933,12.351147,12.624735,11.503191,11.144251,10.570856,10.324085,10.240888,10.36685,10.83333,8.50341,4.6745334,2.5667145,-0.57164913,-1.4307045,0.44698474,4.0843897,6.142986,10.124396,12.780981,11.735411,9.773616,9.092606,7.69005,2.2295084,3.9318335,4.281696,7.5668235,7.988486,6.2644644,4.653318,3.624755,4.682263,6.8629627,7.930699,7.512793,4.555594,3.436421,5.615892,7.696013,9.727177,12.559323,12.916725,11.737203,11.249338,11.58328,10.060931,10.030157,6.6085463,0.5985015,2.9116015,6.3775206,5.8080463,9.7746315,8.117819,2.0074754,5.660967,8.837525,9.945031,13.288681,13.253087,5.817857,7.036234,11.703567,12.070337,8.604608,4.7771325,9.900191,10.342403,9.308107,10.712486,6.8407793,5.086954,5.4220433,3.8097,6.1110735,3.5138483,10.563584,12.176558,8.569389,5.9620533,6.384992,7.2268515,7.3462048,5.901005,6.581371,10.316931,12.434205,12.783081,12.273544,11.551137,9.092475,3.3810477,-0.5060793,4.759047,13.060343,16.16023,16.330082,15.8999195,15.499693,14.935596,14.990777,15.331363,15.381757,15.431118,15.382813,15.518412,15.809734,15.995883,15.599699,14.578694,13.540073,9.922049,-0.79974025,3.0172918,7.4585733,10.243006,12.453857,13.489235,13.706062,13.487196,14.251704,16.60004,17.100763,15.676355,12.874081,10.179051,10.923833,14.0572815,16.209019,17.53488,17.436352,16.408432,14.805914,13.280841,12.012524,11.06441,10.0743065,8.880074,7.329505,5.876098,4.5378656,2.4790692,-0.96142554,-2.3348026,7.584382,9.030576,8.323524,9.8926525,10.562876,11.275915,11.631702,11.5886545,11.210663,10.571298,10.336071,9.198476,1.6949801,-7.525313,-2.318771,5.029201,8.430502,9.031297,9.277567,11.6786175,11.778711,11.016746,10.147093,9.030018,7.9853177,7.1110163,6.613661,6.6524696,6.623614,6.140969,5.4245977,5.5870943,7.5852556,7.343198,8.916559,7.7741776,7.1595755,9.011518,5.575492,7.280916,6.0951576,5.1402183,6.0739665,5.472322,5.719281,5.870989,6.976769,2.3073735,-1.2174712,8.767044,16.538788,14.479485,8.223927,7.446165,5.836763,8.993005,13.169211,11.162634,6.044516,4.657716,6.573217,7.593523,7.8224297,4.3875213,1.4612473,1.4187133,3.5928607,3.6477244,6.5355678,6.1105556,0.36566627,-0.5625365,-1.1277511,2.0853992,1.4536046,-0.15037629,-2.6247869,-5.893605,-8.209505,-7.3593526,-6.84627,-5.931403,0.2817331,6.9768243,10.079435,10.952862,11.797501,8.462393,6.4704437,4.4622583,3.1928709,4.63022,2.8844132,1.0694479,-1.5100418,-2.0789056,1.6423976,-0.78022844,-4.182741,-4.754233,-2.8567598,-0.82885796,3.250309,9.706333,5.825427,-2.8745022,-2.1029937,0.66427577,-0.3426129,0.6061449,1.3066854,2.3576055,-1.6883253,-2.1578903,-3.3984103,-3.2301593,-3.6960812,-4.0192566,-0.77393126,0.37028447,6.2026196,6.785373,6.9766517,4.613023,6.143227,3.213024,-0.75913095,-0.93951595,-0.35932267,2.8180037,4.4658084,2.7863894,-0.20265391,-2.7066188,-4.3417463,-2.4003258,-1.9857906,5.5181274,5.4503226,-2.3750343,-3.0016124,-4.7331715,-3.0470328,-3.2103798,-4.835632,-6.8546762,-9.222186,-15.193003,-15.990097,-14.179992,-16.029371,-14.965387,-13.88278,-12.455779,-2.679529,-0.7748703,-5.0599203,-8.045504,-13.335208,-13.891946,-15.905281,-16.220604,-15.758796,-10.687913,-5.5302696,-4.598511,-8.045369,-6.6221466,-8.362444,-9.040019,1.1952646,9.926365,8.623852,-2.6553674,-5.9759183,-4.479166,-5.814993,-3.9437585,2.025463,4.8572373,5.0105257,2.71224,2.4492872,-0.059994478,-7.125353,-1.2063719,-1.0934906,-4.0877705,-0.44689065,3.8299403,3.8312683,2.8791714,2.930344,1.5035388,1.2143514,1.3967825,1.9673052,1.2478216,1.1891341,1.1943182,-0.9791159,0.45835036,1.6078557,1.9936719,2.62192,5.2235184,2.4929829,-4.4047503,-6.3667183,-3.7408037,-3.7164097,-8.391837,-6.8692856,-5.2545886,-5.672283,-7.017252,-7.63673,-5.798294,-5.2639303,-9.652832,-11.002627,-7.514698,-6.9257975,-8.283707,-5.650738,-3.2683048,-5.1099586,-7.997716,-9.870425,-11.698684,-9.030885,0.39189443,3.311565,-1.3238584,-9.431149,-11.535105,-7.2543306,-2.418764,1.3837928,4.236799,11.090181,10.783296,3.5851126,-0.14104134,-6.2218876,-7.513012,-5.9300847,-4.5185833,-3.6002336,-1.081504,2.0333884,0.5939442,-3.573204,-6.15578,-10.993342,-8.852473,-4.886638,1.2871264,3.2853796,6.138665,5.1096396,2.4356582,2.6166234,1.1707311,6.0876923,9.401472,8.180649,4.1026163,3.679466,7.034606,8.360434,3.013073,-2.2645233,1.7611766,5.3351073,5.852814,-1.5821898,-2.9029927,-4.508728,-4.9145503,-4.5450096,-5.425866,-4.125224,-0.40779847,1.485708,1.083556,1.6820307,-0.700339,-0.87471837,-1.3570969,1.4167306,2.61798,6.875071,9.192879,6.5087223,4.8234897,6.063673,10.072611,9.319831,8.010116,9.194677,7.3493104,8.144673,6.901408,7.4681325,6.3500557,3.3167448,9.2028475,15.628006,16.342121,8.955993,3.1159189,2.565118,0.60516185,-3.5750601,-2.747338,-1.3529811,-2.749553,5.750224,11.506871,12.017141,10.652652,6.992896,5.137249,3.8812659,-1.1223458,-0.8595539,0.28794262,5.0747337,7.8173537,7.8764744,7.712025,7.1616597,3.6918328,3.141048,4.5594735,5.500208,6.9343977,6.056467,2.9187622,4.018165,12.372655,11.81226,5.5138073,2.8275406,0.19867826,-1.807078,-0.47207263,1.1227443,2.3422542,2.0026038,2.8452768,10.4755125,11.847435,9.47573,3.7368562,1.0354886,2.309323,9.090215,9.176775,12.105565,11.860889,8.762852,4.963334,6.7168093,4.0885344,4.3572206,1.2701072,0.30173934,-1.0343931,-0.012448005,0.9008426,1.1870418,1.1451135,4.6681843,8.579575,4.4894276,9.0791025,11.242506,11.729322,10.6026945,10.071747,9.237354,9.180519,8.178988,7.1224446,9.121863,9.1435995,8.335226,7.0786905,2.7353373,1.9856989,9.799893,12.396315,12.27992,11.923483,11.5489435,11.220647,11.07833,10.704754,10.322933,10.063552,9.534814,9.145278,9.20928,9.33318,9.383955,9.41008,9.583872,11.699196,13.169556,10.203951,7.678203,5.9733543,5.423966,4.5859776,3.3779163,2.7645745,2.1556373,2.695891,5.187574,8.880604,9.439884,8.346193,7.4873877,8.57347,6.5609174,6.3990235,5.814315,8.542708,11.844933,12.159147,11.524668,10.7416525,11.079701,10.516825,9.517834,6.7222204,3.8573394,0.89186454,1.6252377,-0.06154984,0.2701646,3.5487473,9.226522,11.015338,11.062926,9.644333,9.32818,8.728832,8.488683,8.192751,6.2586775,5.093972,6.3469224,6.033006,3.2993946,2.7316606,3.7348678,0.32042432,1.1079301,4.0399766,10.911791,13.663155,12.5707035,10.418029,9.12974,8.566512,8.515769,8.66831,7.5289335,5.255534,3.2060776,-1.6477638,-6.0843363,2.0082743,4.785275,7.34608,11.601977,11.892471,10.350336,9.979166,10.4885435,11.307301,11.582443,11.0709715,10.150603,8.738987,6.597479,3.7159133,4.6262045,7.942691,9.431826,9.376704,9.113561,11.492223,12.3226595,7.5244975,6.329362,10.443241,11.858387,13.5766735,14.233471,14.880215,15.340599,15.220963,15.397502,14.86966,14.870155,13.919355,14.308523,13.316722,12.634455,9.104539,10.166663,10.450338,9.920655,9.337675,10.304951,11.561985,11.26306,9.481867,9.857041,9.514654,10.792865,9.981217,7.8006573,6.296801,5.334921,4.7576246,0.6916836,-0.40578693,2.5357833,3.211444,2.720908,2.3522398,3.270204,3.4509296,3.8567529,4.3753014,3.8030663,1.5035809,-0.08593227
2.2289972,3.3230853,3.328389,2.588255,1.3174202,1.1147537,0.35893446,-1.0522485,-2.9825165,-6.6676574,-11.019029,-9.266684,-6.3021755,-2.197629,3.3677914,11.474694,14.671143,14.426853,14.334347,14.44886,14.270113,13.7579,13.277627,12.603421,11.490801,9.755572,8.475029,7.4456716,6.5370474,5.486511,6.5842743,9.613936,6.0680494,8.994786,9.762243,9.237255,8.486099,7.3737736,5.851422,4.8883467,2.786033,-0.45271403,-3.586075,-9.858811,-10.20993,-3.7874475,4.230827,7.5549006,8.06624,10.341172,10.020114,7.5406213,6.529607,6.998882,7.9676113,8.310717,8.366307,8.293456,8.44149,8.754212,7.9568076,6.333275,4.7909684,4.3414803,4.7310486,5.1638165,6.5383215,6.506341,7.369929,7.2994404,7.3775077,7.700988,7.6705046,6.981798,7.3749266,11.589507,12.021238,11.145472,10.703043,9.571859,5.813913,2.6834335,3.2905364,7.399953,11.319534,11.440376,10.498046,10.604907,10.368124,10.1042385,9.960139,10.05028,10.528612,8.581038,7.421825,6.7226167,6.7480826,9.210584,9.579142,9.957267,11.367692,9.662569,6.484203,5.460591,4.379466,3.1062284,3.382912,2.8468633,1.4373873,1.4089477,0.27255458,-2.8333683,-0.07528791,2.1479752,1.1301743,2.0059948,4.0304484,5.636044,9.05408,9.530457,8.817238,7.999117,7.0618515,6.5232353,6.3922887,5.8158703,4.411998,3.0098245,1.217569,0.41219082,-1.5118434,-2.277006,-3.9433525,-4.6908574,3.330482,5.316405,2.398129,0.9611556,0.71494794,1.618626,2.52192,2.3853018,1.8040979,2.5171075,2.8048682,2.2657144,1.4938015,1.251684,0.6605674,1.8478978,-1.9073051,-3.5711684,3.9237094,7.309374,6.6254168,5.73901,5.2259297,4.532991,4.151169,2.9215274,1.5942688,0.4674922,-1.0137334,-1.953056,-2.5470006,-3.2811356,-8.955015,-9.181003,4.5028133,6.3859468,-2.2036426,-3.5143347,-5.0935225,-4.6419787,-4.043265,-2.8044538,-1.6384958,-1.1369469,-0.34206477,1.3645082,0.39635298,-1.7620246,-3.1705382,-2.231964,0.89171183,1.8178451,2.0489652,6.624548,6.9583135,4.9676304,0.92014134,-3.3012412,-6.014432,-5.504286,-4.3443646,-6.106841,-3.921293,-2.3712916,-2.7199059,-1.3169188,-0.7456919,-0.11484004,1.3518416,0.21076156,4.529089,6.7138023,6.107231,5.8968983,5.5802402,5.5024624,5.3507547,5.270124,4.6064014,3.59622,3.4407673,2.578947,1.4209602,-1.3906099,-1.9484746,-3.4547856,1.5224519,5.4251857,4.5728083,2.7442577,-2.7625582,-12.659264,-9.88223,-4.315299,-1.5625463,-2.6337168,-7.010598,-1.0140277,0.58789384,-1.096613,-1.3682854,-1.4152124,-3.8454149,-10.82944,-15.688431,-16.110296,-5.2755885,-2.7006302,-6.0340147,-7.7577457,-9.090317,-12.830521,-9.355292,-6.160733,-2.8974094,-1.0398333,-3.3875952,-7.373986,-9.094692,-2.7961195,0.19395305,0.84864795,1.6683309,-2.0070891,-2.45451,-0.24200577,-1.4806914,-3.233901,-1.8613243,-1.1967971,-2.1598463,-2.9317858,-1.6146,1.1016612,0.59060645,-1.3873643,9.374167,8.334867,-2.6481018,-5.325549,-10.186073,-13.716074,-11.085868,-11.376457,-9.889564,-8.362735,-8.958097,-13.566729,-16.969505,-19.703123,-19.91439,-18.433603,-11.960764,-9.830904,0.97682345,3.5647085,2.1558712,1.5640602,1.3723156,0.21596903,0.02328454,-0.28970724,-0.9310037,-1.2312856,-1.7300925,-2.0843463,-2.5440445,-2.903466,-3.3346007,-4.163333,0.2894051,6.7974977,2.5952396,-3.2424064,-6.318016,-9.702705,-11.927405,-12.335638,-12.367158,-13.165551,-11.918222,-11.258506,-13.227254,-12.365717,-11.998882,-13.335234,-12.382788,-10.677527,-6.4333763,-4.0671387,-3.0901904,-5.481307,-6.593688,-8.0337925,-9.688249,-11.197968,-13.252597,-16.131802,-16.228127,-14.652387,-12.613572,-11.984701,-11.645589,-10.688807,-6.5104637,0.5222956,-0.24170773,-5.368762,-5.7782927,-6.485977,-8.133581,-8.200206,-7.4679303,-8.400791,-8.916923,-9.336034,-12.0401,-15.22014,-11.9816475,-9.580265,-7.405913,-5.3883038,0.77237797,0.546617,-3.859618,-4.019632,-3.303082,-1.5482842,-0.39650536,0.08734192,0.7499101,1.5006976,1.8411849,1.8898858,1.6672194,1.5664865,1.2853695,0.7415051,4.773275,6.652443,11.399661,13.909866,5.8327093,-0.107649304,0.21171628,1.0426309,4.2916136,2.1628633,-3.6127577,1.2514291,1.492375,-0.57568806,-2.9123094,-2.7210498,-1.0781901,3.884734,5.6214023,5.930787,5.0488024,4.9481525,4.5946712,2.9692225,1.5663081,-0.08381207,-1.8018912,-2.5026875,-5.8619537,-6.3152714,-4.844019,-3.7874935,-3.365119,-4.6845303,-3.0031338,0.69073164,-0.35590473,-2.7680073,-4.9816904,-4.4898324,-5.1559563,-6.1170664,-5.9721894,-6.4542913,-7.4769764,-8.272058,-8.428986,-9.123113,-9.095427,-8.695682,-8.507744,-12.036072,-10.065966,-4.5220165,-2.9220784,-3.18748,-1.2405771,0.48598725,-1.7892469,-5.2343283,-2.9502842,0.04154386,3.2470207,3.7736056,-0.5907545,2.7070522,6.549567,5.7874627,0.018188687,-1.7927076,3.436624,3.8709927,0.54347885,-3.3797143,-3.9708376,-4.6149354,-2.6822426,0.72695935,2.781708,2.9367046,2.0356247,0.80181384,2.7819512,1.2180293,-1.6233134,-5.4785404,-2.7028022,-1.2268815,-0.59699243,2.6700127,2.799959,-0.64444333,-3.8663568,-4.469262,-3.154403,-1.0983411,-0.10546703,2.0546525,3.1312952,3.548126,2.5119486,0.5282079,0.8946543,7.9690495,5.6739945,-0.49030778,1.3709229,1.8130838,1.1682739,8.724862,12.544828,11.075382,6.5751104,3.6194193,3.7994518,4.438524,4.227033,3.4486122,3.1819663,-1.0684379,2.5814338,4.673979,5.508971,6.263484,5.431613,4.73352,5.55069,5.8222265,5.7432456,6.004302,5.4030943,3.8245537,4.8189573,5.437769,5.335221,1.6682484,-2.8322937,2.3626165,7.183151,6.567196,7.6589813,5.1076307,3.8822339,6.112166,6.4896526,6.3951387,5.8720827,4.877163,4.163699,1.5519168,0.059762985,2.2068377,8.405682,11.027403,11.341892,9.123374,0.88625854,-3.2113826,-2.228198,3.1582217,1.3958467,-1.9774778,-0.7677424,-0.3140706,-2.4386315,-4.0170727,-6.9553065,-3.649766,-4.3162184,-4.760204,-6.891531,-2.6540174,6.026273,2.584258,-3.3424497,-4.6080294,-3.1047843,1.345953,1.6063414,-4.390415,-5.112363,-5.8675313,-6.3045444,-6.262383,-5.602442,-4.635321,-6.7624416,-5.876875,-2.646496,-4.708109,-0.8703443,1.7229182,1.2719378,1.1336215,-0.3348323,-1.7992638,-1.5849608,-0.62556213,-0.3338499,0.4319635,6.6804214,4.700692,-0.08074739,0.80033755,1.9710242,5.333292,6.389766,9.036371,4.115464,-0.18604335,0.22612251,1.8019258,4.956307,3.551269,0.5350853,-0.71791166,3.3160546,7.916102,8.209812,7.0877976,4.4932323,2.1138139,6.5517387,7.072855,6.906605,7.4703503,1.3089983,0.48683798,2.9258914,-0.52100945,-4.57509,-2.5989416,-3.153562,-3.5396132,-0.7786732,-1.612712,-2.1271875,-1.2300776,-3.3972504,-1.6980969,-0.45062187,1.8847157,4.2197275,-2.0218935,-5.3006916,-8.345474,-9.141816,-4.9512806,-4.1986923,-3.4132504,-0.49150306,1.033611,-3.230917,-8.9774475,-11.123455,-9.433503,-5.006171,5.640751,7.6497216,5.6290584,2.7469494,2.387598,2.5343385,-1.0536399,-0.5249819,0.37320152,-2.1429827,0.5675214,9.504,12.242218,11.762457,12.77053,13.713336,11.609935,6.5875254,7.741576,4.500604,-0.21667227,1.8199012,1.6487085,-1.738866,-0.4149243,-0.70540774,-3.8703275,-5.0581436,-4.556345,-5.4758177,-4.1931205,-5.6262703,-7.5301847,-4.289306,5.779307,7.0636516,-1.3465219,-4.1628556,-5.7026606,-5.9182854,-10.931226,-2.6752782,5.3625307,5.4137793,4.1003437,4.910858,-0.93365735,-8.828743,-6.9098063,-7.307487,-5.020826,-3.5732718,3.9490767,2.6757479,-2.3950312,-3.907813,-6.251564,-6.0123854,-4.4118915,-5.458495,-3.2976356,0.34586412,-0.12445414,-0.8022057,-0.3545316,-0.9966106,-2.1215155,-4.519102,-0.96614844,2.665524,4.842531,2.5009365,1.4123478,0.4044612,-0.7210296,-1.3588128,0.577557,1.2906116,1.1066506,0.97012794,0.9175402,1.47267,2.055841,2.4247727,2.0277956,2.7808344,9.280017,6.6897917,-0.015910927,-5.1065607,-3.701315,-1.9550146,-0.13636349,0.43880913,0.26332107,-0.9187105,2.2502234,5.7423544,3.5584688,2.0567896,-2.0070746,-7.36477,0.7500495,3.8046768,6.8619347,5.466947,3.1196246,2.2380683,-0.1857964,-2.752851,-4.180041,-4.3197875,-4.9018006,-5.6978216,-6.8729906,-7.8574657,-8.095199,-8.137548,-8.271788,-3.8563752,3.91037,1.8047278,-2.1093318,-1.5067004,-0.0444312,-0.36363792,-0.7085118,-1.5754426,-2.2725482,-3.1635013,-1.2389189,1.9628495,-1.335417,-7.093253,-4.2113175,-1.0834075,2.9018917,6.0068684,6.686656,5.000319,2.9762893,0.91000545,0.4443552,-1.9144942,-6.9976,-7.7261996,-6.5506124,-6.5162935,-6.2560835,-7.4968934,-8.006259,-6.1102257,-1.1013703,2.1676996,7.0898066,8.843601,7.937836,8.668903,7.5685463,8.002842,7.3089113,6.834649,6.957662,7.2662134,6.10177,5.176772,5.1301947,3.9143693,2.3839552,6.503042,19.141293,22.085663,19.469707,16.313494,11.606649,12.605439,17.949877,16.912266,10.035036,10.954271,13.357973,13.842889,14.686441,13.882286,11.747886,11.7494,13.344823,13.15111,15.435644,14.930752,12.979975,12.328592,12.174982,11.632324,10.497399,9.180957,4.5008245,10.326177,14.014078,12.4201,8.162108,5.149894,3.6664467,1.5856438,1.4920665,4.427287,10.480548,10.759841,9.614165,9.161919,8.442358,7.3054247,7.8183565,8.178293,7.170885,5.485616,5.7099957,3.6677356,1.5933273,3.6794863,4.0353494,3.3800502,6.1207542,9.185273,6.3687544,7.421901,7.820759,8.070942,8.861999,9.0176115,8.859343,8.905507,9.416263,9.965855,10.766825,12.046326,11.75486,9.80249,7.1608644,3.8868215,3.1380267,5.0311255,4.037426,-0.53903574,3.2013557,10.60461,11.404697,14.631363,15.659527,14.630531,13.78435,12.65552,10.068741,3.9559703,5.218268,6.645587,3.0714412,2.3961713,1.9690821,1.8967252,5.3152223,3.769615,-2.8054464,-7.1775146,-7.3778863,-4.1149178,-2.2005088,-4.925353,-7.2213764,-1.164117,1.6639035,2.3611364,2.770341,4.3756957,7.249823,6.562954,7.8872733,7.9102607,6.929229,5.931399,4.5520635,3.6635714,3.38429,3.8859072,3.928734,4.4787793,4.7258005,5.6575747,6.9506097,7.180595,8.2879715,8.5894165,8.708676,8.037365,9.173879,11.995224,12.5124655,11.399002,10.147103,7.9804616,7.827462,7.8004265,7.6784415,6.4849195,3.7776775,3.3661118,1.95975,3.8932815,5.8422017,3.5433846,1.6362,3.9722877,-1.8529785,-1.6682465,-0.45986596,-3.1125655,-3.019732,4.158462,4.6693177,4.3371434,6.0153522,6.802746,7.577851,8.335587,9.426666,11.117583,8.377097,7.6368375,7.318644,4.872074,4.3703628,4.048766,3.6500115,3.1546366,2.0788922,-1.5846086,-4.901637,-5.045723,-4.9539,-5.2017975,-6.860672,-3.993355,-2.387928,-5.3501344,4.102459,8.936471,9.050935,8.944164,8.842869,8.133175,7.5706053,6.4308267,7.367261,6.794104,6.3052645,4.805571,4.6829615,6.615355,7.2411866,6.488593,5.880254,8.451639,6.244349,2.5897777,1.6212173,-0.7350237,-2.726936,-1.3976611,-0.101713896,5.3606563,9.992493,6.591793,4.05323,4.3389006,4.341338,5.3486114,6.545398,12.134561,11.339961,6.1133714,5.4072485,13.637133,16.022587,14.55965,10.825128,10.174017,9.683885,10.146017,13.378257,12.491869,6.2683816,6.2452507,6.6049004,9.655338,8.050459,6.620681,6.0078263,3.5063264,9.524519,10.130989,8.3636465,6.722524,7.4299884,7.2268763,4.767222,5.9664145,7.686344,6.327741,5.0430393,4.023368,1.6277909,-0.18998288,6.504975,10.811119,10.467642,7.3731394,7.291217,4.328705,1.7045739,0.71357673,-3.6434956,0.30115828,-0.47362894,-3.3187938,-2.6508102,-1.7071402,-2.0608172,2.6555538,7.997485,11.77685,5.6130075,-5.517717,1.7383354,4.6058784,6.0162516,6.590249,6.390663,6.392915,6.554118,6.365055,5.827151,4.53485,1.1598976,-6.57497,-4.9463167,0.2643973,-0.5885106,-2.1115851,-3.921935,-7.044208,-5.180552,-4.0751166,-2.8659272,-8.953529,-9.023287,-8.110813,-9.419432,-6.2221484,-4.541727,-5.711095,-1.7049485,6.243473,3.507515,-2.040167,-3.728013,-4.0876665,-7.449649,-7.5840063,-8.0411215,-8.202089,-6.339363,-2.9026713,0.77143794,-0.8681924,0.3020151,-1.1313243,-11.441111,1.6037822,6.0180135,1.7304932,0.69628286,2.4821763,7.642009,8.338619,6.83963,5.9188366,4.780282,3.8235273,3.1030176,2.6615593,2.6061056,1.650638,0.3734082,1.8607427,1.4035659,6.057419,6.9746227,1.3782904,-0.36210534,0.010740775,-0.4900064,-1.4140239,-2.1771843,-1.1892246,0.09458526,1.1707522,-0.97958094,-2.6978018,-2.2246919,-0.50221074,-1.7306592,1.3157353,7.757387,7.7625127,6.5601974,4.089072,3.2532809,2.2785208,1.1268924,0.29939485,-0.8847611,-0.9708739,-1.7184043,-3.3134124,-3.784468,-3.9832072,-3.8691993,-3.7362113,-3.7697997,4.7858114,8.264353,0.22001731,-5.119849,-8.235469,-9.002288,-8.4995365,-9.67176,-9.55538,-11.180812,-7.1801763,1.1468332,-0.26658475,-4.176017,-4.9688206,-3.8008106,-2.2094955,2.9335837,2.117763,2.8392935,9.833731,10.89902,10.229446,9.698209,9.250154,9.189556,9.465026,9.3782215,8.630641,7.7031894,7.7521415,6.476317,5.255198,4.7405405,4.4243875,0.71668315,-2.274496,-1.8822306,-2.8597941,-3.112421,-2.4432142,-0.6863924,1.572672,2.71071,4.7508545,8.552269,4.580128,0.56945854,0.7089703,0.54476416,-1.0073681,2.4753234,2.3640687,5.000408,4.041272,2.957051,2.0098817,0.39481926,-0.44728577,-0.99937445,-1.0730528,-1.6950923,-4.706648,-5.178383,-8.108457,-9.166989,-3.6719022,-2.104211,-3.5749018,3.965889,2.7885966,-2.7335598,-4.372484,-3.2004988,-2.440971,-1.5812562,-2.1353037,-3.7991679,-4.406049,-5.2077127,-2.34337,-3.065071,-4.4044104,-5.6955633,-6.41124,-9.524891,0.7783336,4.09338,4.4456453,2.0337179,1.659049,0.7054791,0.45539623,0.30125102,-0.1550615,-0.3461765,0.15324529,0.08823284,-0.17079955,-0.84589934,-2.6020055,-1.3203633,-1.3913804,-0.89859426,3.7000399,3.9185538,-0.36684644,-7.082568,-8.771078,-7.2103305,-3.9214153,2.1954286,4.6359243,1.0552747,-4.075455,7.292013,10.456948,10.874089,10.233264,9.648216,9.609846,9.890233,10.530939,10.273255,9.260654,8.497151,7.3283362,5.687983,4.8955855,3.9666314,1.7901521,0.24460062,-0.9053284,3.9182372
6.6460223,3.5713906,1.8870819,0.9637254,-0.038689367,0.38925642,-0.777913,-2.4781256,-4.320106,-7.538149,-9.525984,-8.818286,-5.597096,-2.297608,2.4920392,10.304421,12.686306,13.14336,12.969473,12.838497,12.640158,12.378056,11.944572,11.260291,9.794158,7.8363657,6.8611746,5.842345,4.817327,4.1553917,8.915276,12.042608,7.3125434,8.479725,8.732037,7.580577,7.00622,6.0432787,4.4006267,3.4038565,1.4081234,-2.1606007,-5.336714,-9.392109,-8.44303,-2.207717,4.416514,5.8914604,7.0927486,10.125962,8.624829,5.1359897,4.2167096,4.834616,6.1408954,6.7370963,6.9555993,6.534269,6.6253605,7.1634665,6.6355352,4.977993,2.752464,2.025425,2.899685,4.1475706,5.7652855,7.0949583,6.842563,6.090786,6.594662,6.979994,6.620369,6.4222727,7.9040694,11.016741,10.827956,10.061331,9.684802,8.022131,2.4764857,0.6700636,2.72287,8.0904665,10.270561,9.793426,9.411542,9.081489,8.733013,8.5304,8.500702,8.956926,9.021546,7.3526525,5.5247936,4.9881673,5.0782685,6.322089,9.417307,13.4696665,15.134187,13.026274,5.42978,3.8594012,5.4704885,3.6206775,4.490235,1.945606,1.3221247,0.86545336,0.009537301,-5.4499836,-0.2069965,-0.02694294,-0.79033047,0.8691955,1.9541051,5.156312,9.040243,8.113945,6.904908,6.1155252,5.7574854,4.921996,4.6224046,3.928683,3.084965,1.6011443,-0.064742625,-0.8798662,-4.23197,-3.908645,-4.432169,-3.942264,1.2789779,4.18838,2.8455372,-0.4608779,-0.46301332,0.7053739,0.9912368,0.88737166,1.0388124,1.0652461,1.0575228,0.4967869,0.14726041,-0.33687842,-1.2906058,-2.1952457,-2.300944,-1.592947,5.4132805,7.2883053,5.1771164,4.8619623,3.4487066,2.6351347,2.5524058,1.4211268,-0.027561866,-1.4041425,-2.510269,-3.9902532,-2.0959277,-3.315413,-8.058444,-9.1154785,6.943405,10.199778,3.9425042,-3.5336592,-6.361303,-4.457627,-4.7225704,-3.933186,-3.8671958,-2.7619374,-1.6290627,-0.20435753,-1.7006552,-3.8119829,-4.5461855,-3.465417,-0.04103275,-0.55692685,3.864957,7.737827,5.6780963,3.275218,-0.57518715,-5.3259554,-7.889871,-10.729293,-14.546956,-8.425041,-5.322411,-3.4294126,-4.567714,-3.317308,-1.958337,-1.508808,3.511652,8.10415,8.284609,6.1922293,4.5982795,4.5365553,4.089469,3.6025217,3.6056826,3.3664064,2.9558825,1.8230547,1.045044,0.5726406,-0.515436,-3.976653,-3.7834356,-2.3103185,-1.5274034,0.22431311,-0.9363702,-3.0800297,-9.076543,-6.4154167,-1.0727383,-2.7552476,-4.2743926,-4.960158,-7.7252316,-2.0640824,-0.7196796,-1.877591,-1.8886364,-2.4816897,-4.9676046,-2.3930666,-3.6206121,-7.152603,-4.2653675,-6.594353,-11.071297,-12.920668,-8.892115,-7.8384967,-4.1387405,-2.2181952,-0.5949466,-0.22098668,-2.347236,-5.6341476,-7.4351664,-3.7155566,0.041807935,-0.24036421,-2.0595891,-3.872061,0.46953487,2.7720494,1.5308974,-0.59206796,-1.1185349,-0.5052842,-1.4191339,-3.46915,-3.366264,-1.6131927,-3.031365,-4.202508,9.50419,10.936558,2.9021976,-4.2378697,-5.217075,-6.172065,-7.209796,-5.105793,-8.133091,-10.184698,-8.69536,-10.081529,-9.8213,-7.9622293,-5.044964,-4.4544163,-4.2329507,-5.611029,1.5741372,2.2010686,0.27257404,1.1399857,1.1215712,0.5000715,0.045995675,-0.730818,-0.8659768,-1.15325,-1.4296029,-0.92319244,-1.1366527,-1.2744663,-1.576301,-4.2635145,2.635907,10.071212,7.7028513,-1.1030478,-5.9811916,-4.1269994,-6.3979607,-8.378257,-10.604977,-8.287853,-8.373948,-7.695355,-7.215046,-9.010773,-10.318249,-11.811404,-11.941785,-7.2415023,-1.091455,1.267085,-3.5130513,-5.378713,-5.964387,-4.7225304,-4.257589,-4.6388884,-7.166093,-10.548085,-11.25564,-10.825067,-12.086524,-14.686806,-14.313002,-12.75796,-5.699457,6.68408,8.695046,2.3964772,-6.9203243,-10.08128,-7.636386,-8.242273,-9.095058,-8.2141695,-9.22063,-8.018342,-5.657964,-6.4306664,-8.709912,-8.539931,-8.127184,-6.0834403,3.7739677,4.1704617,-1.2110573,-2.6547627,-3.8073134,-2.0932379,-1.855312,-1.5223926,-1.3977921,-1.1130427,-0.5401868,-0.40678918,-0.96425855,-1.0765324,-1.4744693,-1.7454933,2.9718852,8.56788,8.080236,12.075365,8.59726,0.7066303,1.0002028,0.5902838,1.2450349,0.8558524,-0.814209,-1.3582282,0.5286915,-1.209657,-3.864013,-3.4856014,1.2687447,2.1281214,3.475996,5.4966707,4.921177,2.6072078,3.1325028,2.4711142,0.22901767,-1.8295841,-1.2215356,-3.1206808,-4.7546883,-7.732665,-7.632306,-8.634407,-8.561265,-6.033058,-0.3973126,6.194821,5.545248,-1.8743279,-7.78586,-5.91535,-5.7255383,-7.99702,-9.531158,-9.18274,-6.4180355,-4.385454,-4.673528,-5.522637,-7.012559,-5.7278624,-4.999513,-7.405612,-2.87513,0.47401008,0.57948565,2.5610309,3.1355114,2.4820392,-1.1566521,-2.923203,1.9600632,1.7693276,6.0495625,9.234149,8.511,8.374908,10.398025,9.588059,9.118696,13.394164,15.3128805,11.254626,5.223793,3.676808,0.82054186,1.7085195,2.3838258,5.9976196,6.749315,7.293664,5.3706527,-1.4569969,0.84827536,0.6464606,-0.57148737,-2.7547846,-1.473698,-0.12693597,2.275839,3.5219467,7.0779095,5.3942018,2.188354,1.1580127,1.2395227,1.5440471,1.614135,3.92556,4.986106,3.0103788,3.0484996,5.0700974,4.184883,7.70292,8.736158,1.0076318,3.3081307,6.742096,10.031371,11.406178,12.609507,12.5966835,9.64367,5.0643783,3.9403608,2.7846012,3.3943267,3.0124135,5.0348754,2.3553288,2.1751533,5.036936,4.804041,4.79562,4.459015,3.1092076,4.3976808,3.9371345,3.6613905,4.5049553,4.4737186,2.464796,2.5935216,3.05583,2.5965083,0.44665498,0.18887872,0.3178753,1.5934901,4.786802,7.6340494,6.194665,2.2438326,5.1919084,4.3410306,5.1210375,4.266291,6.572416,9.684601,9.4179535,4.855211,0.54504544,5.2320724,7.670117,7.3671885,9.475126,8.770784,-0.0873147,-0.5087895,1.3068652,6.2170877,6.9294157,9.387592,8.644974,1.6634076,0.38387597,2.148675,5.1091022,4.284881,2.184985,1.9232719,3.4138272,7.9911814,7.3234854,3.9028504,3.984021,3.6379168,7.9099407,6.091562,2.189892,1.066637,4.1759768,4.6392956,3.2619212,6.293066,8.527745,9.614147,7.4965277,2.72501,-1.1821935,3.5334387,3.3941226,1.6356938,2.0992014,1.8226049,-0.7195241,-1.8791229,-1.300854,0.6354772,7.109478,11.8694515,9.148894,5.3941436,2.0024536,3.48912,12.47081,14.200251,12.124311,10.443411,14.278027,18.298834,19.131271,18.46929,14.554981,6.2016525,6.8824124,7.858686,10.316134,12.109136,14.867806,17.517555,11.748065,6.903652,5.7263045,8.091069,6.6920633,11.12083,16.67956,18.8229,18.385078,13.281307,2.9943016,3.4382896,10.069448,16.475512,18.271696,14.677378,9.242009,5.3123226,7.348174,9.70628,8.80417,5.8344307,6.3611994,9.009596,10.296515,5.932807,0.6420618,5.4650235,8.429852,9.87449,10.233105,8.7807045,10.778383,13.57362,15.047413,15.416758,16.754004,14.979712,8.694033,9.702901,13.692293,19.781033,20.90832,17.873787,14.053865,16.32539,19.26152,19.233086,13.609142,10.1365185,8.211892,10.715264,12.045779,11.331824,6.900735,7.481647,8.233882,9.831065,12.008583,11.735855,6.0734773,2.6521502,4.5981936,4.741984,4.2607193,4.076282,1.0004052,0.12117943,1.4630758,3.1070304,5.283649,2.3929284,-3.8995101,-2.337152,-2.3029118,-8.798131,-3.6803875,-3.1156864,-8.877821,-7.63809,-8.104931,-3.1912076,-4.655066,-3.8929174,-3.5101655,-2.1838646,-4.3518314,-3.275921,5.7311873,5.413697,-3.2675314,-2.89896,-1.1449147,-2.7791607,-1.686502,-1.259305,-1.3785737,-1.7171359,-0.9692781,-0.8229923,-0.9738978,-0.17681,-1.9533145,-1.5395191,-1.7369428,-3.3349576,3.3992836,2.4821177,-0.7501824,0.59179974,0.47520286,-0.3695263,-0.61832994,-0.34391925,-0.6920535,-0.9805094,-1.3186449,-2.0341654,-2.78084,-3.9455726,-4.528511,-3.167174,10.45476,12.219654,4.3451743,-5.09666,-3.1528356,-3.0787468,-4.609795,-4.5453525,-4.3240027,-3.9011402,-3.0032218,-2.9302077,-5.1093955,-7.3018627,-5.8595805,-4.642572,-3.5686674,0.006409293,-0.97170365,-2.5581317,-5.4801393,-4.7811837,-7.8867145,-10.0819,-10.826944,-8.773472,-7.867723,-6.443067,-4.8210936,-3.9677217,-3.8660524,-3.0079672,-1.5357246,-0.24972177,7.838037,9.645039,4.291268,0.8802798,0.76374716,1.0670339,1.6174183,0.46608615,-0.22005036,-0.84551877,-0.8637014,-0.015899498,0.8715525,0.29147518,-0.45371112,-0.20201358,-0.8466046,1.2584333,5.416294,2.469482,1.3630271,-2.7616308,-0.9254217,-2.1404018,-7.7854986,-6.3140244,-4.7947526,-6.130914,-4.7153487,-3.8412282,-4.171658,-3.9639907,-2.303018,4.101649,5.374911,-2.285829,-5.894139,-8.553895,-9.722724,-8.594164,-11.268892,-10.556134,-9.055382,-0.0017893479,5.1453567,3.6929882,0.27195308,0.6309724,-0.078099415,0.47462696,12.180332,19.716206,21.76796,19.759657,14.540741,8.689513,9.73672,10.696405,5.765934,7.6013184,9.244364,7.675717,10.406518,10.416065,9.621385,11.390842,11.617542,10.108256,13.048116,12.719814,10.685066,11.911142,11.430725,10.184704,9.482481,9.261324,8.07782,12.03046,16.410906,17.60206,12.274666,6.95103,6.0727906,4.4055395,4.4608984,8.429628,11.660728,10.137213,8.615822,8.778867,6.9133596,5.0707717,7.8906717,7.7252874,6.1939735,4.280781,6.2624984,4.4550295,1.7531198,3.1080227,3.7392833,2.213614,6.613578,7.781576,4.7430606,6.306473,6.743739,6.8033175,7.540197,6.9498215,7.715678,7.248329,8.294152,8.411168,9.1867075,10.554767,10.3764,7.8479824,3.3222792,-1.853049,0.6700668,4.922715,1.6349037,-0.19320442,1.9184619,13.566274,17.784637,17.581966,15.490652,10.252285,7.791073,8.287289,7.594712,5.990572,7.4095354,5.4615693,0.8400451,8.251735,8.733885,5.484927,4.6621923,3.9118419,-0.8908468,-6.800294,-9.363957,-2.6488938,-2.018626,-2.6840591,-3.3266025,-0.43564752,0.4650676,1.6055769,1.4369252,3.874382,7.8763223,7.792639,6.386959,6.2084794,5.381645,4.1831865,2.8159413,1.8458598,1.4851226,1.606911,3.5184817,3.24208,3.267301,4.125427,5.491227,6.5618887,5.6126995,7.2836456,8.474992,5.0769587,8.02167,12.274123,11.931576,8.874336,7.001153,6.2300577,5.982811,6.632008,6.3374004,3.092656,1.5777574,1.8948053,0.034283347,2.043152,7.1752777,5.4798055,3.1168616,1.5498409,-2.3995512,-2.6995125,-1.8568039,-2.180709,3.8123858,7.4693975,4.0395417,2.8014903,4.234277,4.7682776,6.540616,7.1288567,7.929625,11.778074,8.688477,7.7550116,6.3529487,3.1495974,2.9568174,3.0938315,2.6929715,1.8896885,1.198749,-3.0265367,-6.713953,-6.9448547,-6.572508,-7.494728,-6.430295,-5.908429,-2.6205592,-2.3689795,4.9411755,8.928249,7.9420433,7.4976797,7.317462,6.885434,5.988508,5.016739,4.511218,5.1398587,4.7865562,2.7018728,3.0009496,5.6147738,5.967937,5.2187343,6.723976,10.56629,5.904582,-0.38181227,0.3409121,-1.3558576,-5.911424,-4.9572477,-2.1732285,2.9875488,8.607056,6.368218,1.9108243,2.6313944,3.4396422,3.02398,5.648381,14.021959,19.380909,19.180143,16.076242,17.704079,19.68308,18.165306,18.204407,20.377666,16.586035,12.582856,12.672413,10.089917,10.046299,18.87913,20.445507,19.348803,13.263981,11.037383,9.430242,12.232585,15.719912,12.298441,11.491393,13.042989,16.574196,15.858257,14.7564945,10.53373,11.527208,9.779406,10.464811,12.144281,13.382014,7.3075967,4.9193745,8.820087,9.668232,10.547501,6.828194,3.0294228,1.6033397,6.162224,8.176938,5.7713275,4.4548955,-0.6025595,1.9620932,-0.7518322,0.47493932,5.5812473,2.8833752,2.4389024,0.8978169,-0.46290737,2.3799524,3.0636497,4.840613,4.7653003,5.0591936,5.839075,5.1175904,4.7923574,3.369256,2.4578915,0.41609943,-3.4595106,-0.65966415,0.11444982,0.8753221,-0.5721317,-1.6054399,-2.5991235,-5.5720277,-7.9154773,-6.982238,-5.0073647,-3.0434966,-5.1467795,-8.754881,-7.2886124,-7.04715,-5.0763426,1.224227,8.903206,7.582874,2.0183935,-4.350243,-6.322427,-6.0058384,-7.4369345,-6.929656,-7.9766135,-9.553665,-9.049681,-6.4689302,-7.2302628,-7.2407513,-6.9637194,-5.1263847,-1.0381501,1.3255929,1.4018278,-2.2072148,-2.992121,3.6958578,5.5861335,5.271694,4.300381,3.1070924,2.3471572,1.347851,1.2825602,1.0158257,0.030089434,-0.9725637,1.1997573,3.7204478,6.241589,10.934895,5.4409547,-5.310274,-4.9258585,-3.9123435,-2.4503658,-2.8203228,-1.4897977,-1.3021889,-1.653363,-1.3620813,-4.197762,-5.267109,-3.0839725,-2.6072228,2.1628568,5.3403,5.320593,6.0837803,2.4890592,0.6884829,-0.10227439,-1.643553,-2.765472,-4.5426245,-6.5642715,-9.153349,-11.151817,-12.523717,-14.710314,-16.444395,-17.211998,-13.731103,8.015352,12.111919,6.031863,-4.79,-6.9496064,-6.292896,-8.245161,-8.024265,-7.334159,-8.5198,-6.583035,-5.8046966,-5.4795084,-6.249132,-7.88853,-8.6762085,-10.870066,-0.7038139,3.5035958,4.825186,7.9572773,8.706628,8.600778,8.124817,7.476781,7.340702,7.7473984,8.1267,7.464546,6.3599873,6.1890783,4.9730663,4.0243845,3.1612692,-0.22388542,-5.142829,-4.3967705,-2.1589506,-1.9614929,-1.801647,-2.3133442,-2.1944087,-1.3884287,-1.2267187,-0.27848238,0.10225852,-2.6066117,-1.199031,-0.97749686,-0.57404214,3.137345,5.594607,0.63000345,0.68676245,1.3794837,0.17718512,-0.5168169,-3.0059319,-3.909143,-5.5995436,-7.615309,-6.763987,-5.554958,-4.410344,-4.539669,-5.1556377,-4.13237,0.5811245,-1.4621323,5.954945,7.3226347,0.55890524,-1.3735878,-1.525216,-2.4620519,-3.5958562,-4.293145,-4.228987,-4.8038964,-5.4801393,-6.6836166,-5.9205685,-5.8246984,-7.1351376,-8.007362,-8.557311,-6.380827,0.6589913,2.5055175,0.9164084,-0.11231677,-1.2750998,-3.0021179,-3.5862932,-4.5702477,-5.2098317,-6.140325,-6.5195484,-8.454122,-9.4911175,-5.0929184,3.1429112,3.140837,-2.0623002,6.1756587,6.6706157,-0.040294066,3.1183486,2.8136551,-2.2906706,-2.167798,-0.31606433,2.3323128,-0.8335495,-2.0368266,6.0180373,8.9204035,9.182065,9.120694,8.983323,8.196387,7.452366,8.567709,8.549444,7.823596,6.7099614,5.790719,5.688544,9.775959,7.816436,6.634998,8.124843,8.320929,11.01974
2.3819728,-2.515156,-7.981849,-7.4749146,-9.271653,-8.739603,-6.3695784,-10.294227,-13.49436,-14.343163,-15.748577,-15.302105,-14.842635,-16.527733,-7.6118917,-1.0688908,-3.984053,-10.54408,-12.679454,-13.31601,-12.519227,-13.198504,-14.358716,-15.132375,-16.148731,-16.134136,-19.002804,-19.548706,-20.187206,-16.337095,-0.6033188,4.1571517,5.0630784,-3.6067061,-10.264081,-14.212402,-14.338802,-16.274868,-19.853765,-21.268694,-21.102303,-18.825037,-19.935764,-19.728582,-20.717642,-15.088102,-8.737518,-7.3768954,-7.2628636,-7.4215536,-5.960856,-7.0083075,-10.110373,-12.408979,-12.698263,-14.281439,-12.8876705,-9.576339,-7.7903724,-6.560666,-7.534626,-10.507896,-14.630933,-10.628524,-6.1539273,-2.0701592,6.7366223,4.4509134,-8.41355,-11.018917,-8.297499,-7.2860947,-7.896741,-9.717492,-5.914713,-5.756039,-10.612436,-11.743933,-12.344893,-8.000275,-8.066062,-16.49217,-14.308001,-1.9127889,-0.8028733,-10.713171,-14.062867,-16.550884,-17.446348,-16.320967,-13.081088,-7.254266,-6.292158,-1.0666363,-1.7665684,-6.1939836,-8.534795,-5.975769,2.5682914,12.853312,17.15481,14.078517,10.874931,5.8991594,7.1430154,10.4492855,6.7308526,1.0259379,3.7339602,5.174074,2.2704778,-5.113552,-0.89984626,-0.8061944,-6.750562,-4.0272655,-0.686229,-3.5408747,1.1020055,-0.7956456,-1.1541929,-6.1686854,-7.1899705,-6.3491626,-9.124935,-11.603495,-8.883859,-8.322631,-6.832041,-7.503834,-0.9543762,1.7525351,0.20515575,-2.774769,2.8272443,1.5291913,-6.345111,-11.773983,-7.6679287,-6.928997,-9.912709,-14.478933,-16.375507,-14.13341,-9.6303425,-11.792807,-14.713564,-15.744413,-18.924856,-15.70874,-13.353701,-11.050238,-4.793552,-4.0925055,-6.3062577,-10.556346,-16.735508,-12.863808,-9.03731,-8.699106,-12.143171,-19.52006,-19.40838,-13.023411,-5.5933228,-4.006925,-8.1710825,-10.303603,5.2897787,8.096719,-0.48825127,-7.8693624,-11.73256,-13.908668,-11.973315,-16.337742,-13.958429,-16.833641,-15.338412,-9.4842825,-7.734471,-9.471606,-12.139354,-11.589675,-9.665599,-11.488289,-2.373543,-1.6209941,-9.334639,-14.497577,-17.241835,-18.75517,-18.938202,-22.123386,-22.1504,-10.345921,-5.8723207,-8.137487,-10.830715,-14.62093,-15.509109,-13.086324,2.380663,10.025827,5.578549,-1.3414292,-0.84518546,-2.988511,-7.532947,-11.526851,-13.23606,-11.16056,-9.21393,-8.784715,-9.920696,-13.281278,-16.265514,-13.457495,-9.008988,-8.672458,-0.5036383,-0.112571,-7.1853595,-14.95206,-18.450968,-10.79674,-1.6037483,1.1534406,-0.94400764,-0.84996176,0.051282108,-1.3600384,0.49681783,1.8214048,0.58415455,0.42453992,-0.65670073,4.375961,3.2425804,-4.7171216,-6.2314935,-7.805194,-8.90519,-4.6638494,-7.295241,-7.4708376,-9.402899,-10.900916,-8.573681,-7.5633545,-8.320211,-9.605035,-12.716079,-0.3351466,3.7542412,3.5468597,0.5264673,1.0186254,5.331517,5.7923126,5.6623583,8.234126,10.085087,10.276428,8.966345,6.301324,3.5305533,3.6367013,5.9292693,7.0465236,11.983275,13.0889225,9.166512,8.936444,7.3503695,5.299262,4.513411,6.0474777,4.946299,3.5418856,2.8234086,2.7074776,3.8907626,4.742948,6.6864896,8.558504,9.218999,8.097746,7.503536,7.2133737,5.885191,6.7729907,8.203779,8.730317,8.19503,7.9788613,8.679749,8.923143,9.245768,9.559376,8.582371,8.29588,8.632672,6.4827003,7.1928787,12.277207,8.959909,5.8070254,6.203636,7.648467,7.0692015,5.734176,5.168702,5.9822445,5.1079698,4.952285,5.1784563,3.8946576,3.6637688,3.6402366,3.1137109,3.571209,5.1092587,6.0780425,2.614391,2.1926048,4.6027465,7.08901,8.526218,8.548256,6.387597,2.1348243,0.7132319,2.0568995,-0.44315404,-6.755777,-11.156361,-9.0459385,1.7285036,8.72582,7.285866,4.106341,1.8164085,2.0348215,4.1728163,4.8556004,5.97323,6.679922,5.1916413,4.0269513,5.910737,7.0312214,7.487848,8.108589,8.284609,7.6672974,6.554604,5.0876927,7.9118996,8.126478,7.625565,8.138899,7.364994,4.675548,0.39607036,0.8622806,5.446971,6.130245,4.333268,4.5957484,4.246658,0.4912094,0.99710894,4.3998218,6.0207057,11.666964,11.352472,7.990836,4.2485147,-0.9781959,-0.8516543,3.2293127,3.2234504,4.271763,4.4572244,4.661607,2.6867218,0.50914216,1.7137384,5.3231945,5.7809076,7.6001506,8.748387,9.438089,9.268459,3.0553699,-5.770064,3.4939194,8.082308,6.9105244,3.6398542,0.2742925,0.19055827,-0.26920122,0.36163673,3.7324233,5.3223567,5.3600287,6.111808,4.485309,-1.8617456,-0.18932441,-1.0554417,-4.313528,-6.256811,-0.988405,3.9110055,6.4772854,7.207951,5.634752,1.6018522,3.4461603,5.054347,5.8873343,7.551232,7.8140855,3.099814,1.9203482,-0.5049795,-0.82594186,2.9570894,6.006978,15.071966,18.889265,19.16563,18.384142,17.048933,16.817686,14.188807,14.830486,16.893112,15.124374,15.00267,17.868687,18.990334,12.653223,5.7506223,6.947207,11.542378,11.387912,13.834495,16.278765,11.231503,10.233241,6.019891,7.481671,12.181987,12.08396,5.896762,3.7242458,5.341561,4.236325,4.932822,6.595588,7.9983015,10.632161,12.891994,13.4619665,13.357775,14.257429,15.621444,14.086117,10.744799,10.099089,11.8244915,10.806915,10.803084,11.884636,10.185351,15.339489,15.888102,10.735663,9.998247,9.734678,9.977866,6.458767,2.5850508,0.8195654,-0.0014485616,-1.1533731,0.59166694,1.8240862,2.6200106,4.1551476,0.13192132,-5.958193,-3.8693724,-3.986155,-1.4201443,-2.223795,-7.3708677,-7.1971827,-2.604834,-1.1025897,-3.188412,-3.9410048,-3.3924677,0.37281764,1.4772974,3.078941,3.2111576,3.1195977,1.9586791,4.1933494,4.6646266,4.4736185,3.9168322,5.1714725,3.628291,5.343054,9.685139,7.709219,3.0864608,1.4435809,-0.14388238,1.4281015,-0.48267397,7.5977316,8.434244,1.1133422,8.627335,12.075452,13.12191,10.650438,8.235484,6.7368526,-0.1669352,2.947818,4.154359,8.480245,9.680886,4.838243,2.0127904,2.829548,3.307873,6.217094,9.971839,12.628544,11.1773815,9.042824,8.422869,7.356544,11.034941,17.290466,17.912819,12.69908,12.530714,13.093763,14.886164,15.95966,11.593194,6.440449,12.075592,11.979562,9.652544,7.24351,3.613764,-1.438406,-0.27571964,-5.961514,-2.2682052,10.224445,11.143608,11.222578,9.283098,2.3044636,3.7963057,15.86676,20.623325,19.193209,13.73562,14.222876,18.899443,19.195372,21.764576,21.095629,16.411926,14.58852,10.862365,18.502672,23.319477,22.941338,20.7909,18.139372,18.618967,15.971115,14.327166,17.374975,15.699267,19.32227,22.380112,24.138556,23.715927,21.509418,19.845062,15.501752,19.99798,21.812225,17.624104,16.826298,12.234153,8.310718,7.863259,7.5127654,7.6211815,13.007649,14.760357,14.730397,12.629289,6.619535,10.577766,13.090657,14.066341,12.036272,11.371784,13.685469,17.06972,17.683079,18.13342,20.157957,19.195772,16.681171,17.42368,15.744589,19.973154,21.05772,16.112904,14.988937,16.178736,17.792406,15.281829,11.237171,12.424512,11.068592,12.176877,12.090812,14.309893,7.7073107,1.0547042,6.653858,8.323826,14.275504,14.973712,6.3527737,4.0111203,7.371561,6.0491686,8.412532,7.7246113,2.7079873,0.046934042,2.1341717,4.8704753,5.4972982,0.23780534,-2.2105718,1.5774297,2.6542842,-2.5879095,0.5040586,2.2679253,-2.5125022,-4.238796,-3.3020256,1.2114193,0.4420425,-2.063081,-6.3102794,-2.2102113,-4.192943,2.9600244,9.470621,7.5722785,-0.84016967,-0.3223234,-3.6164796,-4.589756,-2.859564,-3.7587805,-1.8842475,-4.787639,-5.388222,-5.731166,-5.073551,-4.6004524,-3.6609826,-4.7832613,-3.901847,3.2052457,9.09385,8.813063,8.905056,9.849199,9.656037,8.66353,7.4424105,6.335399,5.6450424,5.8740625,5.759153,3.8071272,2.0012197,-1.2372724,-0.35326838,4.418604,11.962065,11.892527,1.1244447,-2.8952324,3.0473228,3.4959862,3.1474433,1.0460165,2.2758648,4.273511,7.2077603,6.7813053,4.5142007,1.371721,2.3817544,5.5995626,4.6842823,5.8976135,2.2876878,-4.845087,-3.980761,-1.9379997,-6.8826985,-8.905619,-9.753733,-4.72746,-4.38892,-3.1508627,-0.27505493,-0.34729153,1.2019836,-0.059014037,-0.38410908,0.16795754,7.1895814,8.333428,0.20831463,-2.140175,-0.042721447,-0.9142455,0.37456387,0.39779547,2.9578757,1.5462363,3.1272385,0.3395186,-1.2697213,-0.6861899,-1.2486178,-1.9778072,1.1490546,2.5505438,1.5073484,-4.743465,-2.0788188,-1.8973765,-2.89498,-2.6600554,-0.7782022,-0.17942685,0.6640829,-0.24651422,-0.84397364,-4.7514663,-6.244092,-6.4801307,-7.0886035,6.7300005,8.526174,0.06992312,-0.63461953,-4.6244674,-11.923598,-10.338613,-8.041214,-1.1102446,0.43093598,1.2125797,7.8894544,9.856271,4.520612,-0.12464941,-0.8948605,-3.9232757,-1.8091781,2.047098,4.1570225,3.81624,-1.5220339,-0.5814057,-2.8183722,-2.5823104,-1.7634751,-7.1096106,-6.121514,-2.169536,-2.2017202,-4.6002502,-5.994008,-8.018921,-6.927486,-4.6345673,5.001116,4.472643,-6.220809,-7.3733654,-9.121676,-7.8891687,-8.474878,-8.383521,-4.9268856,-5.9024787,1.2120311,10.827158,14.078253,11.576346,11.4433155,12.977806,12.425599,14.407139,16.542665,17.0741,19.59099,21.121798,19.369026,14.500629,14.0077915,18.842112,17.775003,14.135251,16.766972,18.673193,16.930305,8.544951,8.663691,7.2152576,7.9936113,8.572929,4.786643,-1.5275909,-1.24516,-1.020589,2.8829038,2.4594913,2.472735,-0.15432006,4.0471873,2.136319,0.12358285,-0.20384802,-3.2163062,-9.134167,-10.22252,-6.365175,0.6881833,2.8943663,-0.36275983,-7.65271,-7.0289745,3.7920415,6.97956,2.4796119,0.07990502,-1.24025,-4.053833,-4.0635605,-2.2323139,-5.456251,-1.7410221,-1.8284589,-2.5166223,6.597733,5.128068,-4.073929,-2.8074148,-5.9958467,-6.7283416,-6.9182153,-7.203532,-6.42255,-8.050926,-10.375378,-8.901232,-6.1720634,-7.2590885,-9.717257,-13.095047,-8.994135,-1.7341006,-3.0576062,-6.3823295,-13.245176,-17.264242,-19.712437,-19.980696,-18.484806,-17.305698,-5.8636765,2.4244347,2.1334553,-3.3667173,-5.922418,-4.97325,-7.9905276,-4.009482,2.9684563,0.27463514,-8.481497,-1.652543,-1.084574,-6.933132,-8.027166,-7.2372093,-2.944961,-2.623963,-0.49824768,2.1295147,2.5363955,2.623186,2.848144,3.423767,3.78029,3.6927948,5.8583994,3.0812316,-1.9440354,-7.885312,-4.983831,-4.4844446,-11.475333,-1.0298237,4.5078845,5.3858895,2.245688,-2.659767,-1.5231316,-4.5887628,-3.7012365,1.2156786,7.515465,5.1605997,-1.6615753,-3.682853,-5.8541512,-8.243113,-5.953353,-6.473302,-11.196806,-8.316477,-10.180273,-11.721807,-10.398323,-11.415108,-10.249724,-8.236395,-10.440174,-15.284213,-3.8284137,-2.891293,-5.5480714,-10.490962,-10.151063,-13.742551,-14.002185,-14.166374,-10.851231,-12.499085,-12.827302,-15.618993,-13.101805,-12.418234,-16.40147,-12.104546,-5.081525,4.598455,3.021445,-5.730566,-14.263813,-16.39675,-14.630695,-17.809551,-19.287306,-17.44787,-6.506319,-2.320905,-5.547113,-17.055878,-14.34826,-14.63921,-9.472913,-5.2852244,1.0541929,13.230425,14.530893,9.162969,8.351643,10.783032,7.689315,11.518674,17.471338,21.355078,20.39402,20.330395,20.603317,19.069324,21.66091,23.24083,20.338564,18.145529,14.791668,14.606857,12.708275,14.188328,10.857334,15.49087,18.118383,19.101307,17.183788,17.527033,13.882976,12.541979,7.3200126,9.315763,12.994625,14.475292,7.3402195,4.117862,8.797368,6.821657,7.1221256,9.501049,5.8055363,8.925563,11.119055,8.7113905,8.846874,7.40087,-1.7178414,5.5941434,5.9570627,2.4787018,6.050103,4.4332795,-1.0805458,1.5982792,1.686541,2.9776785,-0.23817247,0.98170257,-0.87894607,-5.8819814,-1.6348722,1.9950092,-1.5218532,-4.295553,-3.5626907,-8.304952,-3.489674,5.9743257,6.8170495,5.688215,6.3910418,4.4945526,2.2792025,-2.0707588,-0.018037992,2.6436968,4.4391594,5.6143465,5.5431867,3.5365171,0.41100556,0.3393261,4.824386,6.4366236,11.316848,10.102875,6.6263256,1.0612508,1.359417,2.6769848,1.1986889,1.2373362,2.7988243,2.9766252,0.035617597,2.2429326,5.92609,6.4772086,4.899384,5.4507995,5.592746,2.2929053,0.7091141,0.7905501,2.5535562,2.6249719,-1.2898911,-3.076782,0.4929036,1.0523747,1.6447781,2.34192,0.3170033,-3.5275702,-3.8060188,-1.8316588,3.1439164,8.77612,9.717125,10.528693,4.6140323,-2.1840146,-1.5840548,1.7930114,4.566911,5.51141,7.105957,7.0881553,4.955612,1.0373669,2.3503463,4.4217567,5.637575,7.0980606,7.5709205,5.1933093,3.2893326,1.3919069,1.2021916,-1.4358737,1.1891336,2.5549302,2.8841593,1.6245662,-1.7604314,-6.494108,-7.2482243,-6.0574126,-7.1704955,-9.360306,-10.777302,-10.824565,6.670499,10.503597,4.9304786,4.043373,3.7312434,3.5956516,1.2743726,0.22014332,0.7893351,1.9285988,3.5139332,4.367486,4.54521,4.39211,3.1813188,1.3972055,-1.8835466,-0.19380121,1.0921174,0.3698623,-2.3606803,-1.8562275,-1.9399917,-2.1262376,-1.7719029,-1.8467529,0.8150945,3.0755525,3.2946248,1.7083548,2.4489946,3.6765733,1.7091991,-3.9650483,-3.1999185,4.469786,7.0464807,8.075716,9.563751,9.664239,8.359167,5.4965935,-0.90571356,-6.1338415,-2.9404907,-4.8924758e-05,1.9774991,5.90507,5.644984,3.6611576,4.286309,8.051526,5.3333354,0.42327768,3.5907016,-1.3320508,-1.0940963,-0.7317556,-2.9196734,-8.416121,-11.991264,-4.856199,2.436152,4.300294,3.9448497,3.543726,4.021173,8.0574255,9.389411,11.726933,12.465163,9.142256,9.028414,8.663059,7.913393,6.790409,6.058562,5.689507,5.319701,4.4873347,3.510181,3.666113,2.5923064,1.6131625,1.0946757,0.39269334,1.8017862,6.3148146,6.315797,4.79644,3.797693,3.492637,-1.0153716,-1.4190263,-3.2916002,-1.0633548,1.5133333,3.1896532,6.5281467,8.042051,13.988371,16.412167,14.371671,18.611317,21.187487,19.265364,17.906261,16.925903,11.830666,9.886182,11.159063,11.11529,8.657784,11.159088,10.810208,9.50672,8.980196,10.872258,13.192243,13.350591,11.394421,10.553408,11.478998,11.25565,10.098827,7.2292066,2.830715,9.02577,18.38662,21.049892,20.824776,20.67766,20.22707,19.63559
-3.0647876,-5.1122503,-6.7371554,-5.5630345,-5.7090235,-6.7168193,-7.1992927,-9.761532,-11.300564,-8.715279,-8.8562975,-8.757631,-11.078998,-15.753559,-9.239543,-1.4630904,-2.3581724,-8.414778,-13.918919,-14.748477,-15.297566,-18.284836,-19.778913,-20.37637,-20.114792,-17.948309,-17.240622,-17.0092,-16.279213,-13.914402,-6.5394535,-1.0648904,2.808305,0.2289514,-9.114107,-10.461525,-12.642654,-16.210865,-18.672947,-19.393932,-18.932215,-16.506287,-15.591276,-18.251276,-24.179247,-23.8914,-14.161516,-7.4763603,-4.9359956,-0.49475178,-0.017568313,0.68314105,0.12128364,-1.5140026,-2.4493985,-4.7905836,-7.199034,-2.9918,0.6836108,1.442668,0.094624765,-3.832727,-10.166545,-3.7508237,0.38565043,3.5834632,8.117745,5.208293,-6.844499,-5.695485,-1.1357279,-0.3218743,-1.6347716,-5.0708323,-9.789997,-9.416451,-7.3063936,-5.9317517,-6.7273355,-7.0758944,-9.272882,-17.480612,-12.119861,0.17325984,2.7384849,-3.7284007,-8.875744,-8.879614,-10.590725,-9.06901,-9.589714,-5.336684,-2.044856,-4.673347,-3.092016,-2.0061455,-1.7543937,-9.569664,-11.05686,2.6191828,13.046476,16.36617,19.164268,19.576656,18.419172,16.558794,10.990186,10.111866,10.640078,7.033069,5.794134,4.090747,4.2971663,3.0116189,-1.4057541,-3.2356534,-1.0325187,-0.23121841,0.2537446,2.311003,4.7562857,1.1338838,5.177538,10.326663,12.127462,11.421152,9.737498,5.8007975,8.2234745,12.0474,14.347189,15.0207,13.907691,11.736461,8.147794,10.513717,4.75319,-2.5161335,0.6987602,2.7456436,-2.5864234,-8.221621,-10.518997,-5.93122,-3.0798483,-5.377702,-5.684829,-5.645235,-7.163357,-8.140351,-3.7240806,-4.298766,-3.0236216,0.70168114,10.311361,13.885668,14.768428,14.941015,14.485062,11.031925,4.2214293,-0.15276438,0.55698067,-1.1978819,-7.1806517,-4.555488,-3.2187726,-0.88180566,3.4908395,5.1463437,-1.7584409,-14.02117,-13.628414,-9.974493,-10.545902,-6.366519,-7.8827677,-12.933363,-6.1946015,3.5966463,8.398922,10.467731,9.584094,7.533898,0.98744404,-8.686916,-4.927824,-3.561874,-8.041561,-6.3019314,-4.211559,-2.7943797,-4.094857,-8.997919,-12.0430765,-8.697889,-4.688031,0.9264847,-0.47522944,-8.461836,-9.558622,-3.925425,5.072305,9.607638,4.269429,5.827741,12.365704,11.057616,9.135381,7.232086,5.104533,4.683356,2.9311728,2.434758,3.4994528,4.728569,4.5093093,1.7757505,-1.2882719,-7.2435617,-0.37842774,0.25503165,-3.339488,-6.921776,-8.907415,-8.928645,-4.91734,-3.593741,-4.5990806,-3.3961349,-2.9998345,-4.024897,-0.9691399,-0.38049054,-2.9860818,-0.7619893,-2.1756144,1.202988,2.5315194,-0.35286182,-2.426188,-3.98214,-1.0520592,1.5781802,0.6705016,-0.5914272,-4.041738,-3.6145778,-2.2540584,-0.34871963,-1.9671465,-2.9456975,-5.897715,0.2988178,3.5071964,0.57492876,0.57434595,1.0111542,2.4141014,1.2378314,-0.28929716,3.7580156,6.4940667,6.8675084,5.82559,4.23121,1.1979388,-1.1610742,1.8856649,4.8807287,10.130966,10.348979,5.820813,5.9009132,3.8725898,0.52435946,-0.12132206,2.4677644,2.2128186,1.3051974,0.57214594,-0.10000634,0.47390938,0.091055095,1.4645504,4.2816405,5.4585047,5.072707,4.693662,3.668982,3.5970726,2.8103385,3.9589057,4.2571907,3.9403977,4.650167,5.610384,5.526528,5.8413944,5.896135,3.7179394,2.9088626,4.950392,3.5271358,3.528538,9.072446,7.6606865,1.1237428,2.0047073,4.072234,3.6613646,3.0756989,4.261076,3.7350411,1.2921876,1.2800633,1.1253022,-0.13898015,0.9850976,1.8155906,0.9484563,1.1849457,0.6415876,1.076119,0.72174007,-0.10421456,1.1398201,2.9962265,4.4607916,4.8200693,3.1254506,-2.1421094,-4.375578,-0.90906477,-1.8591425,-5.3837595,-9.585432,-8.033616,-2.6829696,4.5052857,6.0828037,-0.23652114,-2.763616,-1.6113943,0.8523749,1.7577281,3.5290124,4.251364,2.5064075,-0.8706322,0.89443433,3.9157934,5.346124,5.8506937,6.0868864,5.206114,1.8932309,1.7087758,4.4029264,5.6561112,5.0281024,5.8773184,5.1938515,2.271317,-3.3827212,-1.9874749,3.3884695,3.8587208,1.7644727,2.4720097,2.442597,-2.4894612,-9.852194,-2.1561203,0.09177443,6.67887,12.929277,9.694603,-0.39433122,-4.4955945,-2.7136633,-0.7878656,2.8912816,4.025168,-0.24113032,-1.5500064,-3.5884883,-6.2802324,-3.8877034,2.288077,9.059432,9.3208685,7.2584743,8.693718,9.013686,-0.2539278,-3.630484,3.6055017,5.7101064,3.8069155,-1.6124974,-4.708925,-1.1736559,-1.3362103,-0.73330647,0.2439595,-1.5723072,2.2523599,3.3474138,-0.19275004,-3.665268,-5.81737,-10.483289,-13.913547,-10.696548,-5.218072,-1.0687213,1.0472631,2.8535938,2.7712078,0.6031842,-2.6497974,-0.8363066,2.0334167,2.449031,2.9198422,-4.283289,-10.56672,-6.4247894,-1.0622581,5.99249,15.718615,20.102833,21.0644,20.69415,22.199802,23.119211,22.737925,22.013783,23.067167,24.87318,25.155394,26.16495,26.547365,24.96037,19.150755,13.846002,11.929999,14.221841,15.556344,19.44508,22.72663,21.142933,18.02629,13.212155,9.117564,15.87432,17.695284,14.442675,10.682378,5.470898,2.1539416,1.5851417,1.1225193,1.9742029,8.604399,9.939352,10.060432,9.359799,9.341276,10.490416,8.906898,6.220729,1.3041645,5.2190914,4.7507052,10.9690485,15.102617,13.997121,11.901522,10.761133,8.267212,3.1063285,2.5898752,-0.9408876,0.5554029,4.371049,3.2062063,1.826652,-1.8447059,-2.789199,-2.4111147,1.690252,2.2642412,-4.3937864,-4.351282,-4.5212183,-7.55363,-6.3111405,-10.068236,-13.474142,-18.116562,-8.820414,-5.2175493,-0.7982247,0.13176614,-3.3168051,-2.2351782,-1.9704058,-2.0298967,1.3107448,-0.21761465,-1.4793327,-2.5810685,-2.9142966,-2.4311707,-1.9787326,0.6782475,-1.1188039,-0.6811481,-1.9186507,-5.1948795,-6.7058125,-4.1023083,-5.306473,-0.8185022,0.5196934,5.1522694,1.3867849,-2.72876,6.768139,8.897062,6.250313,3.316448,2.088972,-0.8031356,-10.385913,-8.991427,-0.57817173,2.1034489,3.2652254,0.77007884,-3.2444963,-2.2090786,0.32636607,5.019331,8.148334,6.5022206,3.3676023,-3.5097692,-1.4843948,2.0504503,6.955615,16.581076,18.018366,10.205017,4.087126,6.885298,7.835769,9.273871,7.170653,4.648461,8.710228,8.607866,7.0193696,1.6271005,-4.0444465,-4.574304,-1.5196239,-5.370187,-2.6235704,7.734131,7.49896,4.0917783,1.8729813,-0.38640487,0.6762945,7.697179,14.140711,13.779146,6.5075436,3.266241,5.5162373,2.456457,10.961884,17.785393,22.787455,23.763859,23.059624,23.829441,22.597397,17.348549,14.501696,18.579155,23.437319,23.997448,23.493095,22.551842,16.814672,10.567034,12.67181,16.623102,19.957613,20.878181,20.444784,15.327965,9.762995,13.595214,9.649605,11.8430605,9.494899,6.3621836,2.771685,-1.1284335,1.0717368,6.0436516,5.0637703,2.295795,6.4753337,2.3294683,3.9419558,3.9198842,4.853546,0.3762923,-0.9661876,-0.15359887,2.4382982,1.0160162,2.2861605,9.0539055,16.044653,16.110931,13.6014,6.838052,5.988712,11.261487,10.230655,11.163697,12.320212,10.164809,10.885025,11.088196,10.612427,7.5557547,8.27763,7.192276,12.068997,7.439295,-0.39848,-0.033523507,4.5701704,7.089205,10.265032,6.460256,3.365345,2.8232086,0.65399206,-0.39315927,0.80914617,2.0913527,-0.5332366,0.29578167,-0.114697576,3.9379435,2.416303,-2.6515124,0.41517588,3.784081,3.5679054,3.6650932,5.274001,1.5354614,-6.1637907,-3.0312233,-0.9010113,-0.9706943,1.1683,1.7448893,1.7904902,0.3134929,4.5352426,4.3279724,6.5618153,5.288562,5.1073194,2.6689596,1.6908389,-0.8884576,-3.0017495,1.4111228,1.2495991,2.1565733,3.1589868,4.8483534,4.1899385,3.1073647,-1.1838768,0.026079826,1.9310327,5.8353944,5.3781085,6.406722,5.7748513,3.7210896,1.3396376,0.4797761,0.948738,1.8130608,3.56782,5.3889084,4.152511,2.575657,0.014921413,1.3882098,1.5132723,4.8731723,3.396359,-4.1873894,-1.0388172,3.306793,2.8273547,6.2625985,7.679638,8.628204,9.364498,10.797235,9.799431,8.378666,5.9140053,3.2433498,7.4041452,6.271949,2.125013,2.6031303,2.0671976,3.5735102,4.932825,0.005893858,-5.1990504,-2.3350697,3.7484887,7.1294284,9.373447,10.947491,11.214888,11.171463,10.350098,10.073729,9.476066,9.660917,9.997252,7.73078,8.487646,10.752304,11.312992,11.489949,12.1427145,13.345436,13.261873,12.954496,10.87981,8.736736,7.9643183,7.896724,7.653534,8.054024,8.251706,6.3259892,3.962603,3.252294,-1.3347683,-0.5507864,-0.34803975,0.83876187,0.9489722,0.815249,-0.8622536,1.4456095,0.815942,1.6167647,2.4257085,2.5840926,9.132542,11.416236,5.2103825,0.09125179,-2.863982,-3.854531,-0.71921194,2.6528728,5.6273584,5.498786,6.150629,4.633649,6.4837794,6.506938,2.4572814,0.3968586,0.9341334,3.967078,3.2046688,-0.013342429,-6.523027,-6.801872,-6.3744555,-3.9296498,-3.64364,-3.0805106,-4.122066,-3.754108,-1.4705594,-3.0018864,2.1633055,7.4681473,4.078441,-2.6557474,-3.1991282,3.2412684,5.2536497,2.6087475,4.549939,1.5368181,-5.1978736,-5.377292,-10.3660145,-7.6942453,-9.705181,-12.053043,-4.126797,3.6555765,8.3742285,10.612637,10.461198,7.635666,9.283866,12.04823,15.200138,19.17427,23.371326,26.155958,25.174507,23.80925,25.936773,25.366192,23.89426,24.855549,25.263683,21.80809,14.409847,15.899582,15.006395,11.669742,6.8456607,7.772146,4.5342484,2.2737734,1.1177335,3.7923312,5.258382,7.292735,6.8397093,8.162475,6.9449754,4.7738895,5.2454195,1.0674368,-5.6321926,-5.99999,-6.975234,3.4860544,6.852829,3.1581678,-4.2829247,-8.807906,-3.1460118,0.109226644,-1.090421,-4.7349963,-2.002733,-1.5147021,-2.717891,-0.34471756,-0.089461446,-0.9393344,-3.5789585,0.7836496,6.437705,5.1308627,2.3767717,1.7900441,-2.5063777,-7.1291246,-3.6040866,-1.3374119,-1.7899306,-4.679001,-10.072145,-9.543202,-7.842251,-4.8983803,-4.548423,-7.712056,-9.434588,-0.7972915,-2.7734377,-5.3858557,-10.056654,-9.992354,-10.799973,-7.612503,-9.298018,-7.5510077,-3.3568106,8.518312,12.020992,9.4463625,5.4244823,0.22541773,-2.4606757,-5.3592825,-0.7435843,-3.9163063,-9.0128,-5.2591043,-3.939335,-0.31261355,0.355537,1.9811982,7.3667593,9.251085,9.624828,10.31889,9.661898,5.235564,2.218102,0.6501248,-4.660496,-0.3748579,2.260827,4.3377857,5.1431313,-4.1344123,-8.711626,-6.4313865,-10.3326645,-3.7901,-3.8400712,2.1507676,2.886696,-1.2443346,-2.3344471,-4.2702456,-8.518306,0.84713304,6.7679496,4.376879,0.28772217,-3.9010406,-5.7162485,-4.491246,-2.1965983,-2.2988195,-6.4201565,-8.893639,-12.123603,-8.718394,-6.2519283,-8.269883,-10.64957,-11.29794,-14.508987,-9.943279,-0.6890521,-2.9442863,-7.423098,-7.7612057,-9.000805,-8.572746,-10.121191,-10.768752,-1.6652236,1.1529261,-5.2022467,-12.832018,-8.242673,-8.3964405,-14.153062,-16.126266,-6.3647323,-0.96896416,-4.801685,-11.550013,-12.785889,-15.263956,-16.197813,-16.578272,-16.068733,-13.750067,-10.239563,-9.161519,-14.1101885,-14.642939,-13.892479,-16.543894,-12.12294,1.2727071,6.3438644,6.7501163,6.200553,5.4037094,11.529043,11.820263,7.725916,9.434893,6.750305,15.0097065,20.453785,22.537653,21.516975,16.443237,12.823366,15.012815,13.120672,15.845713,16.44418,12.71295,7.0418353,9.838129,15.373829,16.852463,12.333054,5.2432876,9.604127,11.503658,9.7180605,7.711642,5.259982,4.963036,2.7768626,5.46253,4.9084935,1.0829351,1.2081889,0.67396605,0.4615292,4.876908,3.5033364,3.506104,2.7793775,0.90296596,4.8182425,3.1472933,-4.046671,2.7349815,4.1003795,-0.8616841,1.6173481,3.850942,1.8616557,3.6615264,1.4949987,3.9987314,8.249253,9.5738125,6.745322,3.2984023,6.925931,10.187706,7.928772,0.96468276,-1.5107446,-2.2862597,0.6583956,4.799349,3.7385674,2.99134,6.248003,4.085024,0.4746673,-6.5554333,-2.6410935,-2.823113,-1.881569,-0.8580942,1.2875186,-0.64299214,-3.1958292,-2.1162403,0.096331544,0.4538352,5.9513373,7.2926407,3.4853854,-0.32027578,-0.76409286,0.8839238,-1.4221005,-5.7542477,-1.8202274,0.71718216,-0.8779469,-0.5192029,2.8422666,3.5562139,0.7080797,0.24448365,1.2668699,0.45315057,-1.5880206,-3.0030181,1.4628583,-1.0957785,-6.33002,-5.8096123,-1.0750811,-1.0734899,-2.2275665,-1.008084,-1.7388524,-7.2069592,-4.090466,-2.9496465,-1.6988772,4.7242155,4.170772,6.3133693,3.648474,-4.7110596,-4.799539,-3.8688269,-0.06889523,-0.22944799,2.1950274,2.4555044,-0.8826404,-1.0498242,0.72548807,0.38727456,-0.6435189,2.1051478,3.5892808,0.797979,1.1865407,0.71296877,-2.6920824,-5.9575233,-5.365101,-4.2626634,-2.8787348,-3.313208,-5.7190847,-9.125856,-9.874205,-10.046324,-11.47018,-11.988273,-12.3298,-11.4770775,3.6497893,8.937252,3.147838,-2.4535866,-1.7764976,-1.7399663,-5.240293,-7.754694,-7.344923,-4.603041,-3.116826,-1.5218866,-1.845305,-1.4472479,-2.7965922,-3.7106702,-4.835577,-0.74872005,5.7944136,4.0031967,-1.521569,-4.3619285,-7.0763645,-6.7260623,-2.7186098,-1.9572911,-1.3276039,-0.9184072,-0.42036474,-1.8603704,-2.4787412,1.2697393,0.81601745,-5.6052465,-5.4683313,0.9279371,2.6005352,1.6406636,5.063632,4.9817777,3.8782098,2.2079172,-2.8451486,-2.289443,9.341308,12.348505,9.237593,3.8359551,1.8371536,2.4795322,13.135742,15.927027,8.228847,2.7908003,3.935298,1.6429769,6.826247,5.908652,3.741988,4.0072904,1.9764466,-2.9823642,-0.4065808,-1.3220102,-2.3494034,-2.2367346,2.1606376,9.157705,11.637541,8.787927,6.43513,5.8143244,6.262823,5.617778,9.082821,13.682842,14.887938,10.61811,4.4773765,3.693683,4.7721715,2.781315,4.3589964,4.730831,3.0338607,0.61779106,-0.7300235,2.3769274,2.112125,-0.62448245,0.5627,1.6345665,-0.4928999,4.2868953,10.729149,15.377183,17.772373,19.668858,21.858671,22.42409,23.592863,22.501328,20.870417,24.434563,24.617512,22.624111,21.067623,15.617445,12.678109,14.22022,13.358187,14.463029,15.624231,14.595884,10.143561,8.774984,4.923163,6.7202673,9.387657,9.799543,7.232395,5.9368396,7.4526587,8.024059,6.5300817,6.16586,4.3263583,3.4765983,15.426768,18.860443,17.876402,16.476688,15.055794,15.549264
-8.019117,-6.9134846,-7.305877,-8.454574,-8.508574,-8.66012,-10.204602,-12.01271,-13.360361,-12.998363,-16.730564,-16.320219,-17.791636,-17.713911,-7.7814035,-1.7341453,-2.8824587,-3.3657641,-3.5710106,-4.7536244,-6.284099,-8.420681,-10.9717655,-10.200562,-8.7562275,-6.7198806,-5.943184,-5.557288,-5.0088053,-4.890066,-4.094398,0.9959253,1.6123325,0.13790278,-3.7184432,-4.2514524,-4.4772396,-5.4183655,-7.841319,-9.813312,-12.823395,-14.135075,-14.441786,-15.611683,-16.061523,-16.46624,-13.618054,-9.222582,-2.5437846,0.36814508,-3.8269954,-6.518876,-5.0802603,-6.746516,-6.9389462,-8.589229,-8.755417,-7.2093334,-6.1435103,-6.2229247,-7.1682568,-8.699671,-10.286664,-9.187239,-8.140298,-3.8954136,2.3356614,-0.55067384,-6.4646645,-6.663683,-4.9748907,-5.03459,-5.2227693,-5.37673,-5.486683,-6.457095,-6.733189,-6.204343,-6.5867085,-7.25791,-8.222623,-10.479632,-6.220296,1.9715168,2.523297,-2.4300222,-1.6881491,-1.3350005,-2.3712912,-1.9863946,-1.1709737,1.0313,3.3315806,2.4205103,0.32793376,0.32511774,2.1141546,0.82086456,-1.0345192,2.6980367,7.3298864,6.412732,12.205141,15.029787,12.711631,8.0770645,3.9304564,5.1640453,2.80493,3.325995,5.508285,6.270095,6.913974,7.11497,4.87568,2.5267193,3.9291408,4.19423,4.854956,5.935912,6.833228,5.6566057,3.403046,9.902413,14.5848675,16.062742,15.523292,14.00158,13.900198,12.981331,10.469568,10.723755,10.204262,13.507981,14.015146,14.081894,10.136198,5.4884763,3.1433673,0.10915445,-0.97150457,0.14936534,-1.010819,-1.4965779,-0.4743591,-1.5210195,-3.0658422,-3.169701,-2.5445483,-5.23083,-4.591424,1.4659832,2.0264926,6.101611,13.575544,15.753517,15.482856,15.416327,15.111941,12.25883,6.4465322,-1.4393328,1.8474506,1.485334,-1.1704823,-2.2757642,0.28497887,-0.01559683,-0.062449705,-0.46638864,-5.768983,-8.613091,-9.925937,-8.190102,-6.5186954,-3.0029411,-3.504293,-6.4098735,-1.2236925,10.008716,13.449069,13.2368555,12.795906,10.841527,9.281119,8.236158,8.827627,5.6487536,4.455735,5.930407,5.5881667,6.3791647,5.0791817,-1.0606894,-5.578411,-1.1126587,3.7629411,8.516819,10.889779,10.662247,9.761702,8.691938,9.117895,6.314261,2.375261,5.363657,13.244085,15.906828,15.545554,16.078217,16.347326,17.04344,15.7363405,11.925949,11.154139,15.785215,15.054039,12.181164,9.841621,6.680196,2.8395576,2.152408,2.5315497,1.4488001,4.5258007,3.129883,4.780516,4.1891227,2.2353883,-3.1597188,-3.39731,-0.76523536,-1.3407323,1.2569921,5.014732,6.4047375,4.5517035,0.8151727,-1.6117191,-1.3902519,-1.3790369,-0.019309271,-3.138246,-3.8264945,-3.5326693,-4.3901787,-5.380404,-4.315507,-4.7761,-4.8587313,-7.905212,-9.123525,-7.054056,0.8228517,3.5816946,-0.2326965,-4.1951947,-6.59167,-6.596142,-7.5765443,-7.889886,-7.1858664,-7.031524,-8.779368,-10.573182,-9.636524,-12.571499,-7.7689815,-3.099235,-5.634787,0.56618917,0.19366837,-5.78391,-8.048188,-10.640784,-9.867171,-7.8884196,-10.090139,-12.438807,-12.405197,-12.075539,-13.370815,-12.479657,-12.405835,-14.571316,-14.926382,-14.59557,-9.909443,-2.844771,-3.8230805,-12.047419,-10.44279,-7.925893,-5.6319504,-3.724856,-4.0033364,-5.446382,-7.9995937,-10.658638,-15.389141,-11.601732,-7.7411594,-5.776867,-4.4462423,-2.7248182,-0.06631887,-2.7308,-8.36432,-14.958247,-12.042049,-10.144874,-10.583282,-11.919729,-13.739988,-14.977871,-15.821499,-16.071007,-14.608948,-12.668274,-9.675475,-7.934018,-6.753678,-5.9395785,-4.101773,-3.0780816,-0.90903574,-0.33028576,-1.1579812,-2.2179773,-3.885825,-5.6412277,-7.6907725,-10.021657,-11.296749,-10.887213,-9.353101,-8.773272,-8.819812,-7.0411186,1.7245452,1.288382,-7.324329,-7.310997,-6.6902785,-8.007068,-9.563365,-10.360909,-11.230826,-11.736889,-11.318367,-10.990196,-10.841299,-11.707399,-12.532896,-13.189082,-11.158195,-3.4264846,-2.6795573,-4.14662,-4.3702292,-4.044196,-4.721836,-5.865432,-7.4055486,-8.382777,-9.598433,-9.889589,-10.139915,-11.596642,-11.780733,-12.019849,-11.727161,-5.193654,-2.1097329,-6.2022266,-2.2947958,9.496127,10.985954,7.1789017,7.517305,7.575737,3.905868,-1.1650481,-0.23434064,2.33044,-0.41651982,1.3575889,6.2254086,11.471689,12.807386,13.012236,13.630735,14.075298,12.477989,7.237612,-1.7507749,-4.1291533,-5.82881,-4.6374025,-2.3853858,-3.580955,-6.7803044,-8.45806,-9.752604,-8.70766,-10.2277775,-4.0291853,0.046362445,-1.3807338,-6.7925816,-10.262795,-6.0436053,-5.2747893,0.7998678,5.756705,3.4174094,-5.4960737,-16.541931,-8.37316,-5.139036,-1.3391631,1.5977119,1.5236664,-1.7218459,1.3056133,7.066699,6.997607,4.151835,6.8513703,14.798548,18.986895,18.463028,13.174576,9.549451,7.0500307,12.073645,13.015919,12.689371,13.740693,14.113655,16.802237,20.234854,21.220587,19.190945,15.6213455,12.141503,7.8248878,3.008909,2.7502136,8.699231,11.974368,14.623409,15.23054,10.612578,7.021584,5.8513765,6.540292,8.751203,6.7648764,3.2950988,-0.5436552,-1.8365318,-0.7368121,-3.6257243,-3.2265363,-1.1782079,-1.0724218,-1.7890742,-1.8262391,-3.1749341,-4.0097895,-5.428837,-5.961358,-4.542623,-4.6132894,-1.9118001,1.2840365,4.501331,5.4875717,0.81768095,-4.530685,-4.827555,-5.2180405,-7.4363976,-11.539686,-5.576616,-1.2793636,-1.8849602,-3.7288868,-6.8339605,-7.051798,-6.2414856,-1.6862744,-0.2632495,-6.5707297,-10.271368,-11.111788,-12.48473,-15.268597,-16.952276,-17.74276,-15.139404,-11.263299,-7.3141623,-6.548232,-3.7463484,-5.0031157,-7.051888,-9.869545,-2.2192397,-1.3244771,-1.6423453,-2.3078713,-3.4991965,-6.0892267,-4.3288636,-4.8325624,-7.19789,-6.444379,-4.4566526,-3.0588517,-2.0938382,-4.8545365,-6.7370267,-6.927849,-5.895205,-3.708335,2.1382654,-0.21463008,-8.013125,-3.6798196,-4.3796735,-7.554427,-5.470102,-4.961612,-5.1008434,-5.3051004,-4.1348333,-4.8018427,-5.5337048,-6.729763,-6.743222,-5.159664,-5.120396,-4.7569866,-2.3707929,-4.819002,-8.778454,-8.218244,-9.389109,-12.319387,-14.88011,-6.7802424,5.5201287,7.0676785,8.069342,8.217606,4.460554,-1.2717093,-4.1043696,-2.0792649,-0.037630167,3.1726315,-0.092964396,-1.8900094,-4.819374,-5.313572,-6.478216,-5.9761887,-4.533173,-3.613721,1.0881113,-1.1738763,-5.2859964,-6.1704726,-4.920978,-10.288109,-4.396784,-2.5544665,-3.346174,-3.9152718,-4.9694147,-7.992832,-9.500569,-7.3789673,5.1958904,15.679466,20.625313,20.337246,15.378856,8.270099,7.383201,6.5360074,6.1188273,14.401598,17.637028,17.227322,12.771618,8.817242,5.6565685,2.7710857,-1.3045114,-1.2652856,2.0186625,4.3484416,4.3227797,-0.080220774,0.67868507,-0.78110033,-2.528708,-3.2015862,-1.2172828,-0.1810318,-0.04272981,-0.59586936,-1.7745106,-8.389547,-8.104972,-3.9776087,-3.7264266,-4.004594,-6.0097857,-5.9971642,-5.72155,-4.8687625,-6.699815,-7.3029585,-7.202279,-3.3759692,1.1897793,4.610539,4.9717216,-0.5863594,-4.927249,-7.0782137,-4.865751,-2.4631472,0.64955723,3.4270692,2.0538461,3.6403804,5.089698,2.063479,-2.5757241,-1.6140087,6.292965,16.33867,18.240736,17.228157,17.627075,17.657932,14.719602,13.197068,6.962838,0.8549477,1.871881,3.1268253,3.131096,2.1258135,3.0321503,1.905333,3.2601137,-0.23939444,4.477146,2.412385,-3.4524581,0.491325,1.9200234,0.208247,-0.7726863,3.7256718,2.585803,-1.6724067,-9.883997,-9.719085,-4.776462,-2.8946266,-2.9822912,-4.991084,-4.498851,-1.2825692,-1.2328745,-1.931633,-1.6297437,-2.2309325,-2.6611238,-5.4189224,-9.9848,-7.2634563,-5.275228,-5.033886,-5.374078,-3.1173158,-1.4953519,-1.2657831,-2.6488967,-4.369443,-5.098898,-1.2773015,0.97282773,-0.88306487,-0.3311537,-1.1882553,-4.4203787,-7.214245,-7.532201,-8.245784,-7.8253074,-3.301763,-1.439123,-2.1728106,-4.932805,-7.028113,-5.3278265,-3.7373738,0.41701806,-1.1596979,-9.99642,-7.001619,-6.2220793,-4.736026,-1.1607742,1.0743783,1.8346243,1.9410694,2.816576,3.060575,1.8332571,-1.581084,-4.1700726,-0.30052203,-0.22992806,-3.1897988,-0.7061055,-3.1688838,-2.4639213,-0.3896634,-2.1880527,-5.3077674,-6.2891345,-2.848315,1.0446508,3.5588856,4.7993703,4.924375,3.9075618,2.6767216,2.7495775,2.5736942,4.98398,2.6594546,-0.47411337,2.7862155,4.8829126,5.128706,4.6803575,5.421787,6.5258837,6.8016615,6.051955,4.249341,1.2174727,-0.8889461,-0.4043502,-0.48808444,-0.5678642,1.4376049,3.4012868,-1.1841811,-3.6989307,-6.6503477,-6.787145,-7.085146,-6.700845,-7.2552876,-9.419146,-10.44078,-7.2896357,-5.5238,-5.1883917,-4.127439,-2.5212595,3.3783002,3.795477,0.18812619,-3.3950617,-5.0458107,-5.845418,-4.304098,-0.9499525,0.4756655,1.0547192,2.7647302,1.7688558,-2.751978,-1.3915203,-4.0438466,-6.6143603,-2.9113266,4.3867583,2.7104118,-0.756278,-1.9748241,-7.3515387,-6.73909,-0.9841451,-3.860899,-0.35994187,-2.8018413,-6.9268994,-2.1286128,6.8420553,9.98941,9.821871,9.561519,7.866363,3.1345615,2.084068,3.2143164,4.862494,3.9578917,-0.3992172,-4.362191,-8.005088,-10.497772,-6.7857,-5.434379,-9.26038,-11.234469,-11.395405,-4.9354672,-3.8146749,-6.3203325,-4.082046,3.6377192,3.5178878,-3.7627292,-1.311259,10.084652,17.856575,20.080564,18.823692,16.945398,15.920893,15.612607,15.854659,15.724631,13.105575,8.546434,7.9640045,6.180616,2.1626291,0.50488645,-0.38340694,-1.074742,-2.3845453,-1.504336,-2.4523954,-1.4156259,-1.5321766,0.08211396,1.3322062,-1.4565716,-2.3933542,-1.7027059,-7.059891,-12.163208,-8.896686,-8.261898,-4.19229,-0.5878013,-5.401355,-7.180977,-7.2379375,-6.707862,-5.8237514,-5.986271,-4.7873483,-2.934805,-5.055775,-3.5589635,-4.710759,-4.338664,-4.8783245,-4.244216,-2.6465764,-1.0412915,-1.6662902,-3.1789973,-3.5237083,-5.550727,-5.8179502,-6.10814,-4.804614,-4.960756,-6.4491706,-8.418341,-9.811208,-11.309095,-10.563374,-9.43739,-8.897791,-7.669552,2.113976,0.60502404,-2.61713,-2.1291926,-2.4107883,-3.5134375,-1.8682843,-1.516792,-0.6604567,-1.9116101,3.7532134,7.47088,5.2414713,3.9005659,0.23432153,-0.73958635,-1.9024253,1.4955993,-3.0680013,-6.4052415,-6.122633,-2.3976817,1.0337261,7.8394794,10.398361,9.413797,9.041998,4.841503,2.3096232,1.6241122,-2.121708,-1.9652429,-4.978116,-6.8395815,-0.30383414,3.8186998,7.0274315,7.567856,4.8578553,2.4847834,1.757599,0.75691134,2.257677,2.4053023,2.0564728,-3.4503295,2.3863318,2.3064158,0.082415715,0.7779021,1.4987468,1.8338361,1.819858,-0.37784767,-4.2473164,-5.1780033,-6.2049665,-3.3974314,-2.3750618,-2.723444,-5.301671,-3.66891,-4.138241,-3.834592,-5.783574,-6.0530643,-7.855019,-8.002755,-4.152189,1.5690769,0.057217702,0.8273754,0.99288934,-0.18025623,0.21858446,-0.06480306,-0.3841747,3.316357,3.9897866,-0.5367569,-3.6673715,-5.766678,-4.1979785,-4.343729,-2.636746,-2.9716363,3.579334,3.6772423,-4.251696,-2.9449286,-2.0076227,-4.92066,-5.9017525,-6.606419,-5.5182843,-5.9135475,-5.752809,-6.6471853,-4.752265,-4.650974,-6.1211996,-7.550067,1.1539284,9.663236,13.20414,12.116507,12.296882,10.014441,3.2841313,4.315626,9.752254,7.0778694,3.9077897,8.211933,8.199924,5.6802564,0.9475007,-2.6411095,-1.6174196,-2.2967215,3.0629802,4.743159,-0.8066317,-3.6397493,2.201655,10.863018,8.511251,-1.3575052,-3.1986032,-0.19783881,0.082050964,-5.191039,-1.7264903,-0.1310818,-1.1158941,-2.0493746,-3.3436446,-0.87434065,2.2770615,-4.467617,-7.9741955,-6.6258426,-4.6782045,-1.7759275,2.8571625,6.545002,6.111608,3.8959637,-1.5745021,-7.5131435,-9.797133,-8.359742,-4.1880245,-0.38136795,1.9509107,1.5353189,-0.30998248,-3.3046012,-0.2860976,3.142653,3.2487688,0.57250714,-0.5573147,1.8038392,5.339957,3.21079,-1.1907178,-3.4650946,-1.8345613,-1.3399554,-1.7352997,0.8172426,1.4742084,1.8378346,-0.26427934,-3.635294,-8.271529,-5.3154125,-6.4632845,-6.1102467,-5.3661795,-7.405188,-11.891083,-12.663189,-13.328926,-12.553612,-7.088524,-2.5990443,-4.2870526,-10.536589,-11.760616,-11.413141,-11.410101,-10.389323,-12.131652,-12.648107,-11.1851845,-10.207417,-7.2264004,-7.000779,-8.097261,-8.082281,-6.7818713,-4.096063,0.6065024,-0.29472202,-8.461305,-7.5289392,-5.4905567,-5.0335526,-8.162749,-10.287582,-10.764252,-11.0479555,-12.650572,-14.18898,-17.32402,-14.264643,-13.696986,-8.866356,-2.4488533,0.6940153,1.0755476,-6.3661094,-5.83043,-6.4604383,-8.126533,-9.519327,-10.539702,-10.817914,-11.230091,-9.149789,-4.613145,-5.240634,-7.631859,-7.6582384,-5.1627474,-1.3108721,1.0797427,0.52791125,2.231862,-1.311232,-5.2134256,-9.227492,-12.143616,-12.836195,-12.112963,-11.830734,-12.932473,-14.543938,-16.557234,-20.123556,-20.785976,-19.80157,-17.426401,1.4418075,5.0381036,-2.061637,-10.233499,-12.533579,-12.039188,-11.693044,-13.329458,-13.611318,-13.473827,-15.344519,-12.901857,-9.178551,-12.020521,-12.20203,-10.084688,-7.0005136,-2.4450283,2.657417,-0.4941725,-2.1306746,-2.3055735,-3.3886952,-4.4100313,-5.0130377,-5.385394,-6.236759,-8.3987465,-10.015955,-12.722923,-17.726227,-15.617407,-12.330879,-11.041683,0.3206864,2.0683231,-3.8279276,-9.340898,-12.824347,-11.789265,-8.469813,-7.615656,-8.266788,-1.7446592,9.575569,13.091735,9.254116,-2.8160932,-1.0335886,1.5288658,15.94721,21.383326,16.906712,13.206844,6.962632,12.740999,18.384495,17.780254,19.517714,21.334145,19.897675,16.979168,12.710328,3.063755,2.306843,9.317403,15.20877,17.89995,18.556183,17.767876,14.313789,13.689666,13.6521015,14.959431,21.629494,23.4421,22.779753,21.367798,15.137973,13.462925,10.7702265,11.284374,15.470404,14.895672,13.033763,8.20551,5.6429296,6.3682246,5.7772303,8.724185,14.180385,17.578388,19.345959,19.306656,18.529482,18.73621,18.155478,16.437622,18.94045,17.732737,18.259548,16.34547,19.12022,16.736685,12.674874,9.782555,10.022551,6.2389894,3.5675864,4.631887,8.749325,7.6119814,8.754396,7.0667753,5.224266,1.4372665,-1.0268154,-6.3755393,-4.1525297,-4.3912606,-3.527264,-0.9309151,0.52379465,1.6654338,0.4074676,-3.640942,-3.4521432,-4.143514,2.0466704,0.61617005,-3.3624375,-3.7227564,-3.006991,-0.014386113
7.078354,6.731029,5.6425657,4.688639,4.1206083,3.321395,1.7711427,0.07718893,-1.7552258,-4.977931,-10.735573,-13.6762295,-15.434423,-13.344965,-11.619728,-3.6832907,2.025151,4.043372,4.8030467,4.7366557,3.7206974,0.6445766,-5.355674,-4.5041723,0.10245876,1.7314781,2.241537,2.8700325,3.1779935,2.9443893,1.2396203,5.567146,7.3879614,8.121088,7.887945,7.6094627,7.260101,5.5650764,1.6424928,-4.1911497,-8.808477,-7.625098,-5.211707,-4.719646,-4.890446,-3.1755164,-1.5188576,-3.3378425,-6.11092,-5.1376314,-3.7387733,-0.605996,0.87703913,1.1863394,1.1760676,0.8630178,1.3086773,1.565475,1.3400507,1.2754986,1.9903774,2.904956,2.062128,-1.6324066,-5.495425,-7.152111,1.344205,4.4895563,6.2295895,7.4522967,7.218891,5.8217163,5.127566,5.691602,6.3278494,6.4509907,6.5840826,7.1781826,6.9522214,5.165142,2.386271,-1.6442795,-1.4001514,2.32824,5.0286064,0.9655782,-1.836853,-5.218154,-7.140927,-2.2414176,-0.16119015,0.85768944,3.8836432,7.805347,6.272884,-0.7843557,-4.0970645,-2.0061193,2.2427099,5.2867565,7.24289,3.8492517,2.8597662,2.7258966,1.274667,-2.6007679,-6.7956886,-9.428915,-6.5889826,-1.285877,1.6367223,4.010767,2.914984,2.234202,1.9533274,3.3042505,1.2009605,2.323731,6.581091,8.076163,5.504439,2.2179804,2.8368683,4.727735,6.495297,8.572425,9.590253,10.570259,10.430833,9.974434,8.64386,7.8294506,7.692871,6.7579117,7.0862045,5.6121874,5.30448,6.484363,7.4734697,7.655558,7.5819297,7.9218655,8.029959,6.740217,4.116315,0.91990346,1.0603298,2.9791718,2.640251,1.7144572,-0.49934494,-1.9386053,-2.554111,0.10668796,2.4242835,2.3001645,0.22474182,-1.7409899,-5.9402695,-6.368743,-0.96829224,-0.6304033,-2.4480948,0.4371143,1.4898401,-4.1283574,-7.0012517,-1.1562785,0.41286692,-3.616294,-2.1271613,-1.34431,-1.0617219,0.7253487,3.3224204,5.3498344,5.637405,5.104816,3.5639162,6.974819,7.723567,0.30986977,2.8055577,3.3719563,6.681456,10.249515,10.793939,10.447842,10.617632,11.973536,12.288368,10.783607,9.639154,6.450228,8.8443575,12.83207,14.05169,14.042083,17.771433,19.120571,16.221373,14.104499,12.081214,6.0588026,5.502973,9.256572,13.072738,13.091354,9.199739,10.129756,10.498837,11.2982235,10.521111,9.657596,9.191263,11.489987,9.806023,8.304425,9.424697,9.24493,10.350495,7.869041,2.777874,5.7941236,7.5875134,5.1923947,2.1609297,4.190371,6.7232656,6.588121,7.6797447,9.915901,9.811932,9.064579,7.304843,4.503094,1.9086391,2.388035,3.328206,5.969854,7.807025,7.9862156,6.798211,5.8899183,5.264885,2.330168,2.2900028,3.036175,1.1223353,0.9890061,-2.2071717,-3.156321,-0.99351275,-0.24114892,3.659255,4.3493524,4.0474215,5.137193,5.2065268,5.6452937,6.9825892,7.736337,7.6971836,6.198536,4.283606,2.0742006,-1.6634482,0.9629888,3.7444208,3.2058408,5.6633115,7.0882244,4.1884656,2.5358806,0.8123017,-2.7502365,-1.8229191,-0.20237619,-1.0485573,-3.3336184,-1.9159056,0.33903068,1.0295783,0.48003894,-1.0499706,-2.035105,-1.2677706,0.47684398,0.2765306,3.4407952,4.917184,6.2814355,7.6880856,8.843573,9.758986,10.084987,9.693533,8.453547,6.1734433,3.5635388,4.1539226,6.2580876,8.027953,9.41965,9.189385,6.9190555,5.6670423,0.47073868,-4.4365683,-0.36018258,1.936366,2.336329,1.4465069,-0.17288885,-1.6029093,-2.6157427,-1.666234,0.28142646,1.8915929,3.5620043,5.7676167,7.720075,10.044991,12.411236,12.665932,12.987423,13.213738,12.819015,12.00905,10.507579,7.9777145,4.450842,0.6754344,-0.9911415,0.8091105,2.8703709,3.7370038,3.8455117,5.4066186,9.072142,9.453421,6.3498397,6.2863154,7.177613,6.674488,4.8583984,1.461088,-1.5125985,-0.8193796,0.940719,2.13978,2.7744064,2.7269495,1.5419974,-1.7699205,-5.76097,0.6382576,5.9449906,7.5439386,8.772437,9.339892,9.021374,7.7292376,4.9545126,1.2403632,-0.10138161,1.9208148,2.654487,2.3614626,1.8445907,0.5526357,-0.8565544,-2.7796652,-5.102629,0.8319628,1.6903328,4.5700674,10.316658,13.028565,9.970463,11.729837,13.883668,11.837563,9.597542,15.72404,17.673532,19.466541,21.101362,21.479939,20.236042,19.76105,21.444565,23.005922,22.887981,19.195335,12.8117,9.10925,4.920269,7.4762983,8.569654,4.107062,1.28484,3.6802688,4.6213846,4.624068,3.0992162,6.2914515,8.779641,9.08502,7.423931,6.4436407,5.250622,1.314842,7.470364,13.435468,13.976923,11.269183,9.615986,10.079697,11.562605,11.917195,12.426685,13.995373,15.383373,17.889835,20.266579,21.372063,21.948975,23.001785,24.04251,20.848951,15.76553,12.622898,10.837124,9.01854,5.936169,7.5613456,11.410263,11.613355,10.715088,11.388646,11.764483,11.435911,8.881635,6.2646384,2.3776097,-1.5693474,-2.5315166,-3.6022398,-6.843649,-2.690016,2.9054604,2.2807367,2.491384,2.1362948,1.3060803,-2.1916249,-3.8255503,-1.9050227,2.0906465,6.237257,7.6180487,7.709115,7.6195073,8.122268,7.606385,7.6218767,7.6089725,7.024355,5.588025,2.2360678,-1.2836756,-1.7072794,0.53344,1.5251713,2.7203588,3.260981,1.5588063,2.0936952,4.66132,4.9271355,4.840322,4.849161,4.5656924,3.1971097,3.6529236,4.4991326,4.417878,3.8244557,2.5446858,1.0237225,-0.25691974,-0.46303868,2.1636372,2.477712,2.031761,1.0674105,-0.28712624,-1.8709797,-1.7444717,-0.93087727,0.23862869,1.4487575,3.6467502,4.499135,5.7888837,6.1605196,3.220835,1.2385834,5.4936686,8.420615,10.6024,9.935529,6.434651,6.020079,7.1053267,5.5777416,2.7277126,4.985072,6.964326,7.9419303,8.390082,5.115597,4.1790776,5.2774596,6.571422,6.7149725,6.834446,2.6139877,-3.677002,-0.6264197,0.88056594,3.9609241,8.054264,9.365643,9.263884,8.69165,8.423173,7.84395,7.0791826,6.090936,5.7700615,6.2105756,5.6717615,4.6893663,4.154993,-0.69330746,-8.253845,-3.1259475,-3.020297,-5.549233,-3.0859067,-2.2620163,0.21058007,2.912406,5.9627194,7.045059,3.0990872,0.9515443,-1.9894505,-0.7458354,2.5681586,3.0002031,0.45878175,1.0335641,2.4222097,4.9936967,6.6124096,7.8332796,8.581717,8.29389,8.510449,8.893295,8.844512,7.398696,4.959935,1.081827,-0.49925435,2.428004,5.1061172,8.005379,7.999015,4.991377,0.6388328,-0.5929598,-0.58376175,3.9262571,9.272682,6.6641283,1.1072516,-0.35522148,1.1762804,1.7473073,-0.99018484,2.3977396,4.6823115,4.863673,4.9370704,1.6423714,2.2024589,-3.2375298,-1.3700702,3.8930175,7.195012,8.314956,8.962256,9.412325,8.990449,8.464019,7.712919,5.8808584,4.168944,4.8538857,3.5004325,3.0103943,2.6036868,-3.6468232,-7.6240396,-2.5165215,0.37603068,1.6502879,2.9995165,4.4198265,4.8811927,5.2712107,5.365787,5.6797338,5.3421173,4.8545847,6.1929674,3.986864,1.4864566,0.3197159,-4.39036,-5.396055,-6.701477,-8.59015,-8.667899,-11.65346,-15.421181,-14.9022665,-15.26792,-10.365458,-7.9248657,-2.6449413,12.810483,16.638382,17.646458,17.369013,20.330772,22.238874,20.004148,13.768812,7.1459937,3.2910676,3.6266346,6.6420674,5.7316933,6.2151556,7.2907963,3.402039,2.641225,2.7982676,8.44618,7.40322,1.6209967,1.8736756,1.3994961,1.1188107,-1.3379633,0.35196215,2.1920536,-1.820917,-10.232906,-6.6195817,-1.2052689,-2.114793,-2.602897,-2.5544724,-2.3728135,-2.8321483,-1.3957193,-3.1672742,-3.239201,-9.780067,-15.601335,-14.763688,-14.828476,-10.494222,-12.614054,-13.825111,-17.287762,-18.191475,-15.803822,-20.83454,-17.533155,-13.687829,-3.2228765,4.468133,7.683572,5.9493675,3.7784111,1.9651192,-0.18626706,-1.201817,0.26945087,0.84657323,0.41321996,1.1535378,2.0216615,2.1315105,2.1544554,2.5837982,3.2076435,3.3884609,6.0586205,4.329578,-3.5978913,-2.0419776,-0.54478604,-0.6862002,-0.5012702,-0.7165724,-1.2549402,-1.3193047,-1.2515032,2.1161468,3.9953196,4.1142235,3.51723,3.2064106,1.0449185,2.2473598,2.379417,1.9275223,1.7766613,1.4575719,2.5912926,3.1724904,3.2433846,3.2926636,2.7942262,1.670264,0.49605078,-0.05529085,-0.04378529,0.3398322,1.071162,2.3886492,1.4328237,-0.7293682,2.6449192,2.1500437,-0.2032227,-0.79761153,-1.2185332,-1.2635164,-0.24307661,0.31743598,0.91200805,0.3031489,-1.4076626,-4.9309015,-7.4489756,-6.2366524,-5.8900924,-0.11078668,3.5100212,-0.2734259,-1.4818114,-1.1458168,-2.0862248,-5.25704,-7.301901,-7.5564938,-9.654005,-9.799012,-7.322567,-6.420909,-5.9710846,-5.556877,-6.0729747,-2.2030478,-0.24701452,-0.027788252,1.5135405,-0.4551539,-1.2036436,-1.7543395,-2.1414163,-1.662092,-1.7193346,4.130618,7.5898,1.5735135,-3.7263536,-1.8516316,-6.5933666,-3.528788,5.5493336,7.018471,5.644738,9.118937,8.730705,7.4133263,4.5162687,-2.209047,-0.08998099,4.252797,9.796027,13.605574,14.827361,10.569142,3.7681541,3.8184726,10.287905,9.366833,3.1708148,1.4744854,-2.0312636,1.4905627,2.8342204,2.8532588,-1.0948504,1.3792496,1.7589676,0.8757576,-1.0955759,-4.516527,-7.363756,-4.4301476,-3.8663993,-3.1533623,-2.2754464,-0.86730415,-1.7435538,-3.0357957,-5.2244463,-3.5533655,-2.5335577,-1.3605862,-2.1592066,-3.0147328,-6.2898054,-6.4281187,-5.3295207,-3.795869,-0.33080056,1.7147872,3.1151505,3.855748,3.0224867,3.4430397,3.2032049,3.6329603,3.460472,3.34194,3.0555437,2.1394978,0.57215863,-0.55377245,-0.8007667,-0.9610521,-1.3134294,-2.9995928,-6.285045,-11.938713,-11.561298,-11.623461,-5.8349133,-0.64569056,1.069923,0.400231,0.6290638,0.8573877,1.0062132,0.6942558,-0.8782032,-1.1559627,0.07820652,0.37757772,0.47488594,0.9901616,1.9692272,3.9138074,6.0904617,7.7663417,8.059343,7.800041,8.150481,7.6196966,5.079256,1.4789727,-2.6234653,-6.9946423,-6.0515146,-3.157312,-4.2927303,-11.306767,-9.388765,-4.3665705,-1.5043752,1.7627571,7.502487,6.661812,3.2298312,1.8315454,-1.5238167,-2.096549,0.6099022,1.6941355,1.4146637,1.1877114,0.047848146,-0.21313475,-1.6439302,-2.3356483,0.011077997,0.6062841,-2.5829337,-3.9852917,-1.315824,1.5997999,6.0278554,11.846493,14.266327,14.589194,10.685671,11.351647,10.187306,5.9001756,2.1138105,-1.0178555,-0.0005951592,-1.7454721,0.31920075,-0.7517235,5.155924,10.082303,11.3208065,13.770419,14.285326,13.804363,12.726756,10.736198,11.421207,12.4860115,5.948775,4.8925533,10.491729,13.02126,13.353167,13.187467,13.09545,13.0594845,13.427128,12.010244,7.826393,0.6645414,-1.5600967,3.1985927,5.0135393,7.7074966,9.081838,9.49323,9.407205,9.285738,8.130832,7.4409795,6.3938503,3.9841266,0.42086214,0.60105157,1.4103891,3.1478567,-2.9470527,0.48285592,4.436947,6.5856514,8.691965,10.360569,10.339008,9.748804,6.969356,3.6334114,2.17483,-1.3168038,0.07817805,0.5315238,8.016963,8.7627945,2.781876,5.219964,7.2264585,6.9594283,6.770154,5.429798,1.6006123,-6.5397973,-1.0818355,2.1241288,3.703599,4.546513,2.828798,-2.1815054,-5.475034,5.2734337,10.834779,10.932025,11.235591,7.5576277,6.6957564,6.142131,6.3275533,5.03767,8.115498,9.622653,8.408824,6.3684425,2.412372,1.1950428,3.0876656,3.2824004,4.6969147,8.898155,8.932518,8.033398,6.787283,7.8927774,6.977053,1.2548244,-4.707549,1.574902,4.370619,4.468397,6.0112534,8.937583,9.934958,8.478726,5.5142016,2.6256166,1.8004012,-5.5931063,-2.986573,-0.03477271,0.087488055,5.410247,8.389521,10.866269,13.781701,13.765845,10.456344,6.900019,6.2678623,2.8350358,4.7767944,8.421124,13.409947,14.390144,10.278872,5.3870435,3.2206092,1.245487,2.808937,1.6060998,-2.0362234,-6.4586544,-3.161614,5.244034,4.9175797,2.7098882,0.47802436,3.8402746,7.735482,6.941537,2.1834352,-0.5636262,0.528708,2.7024727,3.972385,6.726253,7.8230143,6.7956095,5.604478,4.062425,0.60076976,-4.5314007,-7.201027,-1.7883481,0.96870995,-1.8783222,-3.2682104,-5.978779,-2.186562,-1.3316457,-2.8007755,-3.33437,-1.7574471,0.2093355,1.1393092,2.5137904,5.306129,6.8556404,6.0605354,4.72596,3.6014,3.0209608,2.273842,3.643242,4.0497627,4.119739,5.104905,5.748453,3.7488892,1.5637828,0.8797056,0.99994457,0.3576006,-1.4564086,-3.5686965,-1.7970024,0.9732229,3.4856298,7.9614687,10.51505,9.269321,6.666174,6.860659,5.37102,3.192462,1.5606571,0.86424935,-0.5227501,-0.8079868,0.27031007,1.219876,4.063156,5.094192,5.934828,7.101406,8.183316,9.482022,6.987148,1.492079,0.58362,-0.009042315,-0.19317761,-0.21637379,-0.1375419,-0.6341836,-1.466419,-2.6652405,-4.7060666,-8.706815,-13.177365,-9.187366,-5.7692866,-3.6834238,-2.836976,-0.012127668,-1.311039,-0.74920726,-0.3295666,1.0215816,0.9818476,0.25559646,0.12871692,-1.4934574,-5.263871,-7.201892,-0.2254608,0.96165013,0.44963184,1.8945606,3.4185734,4.6963344,6.566367,7.2608385,9.479901,10.120219,9.375965,8.245438,7.377705,7.1716375,7.047388,5.8592167,2.7343674,-2.7946293,-6.0051723,-4.4508934,-2.06755,0.1657206,0.89742696,4.270261,3.1510637,-0.37678036,-7.589096,-1.2824244,2.7804217,4.6017756,5.215002,6.606438,8.290306,8.892894,9.090435,6.3343334,4.1084704,3.3041286,13.203726,23.395115,24.819859,19.379183,17.288568,20.387413,20.514639,19.931358,20.81855,19.523058,20.368347,22.983725,22.60299,18.19662,13.980986,20.28297,20.156761,14.569091,16.057985,19.012342,21.780674,17.36625,13.867616,21.53986,23.939648,19.182531,15.568838,19.88057,21.307333,19.777262,18.31134,14.465946,14.294883,11.373392,8.129368,2.5880222,8.574096,15.251808,17.301874,21.004654,24.508442,23.447094,20.486443,18.231083,12.619776,12.499785,9.906468,11.527395,14.629045,15.0837,13.40393,14.169153,15.284165,13.100172,10.612471,8.7852,3.418777,3.6944592,4.479234,1.2911923,4.707933,2.6912556,5.8232775,3.5518394,3.0293908,0.2883874,0.4169489,-2.9537325,-3.7384596,-6.0281587,-1.2425503,1.8740939,5.909739,7.858486,9.264852,9.889003,10.138145,9.944913,10.4893055,10.283952,10.548931,10.164147,8.616049,6.915695
6.537387,3.3118417,0.90120065,0.05387894,-0.4800983,-1.322518,-2.9733422,-4.6359725,-6.715169,-8.690132,-12.85186,-15.392619,-17.296131,-13.804337,-7.178449,-0.46343553,-1.28169,-0.69142395,-0.3225261,0.12333325,-0.24062657,-1.8224401,-5.4222775,-6.130542,-3.5937867,-2.7356482,-2.4811635,-1.5774376,-0.82176924,-0.69382674,0.5201049,2.4953763,3.2900243,4.052173,3.083773,2.703644,2.7946515,1.3102161,-2.6296508,-9.785693,-17.633398,-14.7218,-10.302723,-10.02592,-10.5842705,-6.9264555,-4.4187784,-4.7636614,-4.672509,-0.60581326,-2.6265793,-4.7111187,-3.0509567,-2.253969,-3.1452944,-4.1551986,-3.2622862,-3.489077,-3.1816778,-3.3690872,-2.2840314,-0.4335721,-1.126876,-6.0595965,-11.379147,-10.588089,-3.7332554,-1.5991337,2.684712,4.4558735,3.303324,0.7782769,-0.57464135,0.21658523,1.2813176,1.9292468,2.0531776,3.1966436,3.2176003,1.3023117,-2.5994945,-7.9210544,-5.935821,-1.1168363,0.34940198,-2.7457147,-5.2644863,-10.711184,-11.84987,-5.6601744,-3.0465767,-1.854141,-0.84582263,6.81256,6.977233,-2.5377598,-4.5722027,-2.99825,0.60874045,3.1505008,2.2625666,-0.3628938,-0.77606475,-2.9789724,-4.267206,-7.2982264,-10.52369,-12.080525,-10.490588,-4.7161107,-0.40103292,0.43185192,-1.4454716,-2.2712393,-3.4000602,-4.007856,-3.7076662,-0.717759,5.6643324,4.477684,-0.61738,-6.004265,-3.2253036,-1.479522,0.77185404,2.987374,4.4286513,5.396181,5.158003,4.5930467,3.784149,2.6309516,1.9584546,0.9887006,2.4353747,0.4646578,-1.1753201,0.21670885,2.486659,2.687495,2.3870642,3.2912207,4.002812,2.6819,-0.32650715,-5.7774725,-4.8835144,-0.8701501,-1.7529958,-0.99545544,-3.7929902,-4.7820797,-3.2653303,-3.920247,-4.6719737,-3.1465495,-3.397921,-5.0409126,-7.392614,-7.8072553,-4.5415835,-3.9415054,-5.146466,-4.9093475,-4.674631,-8.267809,-10.840504,-3.8044477,-2.1978054,-7.1340113,-7.6292486,-7.7729454,-6.54862,-4.041644,-0.9691661,1.0964919,1.7260963,0.7190147,-0.48307234,0.09892791,-1.1268688,-3.829894,-3.821742,-2.5949645,-1.6519442,-3.3019865,-3.912932,-0.9944177,0.20206226,3.832369,5.199449,3.4446778,3.190668,1.7719866,6.86923,9.949375,9.030564,9.346361,11.618923,12.321501,7.4389467,3.6646736,3.8809385,-2.7152834,-1.2942356,4.8971553,7.405703,7.928767,6.1875544,4.2374425,1.8172612,-1.8015116,-7.686813,-2.7542062,1.6887636,1.4987324,2.7516012,3.107809,4.627489,5.6983,6.205927,2.171705,-3.0749936,-1.498233,-1.4822506,2.9942024,4.193614,1.5495727,0.9886956,1.6468029,2.7714274,5.108242,6.2019153,5.445176,4.02367,0.88842326,-1.196197,1.1741681,0.15926035,1.7683699,4.239459,3.4925795,2.9764793,2.063295,0.6745809,-1.9387351,-0.43060467,1.6652236,0.46247363,0.72014296,-0.026065243,-3.212242,-6.5534897,-0.72872126,0.52759445,0.15835293,2.4332604,2.4520051,1.3967049,2.4544353,4.1667323,4.240324,4.4333415,3.0539227,2.6375139,1.4055789,-1.7250718,-1.5528351,0.18325895,0.2072249,1.1706117,2.7935169,1.8473183,-1.3665056,-3.3789048,-8.007572,-6.9828405,-4.929401,-5.5183992,-10.011303,-6.6861515,-2.6579497,-1.431641,-1.7299999,-3.1031551,-4.599474,-5.2258463,-1.9287187,-0.74504006,1.0148278,2.9215858,3.8926544,4.528799,4.8950195,5.444555,6.1017437,6.283161,5.705039,4.151622,2.214625,1.6187705,2.494961,3.8299587,5.446797,5.862594,4.562666,2.6640372,-3.0872421,-5.4320784,-4.5650406,-2.4424098,-1.7225837,-2.1823063,-3.3235753,-4.7244925,-5.298979,-4.80293,-3.0422661,-1.803271,-1.0446526,1.5735152,3.9856763,7.5688066,10.634704,9.95035,9.3552,9.099413,8.670919,8.035967,6.7335534,3.9386346,-0.45891643,-5.4079337,-7.5522633,-4.3855457,-1.906529,-1.0105588,-1.1803696,0.35059318,4.050147,4.778046,2.1311567,2.0942779,3.4628608,3.1698427,1.4146255,-3.217132,-8.437649,-6.3671775,-3.8052156,-2.4068716,-1.5082456,-0.9536146,-1.8854053,-5.992626,-11.7881975,-1.1884941,2.8034248,2.4901655,4.286668,4.838249,4.835399,3.7671356,0.33511633,-5.383322,-6.5986567,-2.5683043,-1.8388321,-1.7081803,-2.158139,-3.7476516,-6.292873,-6.0874453,-2.3764198,-2.2859957,-2.1397655,-5.457573,-0.49869186,5.8194594,4.6564574,4.392382,9.390635,13.167605,15.159891,16.865236,16.096046,17.256485,18.053877,15.677477,11.194201,10.137657,13.318653,15.865215,17.711012,18.38197,15.607306,8.344827,4.8149185,3.5258904,4.88745,4.48504,0.6659558,1.239799,1.9432611,3.8320951,2.4515433,2.808266,3.9361145,4.208415,4.2121286,5.213661,2.328724,-5.8113394,-0.27405506,6.747135,9.62256,11.696384,11.642127,9.372084,9.10537,8.029576,6.073142,9.277178,12.490373,15.531609,16.410389,17.455925,19.525372,20.18531,18.978916,14.804876,9.513995,8.51186,6.6688976,2.8502064,0.71757674,3.6487002,6.772458,7.6338377,8.258182,8.776103,8.688352,8.631124,7.631591,4.479285,-0.6866086,-3.60542,-5.4571066,-10.525589,-12.460688,-9.962009,-3.1527748,0.5786062,1.1390845,1.2678108,-1.6426623,-6.382901,-3.0411558,0.9057448,3.7457519,3.2016728,3.7693129,3.5596533,3.33532,3.5747986,2.899743,2.9701576,2.9073846,2.3029878,1.154942,-2.8375344,-8.518298,-5.984816,-7.2001786,-4.472765,-4.241418,0.7681675,-1.6755204,-2.4713423,-0.29260486,-0.015917424,-0.034885436,-0.26634255,0.5131324,-0.011389993,-0.95773035,0.042316053,0.2060085,-0.7878454,-2.5157971,-3.750316,-5.3663774,-4.504174,0.9135903,-0.64311874,-2.018305,-3.198224,-3.9659033,-4.677287,-4.546193,-3.7249885,-2.8467653,-2.4450324,-0.40956748,2.3224363,1.9145694,1.6669152,-0.52950865,-0.38889807,1.6763237,5.082309,7.041545,7.0695677,1.2909855,2.7766495,2.1010227,0.15531284,-3.9940577,0.7329088,2.0159028,4.103556,5.626716,4.2606707,2.2051928,2.79532,4.4883914,2.3582163,2.4533615,-1.6752813,-8.623286,-7.14464,-3.294119,2.0461602,4.7660923,5.5308323,5.3596025,4.440339,3.5822992,3.1852508,2.269031,1.0919161,0.56116605,0.97340876,1.2071183,1.9237616,0.67854595,-7.252435,-10.527695,-8.529275,-7.699161,-8.189478,-7.673716,-7.894215,-5.1351857,-2.8301702,-0.43406758,0.47458145,-1.2404218,-1.0482545,-1.6012131,-0.8593109,0.6416398,1.531697,-0.49073842,-2.534881,-2.7067952,0.19326034,2.5769126,3.9868882,4.4435153,4.1227684,4.0450964,4.657006,5.3061633,4.3878703,1.9958652,-1.0903624,-2.8827894,-1.6965436,2.6149049,5.733564,4.4948144,1.374705,-0.50214356,2.8751884,5.868096,7.7088456,9.999773,7.7439175,2.1112,-3.6628702,-1.521859,-0.53299284,-1.6758996,0.14264174,1.475293,3.3092232,1.8549973,-0.8859719,-0.3644976,-4.7108045,-4.3067894,-0.90959907,3.2187092,3.195195,3.9467337,4.810787,4.1316233,3.6038055,3.1197276,1.1429504,-0.610925,2.2461722,0.20066398,-2.9587855,0.016639682,-4.124859,-9.87768,-6.9028387,-3.7530746,-3.1625824,-1.944989,0.75635767,1.3411571,0.5409341,0.72727376,1.1589445,1.2695804,-0.42765605,0.79130566,1.7772816,2.9552708,-1.6781093,-9.824603,-9.244606,-12.228752,-12.5571,-14.636225,-14.922357,-15.723673,-0.7747858,10.454636,13.9825535,14.150095,15.430792,17.268381,13.698105,5.9031696,5.0077486,8.738235,11.249826,10.625196,5.747284,1.8439151,2.626115,0.80498886,-0.016055904,-4.8014746,-1.6396855,1.330771,-1.4325643,-2.1773891,0.10230453,5.5989027,4.423355,-0.8071523,-5.15876,-6.363917,-4.9203763,-2.979095,-1.4927945,0.35184997,-0.6146923,-0.26216212,1.0954136,-1.644168,-5.064554,-5.657563,-4.4976916,-4.994122,-3.485454,0.0002422859,-2.3785338,-6.1723957,-6.0839834,-12.919941,-15.475481,-20.632656,-14.84757,-15.814606,-16.1213,-16.4798,-18.550283,-16.593025,-17.899765,-17.77756,-12.792885,-0.9320083,2.7969036,4.77623,3.0661561,0.2528352,-1.8301297,-3.8103495,-4.5245824,-3.1139815,-2.6299086,-2.561178,-1.5943085,-0.9844799,-1.2687612,-1.683505,-1.1421224,-0.40474,0.6542477,1.0999142,-1.8642194,-5.9158783,-6.8407955,-4.588183,-4.90552,-4.560242,-4.7204366,-5.0090427,-5.417719,-5.1744657,-1.4418514,-0.10001826,-0.26101786,-1.4032145,-1.236955,-1.8126892,1.6250999,0.22279313,-1.0857205,-2.330634,-3.6228552,-1.4505656,-0.7762594,-0.6876016,-0.805974,-1.1883968,-2.703189,-4.3122463,-5.1845446,-5.3165674,-4.4908447,-2.957344,-0.9783865,-1.1757592,1.0966742,1.5406789,0.4996821,-2.4826941,-3.428377,-4.1045995,-3.972906,-3.4232802,-3.4118938,-2.4823782,-2.833394,-3.681315,-6.7096853,-8.995238,-9.014559,-8.020481,-4.5686684,-1.3634071,-3.6082149,-6.321277,-6.0625005,-7.075915,-8.545484,-9.773203,-11.285671,-13.930436,-14.886336,-11.759891,-10.622587,-10.710202,-11.216241,-11.756161,-11.194571,-4.2014437,-1.3024552,-0.7205049,-3.092221,-3.9033155,-4.706468,-5.1026587,-5.323937,-4.218965,4.761507,8.315231,2.3439875,-5.9604287,-3.4055421,-7.6747556,-8.663072,0.36881235,3.3449044,0.18801215,5.8622365,8.402658,6.847307,2.9131374,-1.6729527,-2.9244642,3.8266194,10.721216,12.442508,11.071884,7.5293846,1.8012333,-0.3638977,4.0247197,3.106512,-1.4057112,-2.9209037,-0.46325898,-0.049386196,-0.80464506,-2.3758247,-3.297637,-0.31407338,-0.8127667,-1.770926,-3.3838103,-5.414471,-7.2558827,-6.7343483,-8.035128,-7.0180273,-5.704093,0.054029267,-0.6416824,-5.3586335,-6.0463133,-6.5430837,-7.44039,-6.417721,-5.6638927,-6.1808033,-8.7346,-10.710677,-10.126776,-7.494013,-4.8056636,-2.4142756,-0.76257175,0.775087,2.7145348,2.6623511,1.0766886,-0.107566506,-1.4582468,-0.92931974,-0.72698295,-0.8192555,-1.749933,-3.043347,-3.7489817,-4.261676,-5.4600005,-6.961536,-10.986971,-15.605787,-11.99376,-12.039872,-3.1574955,-2.800001,-3.9078166,-3.4053638,-2.077461,-3.1381545,-2.639909,-3.0016026,-3.5495791,-2.5651007,-2.2517624,-3.5485182,-3.5483143,-2.6405475,0.71725154,3.9757104,3.430499,3.7367058,4.2163877,4.8947296,5.110239,4.539059,1.632707,-1.8742299,-6.727491,-14.633894,-10.740146,-6.423778,-7.0378823,-11.093437,-9.914135,-6.2813807,-4.6383576,-1.8477056,3.6578226,3.1539896,0.8006631,0.24339709,-1.1825807,-1.7832888,-1.1019034,-1.1956059,-2.3744297,-3.6579566,-2.1295712,-1.2453817,-3.0751438,-1.4198654,-1.3858706,-3.0352652,-5.738142,-8.594581,-5.865802,-0.95562214,8.86582,13.722542,13.201551,10.584963,6.811502,8.241445,6.795252,3.4914293,3.497549,2.2630336,6.327171,5.13762,6.1384954,5.2459555,2.6516235,7.9228525,10.020179,9.288441,9.912149,9.8271885,7.9345627,6.616223,8.020149,13.219581,13.403948,11.636964,9.952639,9.731698,9.307136,9.011317,8.476224,9.209286,9.657891,9.222983,5.1138983,-2.8933337,-5.0448923,-0.575621,0.089477085,3.7631612,6.1865897,5.3677125,5.7258945,5.3989053,4.036063,3.1884422,2.948586,-0.22742161,-4.7004967,-2.075631,-1.5611368,-2.3394837,-3.319144,-0.73398995,0.122433394,1.777174,4.361187,6.028082,6.6805563,5.3694477,1.9425042,-1.9105018,-3.2141933,-7.081339,-8.280432,-2.0950127,2.9325986,1.8394469,-2.791977,-0.077252164,2.1012352,2.5074568,3.1056337,2.6458158,-1.0599767,-7.9951215,-4.54104,-2.3925452,-1.0332034,0.514865,-0.71366787,-3.9121814,-5.0476403,3.812296,5.2956114,4.6237583,4.5667386,2.262281,0.889518,-0.3334334,-0.61663795,-0.060561955,4.2695193,5.129071,4.2675824,3.290999,-1.4004947,-2.7695582,-3.0754492,-1.8847204,1.6664623,4.1019554,3.712574,2.952908,2.133103,2.2467477,0.49936736,-0.8001722,-3.3182302,1.1355706,1.3214455,0.62157726,2.1578608,5.7037506,7.2324734,5.24238,2.5255728,2.0478594,2.9542482,-0.81670976,-4.323271,-1.4125283,4.277999,5.196063,0.38549554,-0.6709908,7.278745,8.303104,6.657196,4.755872,8.364545,5.5552244,4.7668095,5.4110003,10.337204,11.71509,6.542456,1.8241692,-1.4277639,-1.9505651,-0.2690131,-3.9570487,-5.6084175,-10.851649,-4.4881063,3.761786,3.720519,-0.3455721,-1.8718734,-0.29409042,5.276269,2.5503576,-2.557405,-3.909384,-4.6565104,-1.1133183,0.22426492,3.321772,5.2811885,3.3636024,1.3560654,0.014684072,-3.1629043,-10.283003,-11.92836,-5.612366,-1.3947017,-1.1908557,-3.957632,-6.6465,-6.6597347,-5.930908,-8.209806,-10.813442,-6.363797,-3.5506318,-2.9315784,-2.0061355,1.6445763,3.518724,2.3089569,0.12849326,-1.9593012,-3.5992765,-2.4369783,1.2190456,1.753303,0.7125,1.7446746,0.5923811,-1.4989036,-3.766359,-4.6768064,-3.5464766,-3.83436,-5.3172483,-5.254403,-3.8773675,-2.0309587,-0.7012328,3.897987,6.278947,5.143714,3.0349514,2.789875,0.19152784,-2.425902,-4.220157,-4.3372817,-6.834841,-7.02807,-4.7208905,-3.7207892,-1.5902071,0.39248854,1.5929879,2.166112,1.484192,4.4919114,4.5102034,-1.0862365,-4.8747597,-6.1924906,-5.07388,-4.6618967,-4.682421,-5.2953796,-6.2053676,-6.7896166,-8.118733,-10.8508005,-14.066247,-11.812922,-8.628362,-6.786189,-7.556239,-3.7758179,-4.6303377,-4.2508755,-3.782039,-2.5748472,-3.0066795,-3.6721656,-3.362367,-4.6451435,-8.525809,-7.1545095,-1.6612134,-2.6309893,-4.530439,-2.6320565,-1.1243765,0.9870584,2.9402337,5.1526165,5.6366677,5.249715,4.4965563,3.21355,2.1039767,2.0559483,2.7490506,2.2491827,-0.5524823,-5.324416,-6.1301603,-5.5897493,-3.4311745,-1.7161291,1.2682503,0.30048633,-0.7836615,-2.924048,-8.036329,-5.3793297,-2.3491194,-0.22541827,0.86981344,3.1016674,4.867898,4.4228735,2.599125,0.6722195,-1.5311213,-2.952511,2.2837946,17.823528,24.153816,24.309149,20.331667,15.52067,15.878012,14.474926,9.199714,7.275673,7.5991583,15.687562,22.26938,24.097788,23.065596,21.397148,14.74918,10.577082,14.685925,15.308381,20.021965,22.255896,22.035864,22.121851,18.453564,13.420291,11.288099,8.579363,19.581247,23.55731,20.122013,12.397869,8.014263,6.4931035,6.8350763,4.529162,7.8214445,11.85553,14.551066,18.055798,20.430027,16.410366,8.807559,6.133443,6.4826636,4.7267118,5.1143317,8.372239,8.2883005,9.363261,9.176104,9.035348,9.507925,8.388366,5.81071,4.3621845,2.1354733,0.26412937,-0.9182256,-3.5069501,-2.690487,0.12508361,1.0248312,-2.1667273,-4.651353,-4.222569,-5.8494043,-8.911582,-10.983815,-8.2162485,-1.7758288,-0.19379553,1.466321,3.525372,6.5023494,7.1721506,6.9698005,7.275148,6.8528314,6.907017,7.6588116,7.288211,5.124903,3.0803275
2.551468,-1.2755196,-6.8154197,-8.151222,-6.118007,-5.676422,-7.3952794,-10.124074,-14.3633995,-17.013733,-20.804562,-18.190025,-15.960089,-14.525785,-7.7415724,-0.0705506,-0.33864278,-4.091748,-6.0110016,-8.992157,-11.9907675,-14.068718,-14.953661,-17.274384,-19.36228,-19.711485,-20.871393,-20.66573,-20.637745,-21.384937,-6.6274805,-2.1576822,-6.413775,-10.543634,-14.507759,-13.972154,-10.895277,-10.247718,-8.359122,-8.215647,-9.053635,-8.625345,-8.622709,-8.832862,-8.280654,-7.927136,-8.644812,-9.249886,-0.3859129,-0.039966967,-3.218618,-2.8061593,-3.1697164,-5.6118846,-10.633641,-15.544642,-11.10552,-13.546022,-17.461609,-17.1006,-11.744511,-7.42202,-6.695793,-10.231134,-17.343647,-10.365608,-5.622842,-5.802369,-6.436221,-7.9775276,-10.420289,-10.037994,-9.946961,-13.110725,-18.406326,-12.104858,-7.5467157,-5.341054,-4.1264853,-4.222116,-4.0723953,-3.2263205,-2.0999103,0.3456198,0.422576,-3.940455,-6.7838945,-6.320383,-5.0781612,-6.1754494,-8.648979,-4.0084825,0.6587831,0.97534925,1.1124414,-4.85266,-7.6628375,-6.4458017,-3.48385,3.315246,2.7786703,-2.1416876,-1.0976398,-3.059416,-4.0387244,-8.724896,-7.4429297,-4.0658703,-4.615869,-7.6510534,-6.1922703,-1.8544453,-1.3473331,-5.1830034,-4.0779448,-3.2843919,-5.6268206,-5.335486,-4.399238,-7.4025226,-10.128747,-14.470596,-14.439902,-13.300856,-12.263909,-9.016926,-9.405844,-9.447538,-8.351241,-9.379813,-13.174681,-18.690027,-17.363455,-11.639702,-3.1821296,-5.231972,-14.101135,-14.184406,-17.162516,-16.778471,-15.522846,-16.183931,-15.048147,-14.311009,-13.718449,-11.757448,-11.792921,-12.30661,-11.222885,-9.7317295,-12.512009,-8.914602,-4.340079,-8.330638,-12.31756,-15.409418,-14.207491,-16.640364,-16.981113,-18.266066,-17.168224,-16.771282,-18.71879,-19.624718,-17.933746,-19.627548,-21.591019,-16.664577,-13.267519,-10.985612,-13.927985,-17.627146,-24.630219,-28.303812,-27.033283,-24.37545,-23.76411,-20.241383,-18.042973,-6.8356867,-5.464175,-8.612667,-7.0239697,-13.012801,-16.716427,-15.0483055,-9.304431,-9.000337,-10.320577,-10.713868,-12.081533,-11.51189,-16.670624,-17.645248,-12.863503,-13.649429,-9.187782,-12.038817,-13.2565975,-10.596761,-13.323957,-17.269121,-11.73675,-9.34718,-10.91673,-14.000614,-15.484058,-14.903473,-19.074127,-16.161339,-14.454532,-15.664032,-15.457238,-12.624332,-10.017842,-15.368986,-14.7231,-11.981989,-9.937219,-10.232511,-7.3561263,-3.968423,-9.310261,-10.945607,-9.906691,-3.371572,6.198391,8.727917,8.50386,7.4646597,7.7220984,6.373357,3.059665,2.7102976,5.168419,4.7341185,1.9581676,0.6589406,-1.5876348,-3.8193088,-3.438396,-3.709848,-3.7703178,-5.7414827,-8.020907,-7.6105213,-9.231559,-9.784121,-6.1959434,-7.649966,-12.040667,-13.7394285,-13.977097,-2.8459237,0.7614625,-4.4899373,-9.21871,-9.017912,-10.0775795,-12.064179,-14.6553335,-14.49974,-11.462706,-13.903871,-12.080467,-13.907417,-14.646616,-13.917414,-20.10227,-17.410223,-9.824785,-11.106282,-14.291792,-15.148107,-14.87823,-16.987936,-18.060272,-17.176935,-17.79354,-18.234837,-21.868286,-19.113106,-20.163116,-23.097149,-23.784927,-20.8237,-20.538269,-15.706797,-5.2262855,-3.3466392,-7.489834,-10.280378,-11.807024,-15.071182,-16.352406,-22.756943,-20.543587,-19.011501,-18.995571,-15.812654,-17.324865,-15.655819,-15.930193,-17.955578,-11.258057,-5.5339212,-10.878483,-16.030027,-22.094286,-25.098686,-23.814777,-22.78653,-24.529518,-24.45817,-26.961636,-22.384155,-21.336031,-22.684973,-19.336834,-21.829514,-25.110691,-18.754963,-6.5733,-1.6798551,-7.1686134,-20.742264,-27.696627,-24.881329,-24.291954,-24.944435,-24.388557,-23.676546,-23.12826,-25.251581,-27.84339,-29.10191,-30.698652,-27.968864,-20.915989,-9.673273,-8.302458,-14.644532,-18.450554,-22.872972,-24.147959,-25.365223,-24.991707,-26.389761,-32.343246,-32.190773,-29.708586,-28.606876,-23.73894,-24.421562,-27.014353,-22.89204,-7.400814,-5.975932,-11.74603,-11.4784775,-12.48135,-14.263225,-15.575103,-19.106821,-20.20208,-25.315416,-25.291832,-21.612331,-22.817762,-21.822327,-22.108595,-20.606064,-8.589286,-4.903145,-6.2344503,-5.1801844,-13.579321,-17.986288,-17.045322,-15.202199,-17.29759,-12.250599,5.634015,9.670384,4.5394254,-2.7683017,-6.874228,-6.666116,-6.7795477,-2.32979,-2.5269747,-5.7069235,-7.421968,-3.9141026,1.3410856,2.8843637,-3.4612882,-8.837816,-11.415257,-8.283815,-9.237604,-10.031108,-12.221395,-11.375916,-12.842312,-19.06193,-13.112967,-3.413351,-5.172082,-15.777617,-15.777706,-17.370533,-16.799223,-17.035843,-11.580185,-10.10253,-7.252017,-6.782288,-8.73549,-15.310092,-16.173193,-17.450573,-15.751699,-12.595397,-7.419509,-3.5019526,-7.2352867,-7.5224543,-8.374966,-8.718018,-5.563566,-1.3468363,0.58945584,-1.7566411,-9.646457,-13.907567,-11.809906,-10.221834,-11.123892,-11.0426445,-10.2278,-6.009555,-5.0794935,-11.5211115,-16.84532,-19.439903,-18.149174,-15.264181,-13.88961,-20.30383,-21.318386,-9.499247,1.5578032,5.72863,6.1474104,5.388297,4.089463,6.1739016,4.451513,-5.565738,-9.545478,-12.519221,-12.213388,-10.144414,-11.213289,-12.383692,-17.027916,-19.510626,-21.691357,-18.406187,-12.963534,-13.910736,-14.872209,-16.364838,-20.264666,-12.558627,-6.4792633,-10.193808,-17.311604,-17.408627,-23.021696,-19.071146,-13.846252,-14.427111,-15.286903,-17.466854,-21.685572,-23.167723,-26.979393,-24.240053,-21.859827,-20.200142,-6.1415195,-1.2190936,-5.9296327,-10.970534,-12.98009,-15.310239,-15.31464,-17.711414,-23.088999,-27.041475,-16.385124,-8.517188,-0.13030978,-0.1751225,-6.398382,-15.405127,-11.77374,-6.031272,-4.925582,-5.9045725,-8.052515,-11.582167,-11.961913,-16.086174,-16.526987,-18.65427,-15.803972,-10.746237,-7.942807,-1.7401375,8.093967,13.419808,11.511773,10.447594,9.204568,4.528239,-1.1382174,-4.4648542,-5.1889524,-7.100092,-7.3956084,-6.364896,-4.8963184,-8.778275,-9.223767,-7.9994655,-10.830265,-10.852526,-8.629614,-8.528876,-6.2102184,-4.800126,-6.6931057,-6.3236003,-11.287859,-14.4288645,-14.170174,-9.268183,-10.585836,-17.437025,-24.709053,-23.127007,-19.730112,-16.438984,-14.087688,-12.175551,-8.376963,-7.7899923,-8.1549225,-6.489724,-1.9978887,-4.88301,-10.300179,-9.181803,-8.810823,-11.270672,-14.488574,-19.45166,-23.453066,-22.062187,-22.637518,-18.975285,-18.052975,-18.89796,-17.261328,-14.599417,-15.234919,-15.260182,-15.243776,-19.142477,-21.439459,-14.097123,-7.3046894,-3.5362341,-5.350554,-7.9122396,-1.5945472,2.2053952,-0.6421913,-9.526862,-10.042494,-3.7251675,-4.697151,-5.80905,-6.377049,-4.4108114,-6.4202495,-15.823662,-15.467278,-15.229721,-16.69815,-19.138105,-23.089012,-21.383202,-20.50623,-18.794363,-23.54277,-20.669718,-20.120783,-15.704924,-9.767972,-7.267444,-11.062121,-11.016819,-11.966268,-18.175467,-22.46949,-24.610008,-26.342228,-23.0668,-16.50914,-17.023046,-30.712872,-30.427477,-27.399746,-25.411005,-18.866278,-6.4951653,-2.4178443,-2.8050036,-12.426031,-14.043791,-16.979939,-17.917803,-14.076204,-14.071793,-14.45776,-2.8852532,12.042093,19.062534,20.303717,19.452465,19.176804,15.181232,4.0697083,3.2494478,-2.000859,-1.9492316,-0.4710047,0.21623157,1.7402813,1.2402488,1.9482868,2.4904044,1.9161797,-0.5254727,1.5846357,3.8498816,3.6148312,1.0569363,1.9334525,3.0225623,3.5565152,6.301653,5.146883,4.390863,7.057223,7.6930623,4.199479,4.672894,0.12367794,1.7767841,4.4423275,3.2860007,4.466777,4.7654285,3.0574286,-0.5292724,-3.7309766,-0.6534099,2.0773892,0.6931906,1.2218513,1.5580812,-4.585529,-11.580113,-8.42551,-2.6494374,0.2867903,-1.7845559,-5.429948,-8.362469,-3.7218404,1.3750117,1.6472878,-1.9913044,-0.8877398,-2.8925345,-2.2677257,-2.43575,-6.4992957,-3.5141041,-1.4725344,-0.13647808,-1.3808885,-5.681515,-5.9939938,-6.5826106,-10.660068,-8.119926,-2.685764,-2.8073547,-6.933811,-6.207637,-0.004530854,2.120839,2.4661927,2.3889856,1.6047494,1.4943804,1.3670013,0.40678173,-0.28405485,-0.73323166,-2.413654,-0.18411139,2.0739493,3.376696,4.005951,4.126161,1.7747836,0.5863874,-1.472118,-1.537696,0.6418225,2.7286026,2.8785324,1.5494709,0.4645471,-0.028630337,-2.603091,-9.208681,-8.934212,-1.4373591,1.6332291,1.7416078,2.3449419,4.540108,5.8353047,3.780272,0.54906535,0.77556384,3.7150695,5.897956,7.083687,7.13983,6.022604,4.2898393,1.5589321,-1.4844102,-1.993174,-1.7535105,-0.8508651,-0.8945096,-3.7812881,-1.6851176,2.4519997,3.27587,2.2705204,-1.1737022,-3.1396234,-6.496012,-9.064568,-7.8827696,-6.8336363,-0.94129515,0.9908016,-0.5640604,-4.9201784,-7.6511545,-6.3941727,-2.6605992,-0.58980024,-0.6510982,1.6077788,1.8320129,0.8298549,0.91848147,-1.2496221,-5.391416,-1.5463624,2.9555285,0.3170274,-1.0090296,-0.11921725,-1.4130561,-4.356956,-1.8644617,5.516481,4.5731034,6.539506,12.583075,13.351238,7.175512,5.8265333,11.304174,14.30097,15.480405,16.509813,17.417751,16.576002,16.301582,15.684597,14.645611,14.029702,12.441906,9.391434,5.8463,-1.8106463,-0.31525287,5.367221,8.017251,8.051813,6.888321,4.4212666,2.7020488,4.6147103,4.8472543,3.092424,1.2049942,0.46562526,-1.9844422,3.0588331,7.2890143,3.825932,-0.52240443,-3.0245233,-5.377639,-6.4481363,-5.9136014,-6.306009,-5.1401377,-5.3748865,-7.331486,-8.920807,-8.343914,-7.7353125,-7.882752,-7.6638546,-5.6854706,-2.5587234,-6.5787225,-9.159003,-9.637099,-9.901954,-9.493745,-8.346419,-7.3609138,-8.521809,-10.686756,-13.425829,-15.656346,-18.96103,-22.86278,-19.237387,-10.66667,-7.1183033,-5.9466324,-6.5508227,-5.719203,-6.03176,-4.1720886,-0.2600861,-2.1769767,-2.0428026,1.9578898,3.9467373,3.6800947,2.2435572,0.15791611,-3.4138966,-11.346602,-9.489386,-3.9079828,-2.3582087,-1.2633669,-3.2368839,-9.761644,-15.944733,-7.3786774,-4.1533227,-5.333815,-9.882156,-13.076478,-8.395746,-7.443022,-6.731392,-5.8492303,-8.398274,-13.437152,-10.358995,-6.751032,-4.2919755,-6.0727177,-10.644459,-16.835459,-14.874212,-12.151714,-9.306144,-7.885812,-4.4671054,-1.0800521,-5.7354665,-5.2804093,-2.443207,-5.0196548,-9.249765,-8.809647,-9.314697,-6.9937267,-6.282656,1.7901685,2.575339,-1.3521738,2.0376043,2.906288,2.0947056,4.7744923,9.222458,11.41641,9.710244,7.0393662,4.9031205,2.1571352,-1.5712017,-1.417484,0.4278074,0.969921,-3.6125252,-8.62205,-7.1793585,-4.8699393,-4.6211615,-1.2107378,4.210176,8.91298,9.159401,5.6122103,-1.1283869,-5.8436728,-5.4240656,-5.7195687,-0.12839256,-2.0120282,-4.2230225,-3.193867,-10.397691,-11.215574,-13.726233,-13.202191,-9.655357,-12.565451,-10.861357,-13.546081,-17.38323,-16.831795,-17.7092,-14.543932,-13.0685,-9.4062605,-4.040641,-3.6271987,-7.086628,-7.1742973,-8.409842,-9.8027935,-13.146635,-12.712162,-12.245545,-16.296324,-16.627834,-14.384533,-14.363771,-14.585894,-12.068953,-11.650511,-8.576427,-4.0323305,-7.668084,-10.338976,-9.164935,-9.912302,-11.843273,-13.191527,-14.13936,-15.816765,-11.090496,-6.8656216,-11.950064,-25.114708,-20.849562,-19.213825,-16.255714,-4.2064586,5.54097,6.5343113,-0.5042805,-1.0862317,1.3197552,3.8185153,4.497527,1.198701,-4.0327196,-3.5214996,2.0815043,2.7430427,-0.9577439,-3.1096125,-5.8080873,-7.1660204,-8.393615,-4.6990824,-5.880083,-11.859437,-12.864849,-8.385171,-11.261196,-16.661228,-11.516977,-9.996572,-8.506454,-8.262855,-6.451948,-3.7452018,-10.901795,-16.768204,-20.183662,-7.846847,4.8074393,8.175184,7.802293,6.74067,6.125366,9.144045,4.5194225,-2.1758401,1.2943559,3.351913,-3.4306643,-3.6031804,-3.6083283,0.8572874,2.0094051,-5.0278273,-4.238818,-4.197691,-6.59599,-6.659382,-10.040282,-8.575129,-6.540616,-4.063119,-6.022868,-7.393012,-9.14917,-13.726337,-12.091737,-11.0093775,-10.656596,-4.60116,-4.039933,-1.8685216,-0.47718614,-4.8897305,-11.29985,-6.844771,-7.3639936,-8.573004,-8.162114,-7.429083,-9.266666,-8.312014,-10.550441,-10.798949,-12.639685,-12.570739,-11.136929,-6.2612534,0.7706481,-2.6061156,-13.449501,-14.613682,-19.150568,-15.530496,-17.158148,-14.888647,-17.43362,-18.280733,-14.261259,-11.289945,-17.09803,-21.867779,-22.692192,-13.960657,-7.915143,-3.0269957,-0.8795276,-4.7981806,-10.6553135,-7.0778327,-10.27076,-10.953455,-13.041993,-18.560589,-20.462587,-17.706684,-14.351987,-14.625383,-15.599937,-15.036888,-13.996775,-10.168662,-4.4007206,-0.313279,-5.874805,-12.754778,-22.030579,-30.483067,-26.810093,-27.823393,-25.328583,-24.389112,-11.393585,-7.552969,-14.487132,-21.924255,-20.661554,-18.75547,-10.967236,-7.9021387,-5.048977,-2.9298491,-11.03251,-22.253307,-23.518929,-19.811481,-20.41466,-24.697645,-29.847721,-34.42389,-31.380646,-29.470009,-27.527348,-26.954521,-24.908419,-24.189491,-11.342802,-4.4255023,-8.036015,-16.795246,-23.132889,-25.926224,-29.596899,-27.686298,-29.21153,-30.832235,-23.612766,-13.207996,-15.150965,-22.950771,-24.488987,-20.27261,-17.440596,-10.267225,-2.1373417,-2.4445908,-8.083771,-9.4680195,-11.907779,-12.319956,-14.620133,-19.227259,-24.786983,-22.236452,-12.821351,-11.162524,-17.408316,-13.74817,-16.281828,-16.961344,-8.48998,-5.824382,-13.871661,-21.54044,-24.402283,-25.16694,-23.463362,-24.528702,-18.670275,-8.5602665,5.2214217,6.762671,-1.8199983,-9.536602,-10.37716,-13.012899,-9.911287,1.6369486,9.285204,11.511287,9.244236,0.17717667,-5.3275275,-0.27336773,-1.786382,-8.780566,-8.075306,-0.089100234,7.5276494,12.911471,14.274265,9.914105,0.4613267,-0.2772532,0.74298793,-3.018177,3.2133002,13.307267,16.9123,12.686588,2.8693843,-1.5266668,0.1915645,2.579989,8.54331,12.424873,11.045124,4.6544714,1.4664758,-0.8007605,-2.6683686,-1.645258,-0.26699957,0.21449639,1.8924117,3.1032457,0.60566807,-2.5686338,-5.447897,-7.474256,-8.623783,-12.184497,-15.699509,-10.623927,-9.694406,-11.052828,-11.699461,-9.748886,-8.617267,-13.4554615,-2.3346112,-1.2633827,-3.939624,-8.274647,-15.674466,-11.894985,-13.620432,-19.236902,-20.421825,-19.934444,-21.451979,-22.059074,-21.558182,-22.855381,-19.728445,-13.69995,-9.50735,-6.1800117,-1.1373472,-5.349243,-14.223724,-19.720863,-21.96759,-19.09241,-18.315418,-22.61763,-20.223404,-19.375042,-21.091099,-12.359158
-3.1546,-3.278352,-6.6073465,-8.435553,-4.6443033,-4.3968396,-6.738934,-9.398848,-13.827421,-18.553972,-23.809254,-19.28849,-14.630083,-13.776379,-11.604501,-3.387346,-1.9870602,-3.4978225,-4.511824,-7.3195577,-12.671482,-14.50779,-14.032778,-16.559986,-19.267706,-21.419237,-23.514166,-19.166637,-19.49081,-23.55984,-8.688596,-6.8291845,-10.912417,-11.855155,-15.260967,-14.411663,-10.816559,-8.912968,-7.4886107,-6.91072,-7.0376835,-7.126456,-7.6622667,-7.967048,-6.7336984,-6.855875,-7.507326,-7.472651,-1.1475309,1.6174775,-0.5735157,0.2469739,0.55494404,-0.6720749,-3.7406464,-8.039367,-8.345684,-8.392889,-11.412432,-14.630997,-9.890561,-3.4009614,-1.9158962,-5.2142487,-11.747969,-6.339627,-3.0739746,-2.348941,-3.152213,-6.4400697,-8.676604,-7.501423,-6.925684,-10.196074,-16.996904,-9.667982,-5.5290847,-3.439941,-2.2811096,-2.0431821,-2.1681073,-1.3933526,-0.12735285,0.8865216,2.174789,-1.4440471,-6.3457966,-2.7981913,-1.9811714,-3.5656137,-6.316777,-5.006674,5.7932568,7.775429,1.4317966,-1.9346647,-5.5210943,-3.1458924,-1.5428532,-0.71556747,2.7261207,3.957767,2.0913646,2.700416,4.801914,2.3170693,-4.661459,-2.5394936,-2.435748,-2.5385654,1.0706558,0.788991,-0.25738692,-2.7423441,-2.5134206,-0.84499586,-2.3523335,-0.86452854,-0.99787325,-9.033357,-4.4499645,-5.6440887,-6.061123,-5.8449526,-8.909506,-6.4897547,-7.6698875,-7.598174,-5.2404933,-4.072098,-5.9521074,-7.8856235,-10.679603,-9.791795,-4.153442,-5.8575726,-10.986476,-11.40815,-14.880827,-14.869329,-12.372658,-12.153179,-12.239662,-12.521063,-12.99387,-10.17633,-9.745779,-12.052696,-13.582911,-15.435337,-14.9065895,-9.151978,-3.5023296,-6.7235336,-11.552181,-12.618403,-11.254755,-14.849638,-15.019016,-15.691601,-15.855841,-17.282417,-17.779226,-18.959974,-16.773182,-19.266813,-21.369314,-20.935173,-13.159915,-7.949271,-11.252136,-23.815903,-28.577412,-29.970646,-30.722538,-26.633862,-20.614616,-18.211462,-15.559921,-7.3022556,0.28746438,1.4741571,-1.9789336,-4.5352583,-7.833304,-9.194023,-8.304244,-5.988925,-8.433936,-11.921488,-10.740717,-9.570262,-15.582843,-16.757277,-11.907469,-4.545475,-0.8037734,-0.18345678,-6.7284274,-13.359283,-16.896519,-14.32025,-12.952933,-7.9972005,-6.2736406,-4.205561,-3.5265594,-10.340472,-14.787583,-9.786439,-10.751907,-14.886874,-14.90861,-8.715501,-6.5319533,-13.575334,-11.464918,-6.5874605,-4.4055867,-2.5241163,-5.5653024,-4.789066,-4.5093117,0.5955302,1.8154154,-2.3135414,-1.4152989,5.6352954,9.239521,10.238787,9.187301,7.3679943,6.7799144,6.997929,6.787816,4.7188907,4.06928,5.4029016,2.2920122,-0.7987268,-1.4332031,-1.9767656,-1.5280218,-2.87776,-6.557644,-5.7152195,-6.495621,-10.513308,-8.468769,-5.6893134,-9.490468,-13.756786,-10.02022,-2.7023187,0.38219607,-4.6970043,-6.561806,-5.3679914,-8.615339,-13.748164,-15.224079,-14.549812,-13.802461,-11.032376,-12.286309,-11.285211,-12.835907,-9.704301,-7.181966,-4.736162,-5.419783,-5.5391097,-14.8536215,-19.276453,-13.416563,-11.808757,-12.33221,-12.888607,-12.455572,-16.20854,-18.732512,-19.790314,-18.140957,-16.051289,-14.991083,-12.724316,-14.3345375,-11.949585,-8.327416,-5.4008636,-6.3293304,-5.9922214,-8.015977,-9.960819,-10.454264,-15.174731,-15.216509,-16.581572,-14.693117,-12.852577,-13.52051,-11.174269,-12.736751,-12.615452,-12.801029,-5.3321075,-9.048318,-13.555819,-15.060843,-15.206772,-15.496654,-18.08121,-15.747161,-17.178288,-18.422321,-18.100084,-17.21597,-16.357496,-16.208845,-16.051786,-18.602697,-17.59361,-11.572758,-5.8146496,-10.255452,-19.926031,-20.912172,-19.307419,-17.981434,-18.869875,-20.6389,-20.892616,-20.583153,-21.80666,-22.769218,-23.536234,-23.18239,-22.681068,-21.663525,-10.022339,-8.413956,-17.203352,-21.600048,-25.78583,-26.389538,-23.20013,-21.5111,-25.261673,-26.355564,-26.708813,-28.798933,-24.777462,-21.040821,-24.828594,-28.79234,-25.600431,-9.947022,-8.473434,-9.707402,-9.293043,-10.076168,-12.198711,-14.065304,-18.221834,-19.335802,-24.59509,-23.850813,-22.129354,-20.52063,-20.574379,-19.897331,-19.74365,-11.592956,-7.9599047,-10.252766,-7.3494506,-13.760691,-21.59621,-20.428375,-24.666801,-27.845556,-17.29486,-4.3704796,-3.8751483,-11.792572,-15.294904,-20.700043,-20.925303,-14.991854,-5.351067,-1.286518,-6.467448,-15.274368,-13.651155,-9.237166,-12.235504,-15.991374,-16.136244,-18.66139,-21.94696,-16.033194,-15.491133,-17.643665,-21.162506,-17.724457,-18.032404,-12.704828,-5.0112524,-8.824392,-20.152319,-19.555656,-22.43824,-19.32791,-17.345472,-14.575106,-13.759456,-11.853117,-15.177158,-20.921747,-17.90375,-16.388868,-19.702932,-19.068398,-19.620874,-11.237002,-7.959624,-9.171093,-3.8082576,-0.7574723,1.1422627,2.3163915,2.520239,2.1404638,0.42194468,-3.449666,-2.3402824,-1.8889815,0.84735876,0.44407523,-0.64744467,-3.2815614,-3.9390013,-5.632616,-13.635949,-18.071886,-13.948775,-16.231659,-10.704373,-7.6114693,-11.325607,-15.757313,-6.882703,2.2293158,1.8164663,-1.0707824,1.934867,3.2227347,3.8163972,1.661691,-2.8948774,-12.568247,-8.920535,-7.665672,-6.311045,-10.8665,-14.624355,-17.56359,-17.760567,-12.447609,-9.3086605,-10.52663,-12.33597,-13.00802,-16.61368,-15.205799,-7.9037437,-5.7708416,-8.620008,-15.460834,-17.321127,-14.906091,-11.486942,-12.688876,-12.045318,-15.583893,-17.136824,-21.101604,-19.97866,-15.228996,-13.415722,-15.369239,-17.384142,-5.235522,-0.2273125,-4.139621,-5.739464,-8.93065,-9.063214,-10.946457,-11.17178,-12.895981,-14.597006,-9.881292,-3.067826,0.2969176,3.692939,-0.63351893,-10.154741,-10.180697,-10.547625,-9.8511715,-8.277754,-8.687359,-5.793562,-7.779132,-9.863987,-11.35936,-15.995406,-12.16309,-5.6064186,0.067196704,8.686363,14.95385,15.378514,10.434168,6.366737,7.285623,10.259289,9.352716,1.2683767,0.41317242,-4.233722,-5.6536393,3.3270752,8.710863,5.118203,-2.1367955,-6.1694202,-3.4487953,-5.2637534,-3.3020136,-5.1673546,-6.9627542,-3.9010243,-7.0849843,-6.5323515,-7.781587,-8.832516,-4.95743,-1.7548606,-2.8877523,-8.899932,-9.110687,-9.4001255,-10.223223,-13.463474,-8.219599,-5.4796195,-6.687219,-3.781315,-2.0789511,-2.7679384,-2.760365,-4.123976,-3.3131185,-3.2130244,-6.1078877,-5.0410805,-9.868272,-14.182728,-15.015167,-7.1910543,-4.7550874,-6.790375,-10.7696705,-11.005492,-10.410063,-11.985012,-12.576089,-7.996765,-3.4865565,1.420224,4.940075,3.823295,-1.7863089,-10.4765415,-10.87768,-12.443258,-13.236299,-4.6274347,-1.3743212,-2.0433462,-1.5181925,-1.7337818,1.130748,-2.5235906,-8.215112,-1.6739817,0.07849431,1.8230081,-0.09686853,-7.256968,-7.153644,-2.4572983,-0.77782404,-3.0663812,-8.829242,-11.021574,-7.461862,-6.003688,-4.892625,-5.285544,-5.191163,-4.425617,-9.891766,-11.457947,-5.0085316,-3.493205,-0.76476455,1.0837109,-0.4514119,-6.514382,-8.328342,-8.757089,-6.807806,-3.278563,-3.8945637,-4.566486,-2.5154889,-0.43620217,0.83612174,-3.159118,-11.414666,-10.421293,0.14341319,8.2748,12.361847,9.277344,3.398043,11.761995,18.313202,17.4404,11.329403,6.3442492,7.789774,5.8059545,3.361038,4.907673,1.594385,-1.5476253,5.3339424,6.704916,0.54087967,-1.36363,1.5039296,-2.052503,4.4241023,3.9530964,0.75674176,0.36683637,1.7853587,1.5143739,2.6696775,-0.48696074,3.3178923,4.3438554,4.7230134,4.6112733,7.188087,6.1410065,4.9782124,3.662156,-0.7967124,-0.7786704,1.8150063,3.6110125,4.770475,3.6350732,1.7522861,1.3631139,2.2675364,1.5636705,-1.8222274,-0.04595797,1.8328284,2.2771676,-3.0656507,-9.228553,-4.293167,-0.16272655,1.3268139,-1.9156203,-7.48894,-11.9314575,-3.8054333,3.4839485,4.886207,1.979624,-2.3605509,-9.1624775,-1.2015826,1.5203841,-5.2195935,0.41114733,4.556073,2.2601326,2.5566201,-1.5964317,-2.3605514,-3.4415197,-2.2452357,-3.4459014,1.1520745,1.7934732,-3.3787014,-2.2463484,2.0307646,3.5576782,4.714236,4.394727,2.7375212,2.744978,2.9573417,1.1687969,-0.1082188,0.6785721,0.6745822,0.83136433,3.5690186,6.1912565,6.0850744,5.7073364,2.2060373,1.5100555,-0.1491794,-2.006697,1.3672197,4.1990647,3.5771837,1.4622247,-1.025324,-0.21628481,-1.1771169,-8.800698,-10.003275,-0.6668126,2.2572796,0.82844603,1.8257047,3.8398075,7.136957,5.883918,1.107275,2.4519753,4.851886,6.4076896,7.611388,7.9804277,7.187544,6.147179,4.431771,1.0916544,-1.7291782,-1.8275349,-0.6977213,-2.0724647,-2.8682237,-2.3808699,2.5122647,4.5140104,2.8738997,-0.98997897,-2.6478543,-5.619833,-6.8744936,-5.6041837,-2.4184778,3.1209028,4.5043173,1.8991016,-3.426663,-7.2532187,-2.4359708,3.9938571,3.8971732,5.9898205,6.2504177,5.7036276,4.2111316,3.8752713,2.8453417,-0.024848223,1.1703947,4.215103,6.4150457,2.4205961,2.910397,1.8337402,0.6903911,0.3036003,8.84626,12.479888,15.579082,18.050488,15.654652,6.616871,7.27763,14.1909075,16.55643,13.971048,14.044615,16.34507,15.12026,15.814762,15.759429,15.515256,14.87,12.8560295,9.548591,6.090569,1.3603046,4.0712547,6.771221,9.155116,9.192132,8.303016,5.9489822,2.6196213,4.1671505,4.718058,3.4045587,0.7188949,0.19434369,-0.03307223,2.4331098,7.602166,4.4224176,-0.105846584,-1.5339488,-4.2214494,-6.3033056,-4.638056,-2.6026108,-2.5590162,-2.9299858,-4.259446,-7.569002,-6.5631237,-6.481915,-7.084162,-6.650997,-7.0605702,-3.3547518,-6.059644,-8.586033,-10.908337,-9.646343,-8.641511,-7.769733,-5.934934,-6.9532576,-9.72967,-10.917856,-11.330988,-14.680882,-16.932074,-15.239359,-9.102206,-7.3847256,-8.44566,-9.147385,-7.8096433,-5.3679614,-2.062952,3.0010116,1.4586325,1.419223,3.4425445,1.9817203,-1.3640977,-1.1499243,-1.5190148,-1.5493048,-4.421022,-7.616548,-2.2279165,0.43088958,-1.9674056,-3.7477064,-8.414268,-11.100254,-1.6896746,1.1682521,-1.5788132,-9.557923,-13.233604,-6.8857007,-6.932946,-6.1666183,-1.9307206,-4.1276827,-10.54147,-6.423378,-5.133911,-3.3039994,-2.9487526,-9.150956,-19.041302,-14.697075,-11.484119,-7.080689,-5.019346,-0.756987,9.174978,10.902933,7.630926,4.2460165,-1.386142,-3.4611294,-3.6253211,-2.1410968,-6.289945,-3.5916588,-5.890378,-6.1329927,-6.754709,-3.1604204,4.6983185,9.259952,8.870619,8.246522,6.0731277,4.719143,-0.478329,-5.077265,-7.3331213,-5.6749535,-1.9158255,2.295113,-1.2623281,-4.7606397,-12.696989,-6.777169,-4.1115136,-2.7108364,1.2931917,-0.55052394,-4.256434,-5.631012,-8.000482,-12.30769,-12.037926,-8.966269,-5.282404,-3.5880084,-5.884149,-11.007672,-8.126013,-10.115429,-14.885033,-21.198265,-19.693628,-17.086416,-17.238047,-19.204155,-19.31178,-25.101162,-21.408072,-18.48121,-13.494677,-11.177307,-11.04549,-7.1485543,-9.345311,-8.479498,-6.385703,-7.2741833,-7.322245,-10.063103,-11.950965,-14.667875,-12.800101,-12.574179,-11.351189,-11.529934,-12.851504,-11.49445,-10.1859665,-7.441199,-2.3897874,-5.0569305,-10.17263,-7.8711696,-7.9804287,-9.648764,-11.686436,-12.652865,-15.715618,-11.534393,-7.82257,-12.754917,-18.733456,-22.95876,-20.405485,-18.467686,-6.6374683,9.104962,14.073453,12.23521,14.215294,14.570711,13.714341,13.044497,9.9743595,5.644715,5.066804,5.217442,5.2309732,2.0314937,2.5685687,5.113253,4.7741175,0.78619605,0.56558836,-2.4918709,1.4678924,1.6591138,-2.1237411,-7.2456083,-6.7983217,-8.786081,-3.1837206,-1.011102,1.950025,4.0567713,1.1074864,-3.4546957,-10.6820545,-3.935985,3.76902,3.6200955,-1.7234658,2.68013,8.854436,10.640955,7.9123025,4.886151,5.574355,4.589748,1.8306382,-2.8076136,-2.244045,-2.1107504,-6.151041,-5.5519695,-3.7503138,-1.9704442,-3.1565783,-7.2026997,-8.702957,-5.293961,-3.5758936,-1.6275504,-2.9378743,-5.615015,-4.1767116,-4.8380384,-9.849342,-12.717331,-11.191892,-5.77901,-1.7329842,-1.5115728,-2.8280945,-2.5964198,-5.9318404,-7.6877995,-3.5088177,-2.3730102,-3.6413722,-1.7307885,-4.1528935,-4.1976633,-2.7571688,-7.4308987,-5.0194454,-8.064135,-5.577732,-5.6884236,-3.9038708,2.3395877,-1.2340802,-10.955637,-13.016453,-13.865995,-11.015817,-14.92716,-11.416101,-11.875765,-14.864199,-11.739908,-11.227482,-15.002517,-15.324984,-15.301451,-8.377027,-4.884794,2.7860518,3.2545636,-3.1240053,-4.7271175,-5.50566,-6.5857077,-7.541225,-11.81613,-13.619328,-16.905334,-12.368677,-11.925278,-10.983175,-10.819621,-11.824406,-10.942235,-15.087715,-7.1635246,-2.6057906,-8.444814,-15.125513,-16.20056,-16.541777,-17.335129,-17.136017,-18.91278,-19.234959,-9.357908,-7.8513002,-14.440907,-22.583235,-21.999552,-17.04309,-13.161745,-6.5445814,-1.0578952,-0.9994093,-4.2459207,-4.294534,-3.8501196,-4.2250686,-3.8395736,-2.886551,-2.2128549,-2.131042,-2.043067,-1.923029,-2.0370288,-2.26508,-2.2941897,-2.4621897,-1.5905322,-2.6802392,-3.120333,-3.9374466,-4.562711,-5.471142,-6.9488916,-7.821184,-8.390263,-8.882667,-9.1248,-12.919529,-14.85551,-12.005559,-10.0019655,-9.478233,-9.013504,-4.858443,-1.6925938,-5.4525094,-7.3622994,-5.368645,-8.883738,-6.882187,-10.935655,-11.524847,-15.612698,-19.726646,-14.166316,-13.2252445,-12.15229,-13.707056,-12.599145,-14.017005,-14.059697,-14.313511,-17.358015,-20.237787,-18.210154,-18.44229,-18.89117,-18.967606,-16.052881,-8.764541,7.749175,11.145253,4.244541,-4.5793786,-4.951014,-5.168903,-3.9751759,-2.7337956,3.6624434,2.202284,-3.7333226,1.5948111,1.4661667,-2.7145262,-0.32692775,-1.9044238,-5.2078485,-2.119827,0.3066421,-2.59695,-2.734539,-0.59023076,-3.3177128,-4.815744,-5.173983,-1.8544366,-3.1445096,-3.3391528,-3.9731708,-5.6720567,-7.0756073,-7.3496194,-7.954574,-8.698341,-8.002471,-8.33309,-2.4012692,-3.6044083,-9.66066,-7.1576443,-10.812693,-13.533314,-3.8207176,6.8614345,7.952364,3.599231,4.3779693,1.4396863,2.0309625,-1.3207903,-0.96628237,-2.4292831,-2.0838337,-2.537651,-2.729459,-2.3979356,-2.7544687,-2.1602314,-4.354872,-3.036397,0.99527943,0.5933527,0.18064153,-1.290759,-2.9358535,-2.5546887,-4.6620336,-6.628951,-9.129952,-10.356995,-13.661898,-14.668761,-11.860713,-10.418547,-12.636785,-8.507931,-3.4065924,-3.6159391,-2.6930323,-2.5884113,-6.5075307,-5.8433537,-5.51824,-5.4626365,-6.606712,-6.6293917,-7.1766615,-8.080288,-9.190394,-9.119974
0.8933259,-1.1023848,-6.7104845,-7.7591667,-8.701561,-11.398411,-13.523126,-8.140026,-6.2196856,-6.5828724,-6.2399316,-9.293606,-13.288427,-11.22706,-13.069777,-7.644858,-9.666337,-16.061615,-14.909926,-15.88073,-18.814716,-18.556345,-23.794262,-25.60547,-14.304699,-10.549337,-13.145105,-19.298912,-20.586672,-22.183002,-12.084537,-3.0633,-2.1368327,-9.19208,-10.552242,-10.953847,-11.729761,-15.029683,-15.834503,-19.315172,-18.797222,-19.654316,-23.492016,-20.387413,-20.573788,-20.64719,-21.919338,-10.87833,-5.117059,-5.741381,-8.921114,-7.9305844,-6.226721,-5.3464847,-6.7196493,-9.684578,-10.17943,-9.300367,-9.407238,-9.241376,-9.44192,-9.474032,-9.570199,-10.914432,-11.412234,-10.0625305,-8.610989,-8.060804,-12.5776005,-13.436237,-10.139264,-8.672308,-8.802146,-11.235203,-15.731222,-18.933739,-17.125877,-12.654448,-8.901846,-8.548935,-9.505376,-12.651266,-13.486317,-6.9287224,-5.7114325,-13.5369835,-14.254425,-12.267228,-14.175614,-16.237766,-10.766396,-0.75382525,4.764466,9.882993,7.416756,-2.3926504,-3.2046578,-0.9119609,-1.4310918,-3.6184587,0.2519437,0.7628274,2.6736865,5.3908176,6.4223475,3.3273454,-6.1773005,-8.284053,-7.7796297,2.119675,9.710736,11.223274,9.996818,10.766703,12.047791,10.59587,7.9156933,9.287178,10.098202,7.7513604,7.443239,9.953817,7.65499,2.6374767,-0.59922683,-2.9424548,-5.885333,-6.386648,-4.3091865,1.2620974,0.8279326,-0.44095385,-4.774648,-5.73406,2.7878036,2.7302647,0.056957114,-4.8093095,-5.370308,-0.49384445,1.6175152,-0.54260767,-2.0337846,-8.007978,-15.092095,-11.027689,-12.391228,-14.512166,-11.850009,-11.054491,-8.852638,-7.363124,-4.461454,-8.523581,-4.460432,-2.6583216,-0.18838543,0.24076669,-3.2240927,-10.411835,-10.263901,-8.954846,-9.1500225,-10.638275,-14.597572,-15.823416,-16.244572,-17.628035,-12.560487,-6.372586,-8.435506,-13.326437,-16.502785,-17.710226,-20.064829,-16.153206,-15.626011,-17.31525,-8.688616,6.857525,15.257523,18.88727,19.343874,18.542318,14.950248,12.761034,12.591796,11.077396,9.464694,7.4822006,4.920429,1.1870091,3.0039551,3.7729406,0.4364228,1.648097,2.4551032,6.781793,4.7192545,-7.287559,-6.083766,-6.227097,-12.905251,-9.073511,-4.898376,-1.9078654,5.5803366,8.435413,7.6372056,5.0474863,0.1899334,3.1061473,2.1285722,0.25245664,-0.49081987,-4.673886,-0.27622387,-0.6509541,-2.2054865,5.7608004,11.721164,13.845567,14.602335,15.890423,13.7615185,6.2525034,4.462167,1.426562,-1.1093726,-3.6792855,-4.9670405,-8.001034,-3.075998,-2.8038158,-3.4915664,-3.6927953,-6.0236077,-0.9693735,-1.1824685,-7.08569,-6.0233574,-3.2716823,3.1090164,5.704726,2.7951014,-5.593099,-5.5442257,-3.3868937,-4.1109486,-3.9847493,-8.841304,-6.7874813,-10.543045,-11.395094,-7.6996684,-0.17145224,3.7740932,0.3905418,-8.333445,-10.339605,-8.354853,-5.440989,-7.384986,-9.457694,-7.243618,-4.714543,-3.2893682,1.731043,3.2171466,-1.2927034,1.1239691,-0.19529909,-6.6279736,-9.277931,-8.852259,-9.088495,-11.194326,-11.34407,-10.496809,-9.072019,-13.81381,-16.977385,-15.680994,-13.605386,-10.50502,-11.513449,-13.21851,-11.166174,-8.001268,-10.788305,-14.856553,-11.86799,-11.926979,-12.996538,-11.594452,-14.2720785,-17.015366,-15.452899,-12.9331665,-16.677515,-17.200129,-14.187925,-15.676938,-16.442507,-11.95752,-2.3727598,-3.678601,-13.741865,-14.258944,-16.76387,-18.029755,-18.458078,-15.84572,-16.389883,-18.336466,-19.02577,-17.51428,-16.185797,-17.551924,-19.556349,-18.359549,-16.545208,-10.386249,-5.4972963,-11.152002,-19.21727,-20.487488,-20.709894,-19.735191,-20.114307,-21.93407,-20.88169,-20.417078,-22.323591,-23.57112,-24.299051,-23.570927,-22.795313,-17.430178,-10.1959505,-11.702417,-18.632233,-22.54158,-25.680878,-24.333801,-22.874443,-22.946232,-25.343224,-27.151365,-27.85424,-29.274118,-19.347548,-17.690014,-25.049173,-31.379492,-24.113577,-11.410534,-6.960442,-10.583193,-18.264353,-16.427631,-15.313796,-16.06928,-16.552105,-14.90911,-16.286144,-18.65378,-18.751091,-18.885195,-18.309448,-16.91325,-16.879648,-9.596192,-3.308749,-4.946453,-7.6303906,-10.751671,-13.992613,-14.393376,-16.31992,-18.178745,-19.597557,-11.3805275,-8.609761,-6.2416406,-2.7732623,-0.5217336,1.0678616,0.2872066,-4.030295,-3.1523352,-4.257153,-5.2536483,-5.1673164,-7.3227243,-7.5745754,-7.8248987,-12.490645,-12.691473,-12.728439,-11.912885,-8.707524,-12.0198145,-17.918839,-16.23185,-16.728157,-6.5671997,-1.9668276,-4.1108456,-5.862203,-9.955751,-11.094655,-11.84907,-5.868375,1.8700861,4.0605326,0.9765133,-4.297838,-4.033307,1.3962822,3.476685,3.5894866,1.047292,-1.6657009,2.9768977,6.5197253,7.0491476,8.750487,5.679325,1.8095154,-0.77841765,-2.1304379,-2.2904258,-8.416544,-7.682931,-3.7087069,-3.0687761,-2.4561815,-4.805064,-6.3273354,-4.458184,-3.56856,-6.6502094,-10.189831,-11.120581,-10.974335,-13.63385,-11.9928875,-7.835316,-9.577562,-12.780458,-8.711401,-4.2002354,-4.5620303,-10.068012,-12.851706,-10.642205,-7.8948555,-1.8166314,-1.3558819,-10.835434,-8.950258,-6.862961,-9.5872345,-14.329368,-13.919591,-10.969491,-11.869422,-9.162647,-8.234106,-9.770507,-10.392576,-10.653819,-8.391858,-8.24571,-4.349617,-2.6571157,-7.870214,-12.125825,-11.0320015,-6.492343,-7.993187,-10.4967575,-8.5498905,-9.375776,-12.61611,-14.205137,-14.753838,-11.357975,-8.705238,-12.242379,-15.704201,-5.427892,-3.1716356,-4.6469383,-6.8612,-10.005303,-12.397303,-11.338663,-10.699754,-9.769983,-9.740799,-9.118646,-2.6653543,-2.323232,-0.2803411,1.2175162,3.7404587,2.6638122,-1.9720353,-7.6213145,-5.5461307,-0.17054217,5.3868666,0.9548989,-12.946596,-10.35507,-10.208595,-7.182621,-4.287112,10.045174,16.714045,15.792571,6.681821,6.5084167,5.065941,4.222966,8.182319,12.033404,8.538603,0.79950166,0.48868284,9.100086,13.46866,13.093982,9.872436,9.446117,4.77919,-3.6421194,-3.772892,-2.6650276,-2.8339543,-4.07249,-1.6197096,0.80797374,1.2376636,3.3674903,4.2907624,3.52844,4.83537,0.987607,0.5364033,-0.33690888,-3.0553784,3.2546926,8.322264,11.831737,14.526808,16.379606,13.777723,7.4802756,12.111715,12.500472,9.551166,8.159849,7.533424,6.017053,5.2539773,4.5588865,2.047021,-2.3300574,-0.48858267,0.59132403,-3.3016424,-0.07564771,2.0438023,2.306733,-1.1292281,-5.7164855,3.7186599,12.212933,16.838194,18.284395,17.527386,12.602152,3.9327989,-0.7188172,-1.9325981,-1.3235427,3.9035506,2.8552885,0.9447002,1.6806246,3.8206313,3.6521072,3.0254745,2.2518616,-1.5457773,3.6604104,7.0277452,10.671712,8.203718,1.6160667,0.21673398,3.3708432,1.3664472,0.05191803,-3.0183654,1.2015619,0.7524129,3.0697412,2.0869098,2.452106,2.903216,-2.5217586,3.195956,6.234586,8.100936,7.569031,6.4403048,8.214711,5.0949802,4.2397056,6.4729214,5.1494656,5.432684,6.601875,3.2536669,7.884946,8.225729,2.093706,2.127034,0.6635115,-0.55112666,4.8878746,12.602115,19.349539,21.875233,21.987228,21.830463,18.548157,12.691546,11.001922,8.25189,9.720422,8.095989,9.379932,9.191716,7.8317156,6.958502,7.3755746,4.761832,-0.78914756,3.2177064,4.9179153,5.434919,10.652597,11.211077,6.5650444,4.4934998,3.5979342,5.3032494,3.4714484,2.323628,6.3243876,7.623103,3.0442019,2.153442,-2.0048788,-3.9813595,-1.136269,-4.337871,-5.753183,-3.4760907,-5.6032424,-12.495336,-9.443991,-9.884728,-7.9683523,-5.931386,-2.2422197,-2.6606722,-7.1947746,-11.424312,-12.977048,-11.0100975,-11.336293,-9.292982,-10.4443245,-12.646063,-12.296943,-11.601061,-18.79068,-15.339297,-13.520974,-9.747717,-7.534957,-6.8260508,-5.5907197,-8.13837,-6.0530605,-4.004011,-6.671362,-3.8662581,-1.8101287,-6.0454044,-4.4111624,-4.6095724,-5.1722336,-5.6868834,-6.1069446,-9.285158,-8.115388,-6.5849133,-6.770587,0.6855265,0.66022944,-7.078796,-10.851505,-11.39888,-14.668875,-14.787605,-11.745378,-14.758531,-19.096825,-12.915726,-11.851115,-13.10079,-12.613674,-7.3694143,-7.606537,-4.0235205,-1.7854583,-3.95982,-8.479687,-11.101118,-9.79473,-9.210276,-11.921675,-11.845263,-17.272242,-16.758507,-11.794777,-13.642647,-17.272814,-14.965886,-13.258503,-19.270962,-12.960515,-0.08181057,2.9058015,-4.1175923,-12.434134,-10.642384,-12.771311,-13.267706,-12.087402,-11.075482,-11.6584835,-10.654547,-8.749521,-12.186821,-18.35976,-17.652946,-15.2386055,-5.2986603,-2.5334237,-5.828543,-8.403228,-9.5808115,-10.3838005,-17.955675,-18.598812,-18.073467,-17.201927,-14.165992,-10.722822,-8.568056,-8.350667,-11.925393,-18.225414,-23.437637,-8.558723,-3.1669285,-1.690246,2.007096,3.2466521,3.74717,4.486906,3.6523843,2.4934754,1.1865864,1.0904367,0.8807696,3.920592,1.403239,-3.3460248,-4.8200936,-3.0484061,-0.42400128,2.606676,7.6248355,9.657201,8.443547,4.689987,-1.4833235,-1.1573576,1.7799065,3.326887,-0.12308727,-0.9631849,-1.7608306,-4.181453,-1.6507611,-2.6867452,-3.8248312,-3.2750573,-0.15141162,-2.1414485,-4.974071,-4.8228574,-4.7901025,-7.692174,-8.236155,-9.384669,-9.092446,-8.87472,-7.5257225,-4.1802173,-4.2653384,-11.232724,-16.248135,-16.143673,-8.006457,-4.3524833,-0.58419025,-6.658499,-13.943563,-15.654874,-19.053022,-18.406975,-16.824986,-15.087549,-14.084521,-15.528559,-14.692245,-16.888716,-18.57173,-18.436642,-21.382215,-20.673435,-14.212666,-7.538729,-11.101547,-16.421469,-15.330183,-19.24126,-21.693775,-20.922398,-20.027979,-18.497728,-19.713215,-18.323502,-17.030626,-14.951543,-15.18922,-17.058044,-14.782522,-12.659044,-10.490498,-7.944539,-13.094615,-14.959465,-10.816566,-3.9572766,-2.7343228,-6.749363,-10.04232,-14.078025,-16.660244,-17.712824,-16.488102,-9.856204,-5.873881,-9.000109,-10.128652,-7.370558,-5.3573093,-13.809441,-16.363121,-11.810616,-8.345843,-7.419305,-10.209046,-14.993963,-20.247215,-16.252258,-15.108465,-12.258156,-10.567066,-12.059664,-14.951691,-10.693091,-5.403027,-7.9244494,-13.478593,-15.541211,-15.140605,-15.178953,-15.054832,-14.526153,-15.56531,-0.6406238,12.529969,17.32425,17.26555,12.653591,2.0168242,-0.58592415,-0.90107054,-1.1182286,-7.5063562,-11.212474,-8.820691,-6.371051,-1.664177,5.111162,7.633873,5.055285,0.89443094,-1.183392,-2.6384015,1.0007045,-1.5977741,-6.934764,-2.9000738,-1.6276634,2.55515,4.209104,-3.0647116,-8.585876,-7.255382,-6.384779,-5.6973133,-6.262329,-4.558152,-0.6021007,-1.6245102,-6.531996,-6.969383,-2.4715116,-2.3943038,-5.4485607,-8.282891,-9.209298,-9.75719,-10.374722,-10.604439,-11.851381,-10.8290825,-15.086758,-15.511429,-15.579657,-11.529949,-13.910617,-15.797237,-19.434612,-17.477484,-16.630362,-17.13556,-17.160515,-14.3996525,-6.678794,-9.17794,-14.849143,-17.916811,-16.33503,-18.225403,-20.763138,-19.520664,-21.444923,-18.993645,-18.392855,-18.224909,-22.058777,-22.98732,-20.548714,-18.504265,-16.229647,-6.2348933,-7.664959,-16.067234,-17.889345,-19.68342,-22.119257,-21.278126,-23.034937,-24.612282,-18.334888,-15.055385,-15.160612,-15.907707,-22.791025,-17.958778,-12.805654,-9.739086,3.3713748,13.639659,16.942509,15.5084305,10.399429,6.3867226,4.9105744,7.8927336,10.61273,8.385001,1.0505797,-1.200377,-2.7303436,1.9777523,7.714066,9.475763,6.506975,0.78958976,0.53147936,3.4094574,1.0519468,-1.4927993,0.7824767,-1.3226713,-0.19257334,1.0178174,8.009602,11.63006,14.740052,14.016075,9.176437,0.10738351,3.1515226,8.201316,6.5165,-0.57415885,-1.5441083,1.311799,3.5425212,1.3974261,6.200777,8.41868,6.372775,-0.8945497,-2.8375745,-5.6688585,-6.170402,-3.8763025,-3.4880111,-6.249657,-7.557087,-10.214578,-8.469606,-10.93286,-5.951151,-5.21266,-6.9079514,-11.938987,-19.209202,-8.725025,-0.5216921,3.4018776,-1.7829239,-10.258819,-11.20327,-6.9306946,-3.9339507,-7.2817607,-9.00822,-6.804483,-5.3048954,-7.5669155,-8.049945,-9.561892,-8.420847,-8.212847,-7.6558833,-8.068103,-11.092864,-8.64582,-8.78647,-10.531932,-11.416649,-12.190522,-0.748085,-0.015092605,-10.233802,-15.43919,-17.654512,-15.010203,-16.754824,-16.140842,-16.043774,-18.058226,-12.013501,-9.221753,-14.234952,-14.940273,-14.0077305,-11.006943,-6.3030224,-2.4616935,-5.3966284,-8.518179,-7.6263733,-7.159362,-6.979861,-8.239417,-8.597338,-8.881916,-8.148979,-7.7579284,-7.3336577,-7.588766,-8.529662,-9.774668,-7.9735155,-6.980806,-4.0038447,-0.4130065,-2.9309583,-10.380657,-10.025538,-11.893443,-16.145468,-17.186932,-16.618793,-14.079569,-7.791636,-4.371793,-11.145663,-15.132976,-12.966603,-13.537619,-7.711583,-2.9299915,-0.2586731,0.37221795,-1.0343604,-3.0769012,-3.2361584,-2.8944626,-2.75452,-2.2302914,-1.7882609,-1.7419337,-1.5882849,-1.7282188,-1.9430174,-1.9863775,-1.8840481,-1.7690135,-2.8849342,-3.2108588,-3.374448,-3.3293798,-4.07649,-4.9040527,-6.375143,-7.875337,-8.991991,-9.274273,-8.755979,-9.108898,-10.405087,-9.880669,-10.162582,-8.450315,-9.203327,-5.625701,-4.83029,-4.6794353,-4.9825935,-6.552641,-6.7722864,-7.4223366,-8.855272,-8.412203,-7.970875,-7.5245504,-7.5862985,-7.660612,-7.428203,-8.647043,-9.446524,-9.073432,-1.9035579,-1.5316225,-8.866765,-16.103956,-13.766277,-11.086058,-9.9193125,-11.49614,-11.575798,-8.301589,2.306249,7.7874746,3.9749289,-8.451508,-8.631471,-7.8495164,-4.6854744,-1.9114621,3.0007286,2.6588254,-1.2853855,0.90204704,1.684005,-1.2713724,-1.4804275,-1.4032198,-2.6865044,-1.5967481,-1.7917209,-2.343004,-2.4550943,-2.922092,-2.942591,-2.1451912,-2.095404,-1.6250641,-0.6699934,-1.68695,-3.9629757,-4.3306823,-5.200608,-5.2345424,-6.2955375,-7.4906673,-7.634548,-6.3718653,-0.31617597,-3.8942475,-9.070111,-7.48283,-8.207181,-11.015176,-3.8352962,5.185904,5.3365297,4.0776496,3.430263,1.8814073,0.8928914,-1.1468489,-2.0416996,-2.1358044,-2.4902837,-3.1141784,-3.0990014,-2.4537725,-2.3399053,-2.6904633,-3.2342432,-2.4354773,0.564341,1.8411614,-0.7075721,-1.8876531,-2.5127192,-3.54363,-4.6346407,-5.554464,-7.6744227,-10.2014675,-8.634954,-3.1533635,-0.4913303,-0.62262225,-1.4606464,-0.6411648,1.1863626,2.001647,0.25379148,-3.5781648,-4.8627534,-4.9032125,-5.0729914,-2.4830375,-3.0313513,-5.2384353,-4.6757064,-2.7649264,-0.41347456,1.734569
1.4158616,2.6334226,-1.9419999,-3.6310205,-5.078697,-9.138824,-7.1211996,-2.4252348,-2.896855,-3.5354354,-2.2684379,-2.9129891,-4.7255187,-2.595127,-6.1162276,-3.4880493,-4.196121,-5.628847,-4.181472,-7.1840534,-5.8412404,-6.734765,-12.075849,-17.668272,-8.34313,-3.318296,-3.8065948,-8.042442,-10.0777855,-11.647252,-10.202152,-1.0348325,3.6317408,2.5026953,1.994198,1.5269678,1.49214,0.16502886,-2.029648,-7.378071,-11.046406,-11.284899,-10.878539,-9.982952,-14.387812,-18.015759,-13.073807,-6.4540005,-3.2582762,-2.7277362,-3.759852,-0.36875042,2.4825475,3.8450897,1.9711783,-3.2974744,-4.1793814,-1.9928479,-1.2557687,0.02109081,0.4056077,-0.92431897,-3.614937,-7.0002007,-6.7467165,-3.9079573,-2.9373085,-3.707876,-6.002109,-1.9528761,1.1106858,2.0769153,1.2262163,-0.8761029,-4.231334,-6.068595,-3.6972678,-0.47014531,1.9999923,2.6847436,2.0660713,0.2975021,-2.0969863,-1.9216318,-2.03064,-5.7462173,-5.483286,-3.9562151,-5.708074,-7.1127043,-4.8516855,6.317325,9.937143,7.177257,4.982752,1.4077392,-0.8582721,1.9065381,1.47444,-0.6376536,1.7522786,0.45636955,-2.3651557,-5.174058,-7.0489855,-5.4492803,-4.2353706,-2.3961003,-2.2965631,0.16801432,7.630123,14.564014,16.26463,14.354791,10.893267,10.8121605,9.39403,12.5869,14.504414,12.031931,10.702074,12.040455,7.5654163,-4.6297503,-0.99930084,1.4231296,-1.4544576,-0.9088957,1.5906339,0.9420374,-7.236783,-3.4335904,-3.9768362,0.18123645,6.966166,6.9479804,3.470488,0.859114,-3.3658757,1.8861287,3.9313865,2.7208664,0.97125953,-6.0844207,-7.9549007,-3.1931865,-4.7189026,-8.645217,-9.5696535,-6.575843,-6.1795864,-5.2672906,-5.425308,-7.506561,-1.0964105,-0.99232936,0.22313543,0.28609094,-2.545044,-5.067337,-5.559947,-5.2884126,-1.6089697,0.42298886,-0.86621594,-1.6156206,-3.3919609,-9.308158,-6.356018,-0.4105137,-1.6224937,-3.8438745,-7.6376443,-6.919779,-7.928858,-5.573809,-5.8447433,-10.541772,-9.841911,8.610677,15.989479,18.447817,20.103949,20.733202,17.75766,15.931421,15.074998,13.551275,13.252178,11.80935,9.960037,4.998745,6.4951615,6.6341095,4.5451603,6.5094476,6.91185,8.058445,8.341568,-2.6725173,0.24301723,4.2000356,2.6030233,-1.8106868,-3.6236727,-0.6053305,8.082089,11.1075115,10.784906,8.7752905,5.3471193,10.282778,9.86522,10.967311,12.78763,9.82872,7.9218388,3.175198,4.4613986,6.1738687,10.94425,13.576649,14.068933,13.590641,10.149989,10.5812025,11.062394,4.401965,-0.0080650095,-3.704394,-6.391277,-6.2344093,0.1777671,-0.6342822,-3.2098322,-1.0644058,-2.2349548,-2.4122045,-3.3248296,-2.3114882,1.4404035,-1.4496481,-1.8167628,4.7960386,5.653277,2.502178,3.7607732,2.0856323,1.9590111,3.505486,4.1119366,2.8862011,-1.4040384,-5.6246657,-6.159251,1.4286381,2.805214,1.246036,0.07963003,2.6304107,4.0187554,4.311343,0.33421326,-0.0511266,2.2941856,2.820365,0.26823524,2.3803475,0.48615575,-7.215617,-4.4111457,-4.866957,-8.164166,-6.0532036,-6.007223,-3.570597,-7.4958987,-11.788335,-6.6721683,-4.435578,-9.1697035,-13.260312,-17.333351,-13.662896,-10.9784355,-11.916179,-14.946177,-11.548578,-3.9246275,-4.83086,-9.529293,-7.4250994,-9.502283,-14.956397,-11.7675,-11.497765,-11.890889,-8.719199,-7.970903,-12.664276,-15.699996,-17.420979,-21.773792,-20.316675,-11.007915,-2.7124648,-5.3271055,-14.886377,-19.646729,-19.35253,-20.963514,-23.318764,-19.741518,-20.921574,-22.65399,-19.483324,-22.797215,-22.467653,-26.536953,-32.406002,-24.446821,-17.835644,-7.0559716,-3.7130308,-10.920348,-24.525812,-24.928856,-22.520273,-21.631134,-24.178743,-26.400358,-23.55886,-26.247711,-33.395382,-29.086878,-24.548782,-22.765844,-22.964418,-15.608873,-5.108165,-4.1230307,-12.57862,-20.342224,-20.270329,-20.155554,-18.368155,-17.59331,-20.885115,-26.98889,-29.97222,-26.608898,-20.625149,-23.63699,-25.256275,-26.982544,-20.285927,-15.890175,-13.069185,-12.912278,-12.675742,-8.656448,-6.9330597,-6.963255,-7.279376,-7.4365835,-9.050308,-11.8012085,-11.7407,-12.163136,-10.720626,-8.752879,-8.180824,-7.408058,-4.073371,-5.5965557,-6.8407006,-7.0126386,-5.775118,-7.8687563,-12.599012,-11.5356655,-10.695761,-5.0455337,-4.3316135,-7.913737,1.4396495,5.3622537,5.53263,3.6054702,-0.9718125,-0.8674524,-3.2493975,-1.230236,-2.0703926,-4.134309,1.8939147,4.894853,-0.9403844,1.313445,2.759422,0.07334171,-1.9662504,-1.4997098,-2.7461946,-7.484255,-4.059436,-3.7847378,0.49611822,0.6373033,-1.8675859,-0.44370824,1.3011124,2.6036458,3.5432534,6.3728266,7.789841,7.261066,8.646822,7.101359,6.832308,6.720064,8.464355,9.706768,10.524828,11.589618,10.856591,8.321494,7.0267777,0.81271863,0.21057463,0.57944214,-1.1745236,5.739768,9.739743,9.556533,3.5609984,-4.027036,-1.7416718,-3.9041662,-1.0379258,-0.10150667,-2.6445684,-0.9929895,-3.4991548,-5.6754117,-4.177459,-5.0872993,-6.744146,-4.2667418,-3.76322,-6.614956,-0.441453,-1.2461791,-0.7697879,4.884553,10.83024,11.13509,8.876065,6.664277,5.5139303,-0.7508744,-1.4957172,-4.2275257,-6.9745784,-10.7499275,-5.340852,-1.1278739,2.9845848,1.3011804,1.3088769,0.09703888,-2.3341367,-2.047731,-2.2560272,-1.3469326,-1.307576,-0.22349322,-4.646414,-7.522106,-3.7931366,-2.815192,-3.743012,-2.2673352,-0.5983173,-2.0268905,-4.2597394,-6.4849234,-6.331526,-5.986165,-3.8481214,-7.18246,-10.777969,-3.8149967,0.9552309,1.5992858,-1.7227764,-6.0761557,-14.301207,-14.622881,-7.2899013,-4.0044312,-3.3495007,-4.858258,-2.3557057,-1.8299696,-1.8911607,0.93625057,4.7281985,6.707367,2.6510727,-3.221952,-2.0586386,6.676214,10.902737,6.1890507,-5.0567226,-9.790928,-6.65473,-2.9136114,-1.0101252,7.787923,12.042763,8.985768,2.1918063,3.8851485,3.210951,2.2952614,2.2577147,10.012999,13.018078,11.868139,10.011816,12.967028,12.235922,7.584541,2.931723,9.711081,8.849826,-0.18530472,-1.1883311,-2.241794,-3.2547762,0.4900016,0.08356818,1.9173278,4.715629,10.787848,13.32918,11.335163,4.2362385,-0.38672578,5.601966,5.007703,0.76262975,10.256546,17.002815,19.137026,18.150307,19.330568,18.85803,16.037739,20.197388,20.596073,16.863327,17.263912,13.545827,9.851822,9.268215,9.562841,8.317242,6.104768,3.3905768,-4.9472923,-2.7309844,3.2916832,7.9075794,7.8851757,2.0814252,6.418477,11.783658,16.242311,15.837617,12.961154,13.785029,12.807645,12.445769,7.1596904,-0.15678145,-0.124989614,5.213184,10.251933,8.55559,1.3347237,3.347466,0.48534885,3.4033177,3.8253129,3.5123591,5.7950773,4.028965,8.577255,10.716561,7.1037455,1.7760068,2.1257792,4.0885224,0.08389218,0.32135475,-0.30942315,-2.2559588,0.25281322,-2.035751,-1.6672097,-1.9141514,-0.8267879,10.982667,16.115667,15.415527,8.661795,2.6843948,3.7463405,-0.88062733,2.628358,5.1975036,5.2673874,3.2536273,3.6003172,4.1132326,2.9424005,4.41199,2.0800395,4.6146946,6.9710965,1.6728216,4.3197355,9.25151,11.949482,18.318632,20.407108,18.96243,13.943344,10.846232,9.503254,9.154819,11.429187,9.229883,10.425082,12.325695,11.358861,9.349915,5.798916,-0.13511491,-0.26576048,5.888377,6.5814505,0.22652106,5.612721,5.851235,2.5729804,1.9361193,2.3480506,1.0754106,-1.4099393,-0.9162582,0.016802652,0.5313461,-1.0446683,0.17283002,-2.3629794,-2.4020448,-0.76330245,-3.0310771,-4.370199,-3.0594923,-5.6153326,-8.033331,-3.407557,-4.5393014,-6.84929,-6.586769,-4.7262325,-5.430725,-6.460318,-7.663259,-14.415119,-15.874453,-14.111728,-11.897641,-15.1508465,-14.181555,-8.575223,-13.729742,-17.981533,-14.794412,-13.855678,-12.711058,-12.156916,-6.773242,-4.7985234,-3.5517,-10.847348,-16.822983,-20.13554,-19.600298,-19.398245,-22.253553,-26.01202,-28.186628,-25.729767,-23.88573,-19.916317,-23.550434,-23.373796,-25.142576,-9.962967,-3.3894799,-4.320284,-8.259955,-17.660158,-19.710066,-20.788595,-20.587337,-20.48878,-25.498419,-20.715334,-12.783221,-8.945995,-15.115324,-21.528267,-22.30331,-18.905024,-10.90755,-6.8470483,-4.1206045,-5.218597,-8.8899355,-10.9080715,-18.435019,-30.16941,-22.38113,-18.141022,-18.777063,-16.578304,-16.916605,-19.375303,-20.835304,-24.657679,-22.597855,-12.68114,-0.39407954,0.12826103,-11.086082,-14.931503,-17.032202,-20.452026,-26.667421,-24.288446,-24.407372,-27.258663,-16.10381,-6.5068045,-8.615661,-16.630474,-14.191152,-12.86367,-12.301235,-6.7451024,-3.4804404,-8.233122,-12.085055,-14.533905,-17.904814,-19.134798,-19.2856,-19.525162,-17.751854,-17.797855,-19.078394,-21.100304,-22.75098,-25.37109,-22.775402,-12.943124,-10.570054,-14.061285,-20.852945,-14.783865,-16.708944,-16.011032,-18.150023,-19.941872,-20.988348,-8.305992,-4.4592514,-6.599003,-3.831015,-1.4992653,-2.3512735,0.020849168,5.417049,4.227025,2.0821376,3.2073271,2.3341777,3.6281614,5.660451,5.5623913,2.7346036,0.11013985,2.253427,0.3824772,-2.628958,-0.4268666,1.7626452,0.35556135,-6.269496,-4.2226233,3.1479259,2.8189745,1.2722796,2.8046618,2.0351477,-0.70657873,-4.0999737,-7.2485547,-10.036705,-9.083694,-3.7685676,-3.0996604,-0.22836061,-1.7313689,-4.193396,-2.4419491,1.3538485,0.8594334,-0.04551351,-0.039794542,-1.1785128,-0.84659266,-4.054103,-6.3557916,-8.921994,-10.972052,-9.05043,-6.988408,-6.0233536,-6.6647363,-7.6322036,-6.0426755,-7.748541,-10.099817,-14.210365,-9.5150175,-10.500744,-13.545328,-11.30061,-11.36531,-10.573112,-8.934271,-8.393391,-8.042327,-11.575828,-14.400106,-6.900289,-5.147316,-8.132196,-10.908399,-10.285749,-4.248257,-4.202334,-10.303124,-10.778145,-5.65226,-3.2960348,-3.3895307,-4.0977845,-3.9153848,-5.412392,-9.431498,-13.159536,-12.50245,-13.967839,-9.360032,-7.638228,-9.273811,-4.9564342,-2.1136441,-1.3146315,-7.4407806,-10.237068,-4.2464075,-2.5903034,-2.132762,-3.0625894,-6.7207804,-14.210109,-10.547065,-6.6750765,-4.19529,-5.269038,-8.683687,-9.929351,-8.26001,-8.082143,-11.100836,-13.703047,-9.704967,-5.339277,-4.010495,-3.5912051,-4.3745146,-6.7298555,-6.4390755,1.9512491,6.5111313,10.144384,7.797322,-3.0088391,-6.2968826,-1.45544,-0.82604235,-4.468797,-8.755711,-1.6762172,6.138806,9.155249,7.5510125,1.8902655,-0.82053983,-2.1449742,0.59842163,-0.060770646,-0.40549022,1.3305526,0.54668134,0.06433237,0.6517714,-1.8517845,0.40350643,-3.738215,-5.699143,-3.7426603,-2.6332495,-2.6844926,-4.073016,-5.9028625,0.83566606,4.790457,5.1685667,6.910767,5.3171873,-0.5196814,-1.202772,-0.009992339,-2.1084166,-0.6790184,-0.64925086,-2.5905564,-6.474781,-5.3118176,-7.0202346,-10.591688,-10.401974,-7.692437,-10.450049,-8.724844,-10.314032,-9.739727,-10.652085,-12.794783,-10.5980625,-9.26078,-8.182188,-6.6928287,-10.71883,-17.52583,-13.717479,-14.142356,-19.505667,-18.628603,-13.220402,-12.38677,-16.641987,-14.0106535,-16.447208,-17.310675,-11.64826,-8.453394,-7.8514404,-7.7284718,-8.780664,-8.18733,-9.193827,-9.993986,-12.374809,-12.321168,-11.027798,-9.494841,-8.170051,-7.908693,-6.955823,-8.651506,-14.976459,-15.858364,-11.473934,-7.054629,-0.84212136,2.17299,5.496931,2.4032848,1.504632,2.0683126,-2.6569412,-8.151825,2.81438,8.075715,5.866617,5.148925,3.2884324,7.5755186,9.214906,7.536788,2.8655539,3.7211056,5.914212,2.7655702,0.58626163,2.781243,4.956308,12.124062,12.5462055,4.554699,3.3265948,9.544002,11.008506,9.497686,11.662985,11.46459,8.14283,1.260963,1.8350209,1.8603336,4.177707,2.4551258,0.65926796,5.875468,6.9406195,6.1953363,9.181601,8.206629,5.8005934,5.796595,7.7864127,4.76297,1.9037662,0.234195,0.96943766,1.9611586,-2.839507,-4.763613,-1.9722462,-1.821308,-2.0125272,-6.823044,-4.6005945,-6.148606,1.182726,7.597062,5.051854,-6.1283307,-6.448427,0.002954137,-0.9753978,-5.131188,-6.734063,0.3167598,0.8204129,1.7828913,-3.1861498,-3.7392995,-2.9875531,-5.514105,-4.6647053,-6.107252,-5.5637894,-8.074797,-7.2135234,-6.046612,-8.840146,-8.946451,-1.8228525,-1.9307406,-6.630987,-3.1476483,-1.196982,-3.3475337,-9.031487,-8.668612,-5.6123977,-6.1273394,-5.982711,-5.0527973,-8.932848,-5.843048,-2.512631,-4.372182,-6.4172034,-10.001512,-11.258899,-8.766011,-5.5757275,-3.2260988,0.07337124,0.40053833,-0.73515886,-1.4342175,-0.15367182,2.4495337,3.1520689,1.3809857,-1.5634677,-3.5200012,-0.91629314,2.3037388,2.3946557,1.692944,1.1453782,0.26693064,1.0363197,-0.9724429,-5.29859,-8.8005085,-6.79554,-2.862444,-0.25455168,-2.6637504,-8.521565,-7.0957575,-5.2292295,-2.1031222,-0.22631946,0.4627892,1.2805872,2.0276618,0.045973137,-1.7112634,-3.2215955,-4.5943437,-5.3125024,-5.066819,-4.4073324,-4.3506746,-4.444425,-6.0133734,-10.106018,-18.148766,-13.987768,-9.889579,-9.583492,-8.222031,-6.5950184,-4.0447974,-3.2621455,-3.4688818,-5.015984,-8.597189,-13.79002,-10.063001,-7.024798,-2.650056,-4.6881933,-12.645103,-17.173674,-12.7160845,-12.871986,-9.332887,-2.234779,-0.044753406,0.84686553,1.6397104,1.371467,-0.47099516,-4.1461353,-0.3327651,1.8849273,1.0634162,1.5446078,1.4871395,1.3066136,-0.3454275,-3.6761227,0.7467708,4.868946,2.968953,-5.239357,-6.4328885,-3.7578464,0.034376826,1.7401463,1.1417952,-1.1604286,-4.566068,-3.8098,1.6285151,3.4710908,-0.015520971,-0.89320326,-1.1626786,-0.16797182,-0.66426265,-1.5087543,-0.64268684,-1.8482254,-1.8896866,-0.045535486,-1.2288576,-3.1655688,-2.9613187,-3.0312994,-3.8705144,-4.1484966,-3.8811226,-3.125813,-0.91370046,2.0328364,5.305903,6.5837183,7.0837016,6.840668,6.0434914,5.2248855,4.715992,3.858733,2.715561,1.5226984,-0.117705464,-1.8262118,-3.3769164,0.007678235,-2.5680933,-6.428734,-4.5346403,-4.9000006,-6.32664,-7.543682,-4.870491,-4.663797,-2.4607375,-4.578854,-9.750734,-13.920508,-11.816359,-17.367226,-11.322472,-11.11281,-13.468262,-7.1892176,-2.3572829,-1.3760029,-6.1033077,-4.679188,-0.016533997,3.6977017,-0.14374404,-2.2737935,-4.737275,-8.975927,-11.856617,-9.020011,-7.9183197,-0.30167565,4.4342704,7.0399327,11.242678,13.676588,13.430744,13.721391,14.169102,13.513445,13.222506,10.439463,3.6533463,0.10552242,-1.6363661,-1.3794988,0.40718335,1.1700621,5.26568,10.145807,13.295871,15.007878,15.340905
-2.3771765,-3.9544597,-5.2538543,-9.622685,-13.553028,-14.722055,-10.3489685,-9.311812,-14.194511,-17.191742,-12.029234,-7.757806,-6.3670163,-6.430587,-1.388898,3.3981805,2.2796836,0.18036687,0.6172342,-0.46802825,0.29594755,-2.2319465,-2.390743,-2.9101849,-3.9336758,-4.330481,-5.2280374,-3.9334407,-5.7532697,-5.245836,-4.3866534,0.9432871,-0.13215363,-1.2283823,-2.137519,-2.562241,-1.677704,-3.0065837,-3.7021356,-9.178933,-11.515276,-12.185188,-11.966808,-10.293884,-14.186316,-12.259183,-11.429767,-3.6754527,-0.90949243,-1.7959298,-4.226926,-4.528867,-2.3734717,-1.0440916,-2.725148,-7.88332,-9.704715,-9.497317,-8.848525,-6.616769,-5.7264857,-7.4503384,-10.823452,-14.769541,-13.228977,-4.8513036,-3.469965,-3.9979217,-6.7871995,-6.406837,-4.205357,-3.740047,-5.101481,-6.7021847,-8.785793,-8.621031,-6.2115407,-4.9232707,-3.3405623,-2.6572087,-3.1075635,-2.5060759,-2.776201,-2.5920138,-3.171887,-3.589643,-4.446502,-4.080288,-6.6184545,-7.515641,-6.3685207,2.294343,10.792847,10.444433,-0.92336786,-5.093641,-4.2093906,-6.4132805,-6.9019136,-6.453661,-3.9640079,-6.573033,-6.7505617,-9.356152,-10.72168,-6.783094,-6.3890977,-5.4059763,-5.9390044,-7.778902,-2.7974882,4.0814548,6.4499874,3.330522,-2.8659525,-2.280599,-1.4964324,0.9386761,4.251439,1.0728575,-1.6242449,-0.108321235,-2.2101471,-5.9838657,-6.9881372,-5.6972933,-7.9161334,-7.91485,-6.1332264,-5.728884,-9.931882,-7.7181125,-7.927005,-5.0562067,-1.3075589,-2.0005746,-6.246456,-6.946118,-8.96655,-9.657418,-9.331266,-10.081709,-8.986371,-8.36958,-7.2837067,-7.046503,-9.658809,-13.963341,-13.132738,-11.619019,-6.858051,-3.3008683,-5.2401257,-3.7866364,-6.6915135,-10.181837,-9.631071,-7.2914004,-7.0505114,-5.122881,-8.262236,-6.855245,-6.408928,-4.5951614,-4.0541534,-4.1044703,-4.8222995,-7.115897,-4.2344103,2.1430123,-1.333908,-7.987182,-8.764504,-7.827311,-8.303227,-6.4445705,-10.6363945,-14.323183,-10.415553,-0.34817323,2.8194385,0.24130152,0.111362696,6.2736645,9.648484,14.222026,13.944973,11.301546,10.607909,11.6468725,14.564026,14.553349,15.444187,14.318341,12.601698,11.87357,6.638346,5.728673,11.981171,14.434038,16.668509,17.927105,14.512867,5.0271745,-1.6268576,-2.6777873,0.106398,-0.7207283,0.15909964,-0.27656677,2.1787202,4.5972457,6.511957,10.070984,12.682973,11.818087,6.653504,3.0035233,1.5502365,-0.5599386,-1.2723117,-2.077573,-2.4916425,-3.6408427,-1.5725555,9.307175,9.554312,2.9082565,-4.7449465,-2.7386198,-3.5090365,-5.516594,-2.6931472,-1.2430927,-4.966392,-5.297458,-4.8851037,-4.410402,-2.9717164,-3.3336532,-2.9642038,-6.3633103,-4.694851,-3.215829,-1.0882573,3.4543993,4.286508,2.749294,1.2069939,1.939125,3.1028082,1.1970861,-3.0224345,-2.9186554,-3.189646,-6.1711807,-5.6906548,-4.605834,0.6120548,4.055851,2.8519526,-0.104247704,-5.2454877,-4.1676717,-3.5025337,-3.521389,-6.7602644,-7.41641,-11.223591,-12.50308,-8.828402,-3.0930188,-2.970261,-9.462275,-7.5421805,-6.4649496,-9.089377,-10.823271,-9.697696,-10.152502,-13.872314,-13.858032,-18.819181,-22.320034,-21.819506,-21.270172,-16.766788,-16.14435,-6.305007,-7.4072037,-12.560344,-11.988726,-14.894051,-18.363617,-15.8351555,-17.349255,-16.364668,-15.406969,-13.1914625,-15.621008,-16.669611,-17.756598,-15.891156,-17.800406,-13.619957,-5.3382664,-7.405259,-12.75447,-12.986906,-12.218063,-13.121956,-13.188696,-12.105389,-13.567067,-14.608286,-15.089022,-20.343307,-20.555576,-24.352884,-29.062374,-25.352192,-21.263805,-6.231046,-0.017610157,-1.6248138,-2.673094,-2.9732597,-3.842368,-5.8270354,-9.7811985,-14.199309,-9.934404,-6.370044,-4.1152077,-3.514423,-4.541888,-6.9450865,-12.49124,-8.352163,-4.005632,-2.8411613,-4.483972,-3.9544866,-6.1417823,-12.138795,-13.407134,-8.735758,-6.993911,-6.514985,-6.224758,-5.9563775,-5.8357353,-8.076926,-15.719978,-16.453304,-10.294804,-4.6471243,-5.346744,-7.962059,-9.14514,-11.95463,-12.495927,-10.364822,-9.529759,-9.399904,-8.001386,-6.4504104,-5.1253567,-7.1185017,-7.794241,-8.78419,-11.74441,-8.226049,-5.483584,-6.8212514,-7.919324,-5.282896,-9.779023,-13.655455,-16.804993,-12.519182,-12.271507,-8.456682,-8.534025,-14.785126,-5.9933367,-4.2742767,-6.4842806,-8.60259,-3.4226837,7.733592,10.48262,9.442834,5.723933,5.983048,8.617171,9.681236,11.045797,7.844228,4.454685,1.1656233,-1.8565141,1.1434426,2.4360197,4.512316,2.540703,-1.1129864,0.9329403,0.33420607,-4.3597116,-1.5209875,1.2442062,2.5899303,1.1120567,-1.56138,1.4673389,8.815319,7.667434,3.635851,-0.6913061,-1.464292,-1.7543533,2.9667258,5.842188,4.8266635,0.9889369,-3.8818529,-4.831461,-8.711861,-7.700641,-4.8485317,-2.3697088,8.352304,13.814565,15.846437,14.499469,13.508263,12.361512,8.628925,7.41234,8.390392,5.6463027,2.816422,-0.53002244,-2.5710964,2.0239587,-0.2867261,-1.3740525,-1.7586353,1.1106365,-1.4757811,11.3267145,20.164673,23.734005,24.011448,23.097897,23.326447,23.77959,21.021599,13.483198,8.377663,6.043281,3.105481,0.86804175,-7.3999047,0.08243095,2.6526473,5.530123,2.913859,-1.9094394,3.426634,5.04517,0.43076393,-1.8576891,-4.0805674,-1.563401,2.3832664,0.836916,1.5118978,-1.8132652,-3.6863952,-1.0731015,-3.7607074,-3.2548943,-1.0911298,-3.1574621,-2.6240702,-2.4889002,-1.8482633,0.15632027,-0.72728103,-6.5378637,-5.063555,-4.272603,-3.8793664,-2.9247675,-3.5438733,-3.8659084,-6.404997,-9.545501,-10.0822315,-9.427599,-5.1953707,-0.9999682,2.2319696,4.638797,1.9194856,-5.4148655,-0.98181933,6.0274816,7.3530726,6.0854845,8.374488,8.36626,0.57235694,-7.485346,-10.367405,-5.9364996,0.94839096,-0.88728225,-1.8728161,-2.3339872,-4.5468063,-8.746498,-7.1765785,-6.7251816,-1.6494919,4.8890095,5.9544325,13.965849,17.5261,14.168261,9.358896,8.079298,5.9033937,3.159707,3.4210982,3.5530992,3.2815351,0.3502288,-2.7035327,0.20084739,3.0008051,-1.3629141,1.6928813,5.9246683,8.131391,6.94536,6.1453795,0.9950015,-3.7968826,-1.9873002,-1.3243184,0.38679197,8.212675,10.583183,11.028663,6.576576,8.685839,10.1162615,10.496885,13.718396,16.276752,16.129162,12.8827,6.982982,0.40701792,-3.5067239,-0.16885929,4.8327875,5.6764936,1.5558445,-4.9341507,-4.64776,-5.5333986,0.31890538,0.79325294,0.30769366,6.7101007,8.764157,7.672191,0.9596019,-0.09758645,-1.5080296,1.5731626,9.036144,8.233998,1.8011224,1.2162651,4.846668,6.589652,3.1656935,-3.4845624,4.510842,6.1862535,3.2295513,1.8669167,7.113071,7.684945,5.7624464,4.227868,4.5947638,5.8553944,5.6071906,7.8218565,4.8096037,2.7884448,0.27896318,-1.7285424,-1.2305347,-1.7423658,-4.809022,-2.1244328,1.4094267,3.748623,10.674276,13.112975,12.8000965,7.578245,3.7895331,3.877757,2.1585064,0.6231066,0.6422708,2.3182535,3.0873775,2.4351902,1.1789005,-6.914601,-4.019659,-1.3264114,-0.8063626,1.8086503,-1.8811626,-4.5175695,0.7444463,2.4943,-2.12989,-2.9097793,-2.8308005,-0.41763937,-1.9897287,-2.273425,-0.69014716,1.707639,4.371867,9.642417,11.463831,12.754534,13.7681875,11.944698,11.463408,6.5030313,3.9183292,3.5549626,6.0545497,6.0970516,3.3989027,5.7059555,4.0123277,0.751991,3.061777,2.747107,3.878509,-0.07841412,-1.4658619,5.9953017,4.686461,6.683792,5.190217,-1.023482,-2.588581,-2.5046265,-3.368102,-2.342402,-4.0656753,-2.0781882,-0.042063504,-1.4842806,-5.845023,-0.15114065,2.8291693,1.5985239,1.3036383,-2.453514,-6.386988,-10.748334,-3.3121264,-2.484828,-6.4840717,-1.9390833,2.3917027,1.5700508,-0.78913236,-2.2065785,-2.0709236,-5.541977,-4.0941825,-3.8003685,-2.1710982,-7.047344,-13.963514,-10.269672,-8.463575,-8.825785,-7.564726,-6.305845,-4.3215375,-4.587846,-4.5669723,-5.1380105,-5.9016314,-6.5501547,-5.3870864,-2.3193364,3.4559634,5.39157,6.491948,6.0063963,5.190587,4.3783507,4.192437,4.6138506,4.984078,4.6318464,2.5937414,1.3731456,2.4465795,2.7260995,2.3156447,1.2539893,-1.2994113,-5.4345427,-1.2445797,0.7689891,0.11851121,0.38782293,0.039726153,-1.2531238,-2.6479087,-3.6672568,-2.5291154,0.7862483,3.7219172,5.315672,5.596886,4.8179765,3.7926328,4.5035467,4.558739,5.693016,7.281761,5.6867085,4.145262,1.9248353,0.26558623,-0.508781,-1.8951898,-4.325863,-6.372213,2.7294304,5.463258,4.057949,2.7979832,-2.4741497,-1.8420331,-1.4780328,-1.0642047,-6.506831,-7.2757964,-8.837988,-12.743069,-15.730915,-14.935993,-12.0074005,-9.617365,-7.166896,-6.5717335,-7.5462666,-9.67593,-12.551413,-14.570165,-9.909984,-7.212367,-9.246388,-5.754628,-6.7903957,-13.350438,-15.009665,-10.789362,-10.359884,-12.692354,-8.452305,-10.285697,-7.650332,-9.178646,-10.187098,-7.390051,-5.8227396,0.9375428,1.8969988,-4.0635605,-1.7956668,-5.870118,-3.0765579,-0.45077837,-0.802982,-3.754795,-6.3968554,-3.21385,-3.0502212,-4.414048,-6.1262712,-7.974959,-8.178454,-7.937879,-7.269943,-3.675158,-2.9335446,-3.6779487,-1.836303,-2.8892655,-4.902163,-6.823717,-9.344484,-12.538063,-12.576604,-7.2414327,-6.9020596,-6.2356796,-3.1856503,-2.0905657,-2.239367,-0.6439011,0.1607219,-0.57942337,0.4956411,0.5084233,3.300819,0.18169177,1.362673,4.741475,7.535137,8.210575,7.1047096,4.8036833,1.1416247,1.1720515,-2.3603463,-7.693866,-6.503934,-9.20824,-12.1459255,-12.637379,-10.941483,-13.673129,-13.115002,-13.529719,-11.01429,-8.274601,-10.471049,-12.56336,-12.980024,-9.166872,-9.341405,-9.574607,-13.339359,-14.140499,-4.940854,-3.3058178,-7.7588773,-6.8017716,-5.423432,-6.215575,-8.34254,-7.9526215,-7.892604,-9.966158,-14.763636,-20.721882,-16.663006,-18.135532,-13.525944,-11.407565,-14.154915,-9.331792,-5.4649334,-5.338159,-8.728363,-13.212179,-9.823973,-8.23647,-7.9502735,-9.042895,-11.929735,-15.867247,-14.537915,-11.947895,-9.212139,-11.48943,-17.373934,-18.506268,-14.823321,-8.910601,-7.8956327,-6.911214,-8.020174,-7.2097178,-7.426767,-7.2402625,-8.423021,-9.426791,-7.517869,-7.240953,-5.80991,-8.467495,-7.613439,-9.715911,-9.267507,-7.8395214,-6.8730516,-8.746817,-13.5774765,-0.51670843,5.060866,5.6917076,2.2927566,-2.5105426,-7.741766,-4.872565,-0.38844627,1.7934625,1.4821782,-1.5224538,0.02757454,-2.9750795,-4.9818034,-8.477903,-7.7708297,-8.341812,-7.4521503,-9.69597,-11.904736,-13.573879,-10.560031,-13.0998535,-6.1184273,3.1510856,5.5899644,4.622726,0.8037641,-8.308192,-7.55429,-5.1630306,-1.1652428,0.8407861,-0.020257903,-3.9637895,-7.3402157,-8.664568,-14.062899,-17.619333,-13.757858,-10.284771,-12.0498705,-10.489783,-12.492686,-13.940085,-16.00096,-15.532269,-13.520706,-10.238204,-6.7839575,-9.826252,-10.703956,-9.021677,-9.845742,-11.35306,-13.148637,-16.088474,-13.024557,-11.815661,-15.513173,-11.902417,-12.722626,-12.568263,-12.539539,-11.064432,-9.699221,-7.3005047,-9.18151,-11.141501,-11.474251,-12.151975,-12.936657,-13.743171,-11.967325,-9.996616,-9.458703,-11.147576,-11.23126,-10.27617,-10.938684,-12.502068,-11.1418705,-8.498174,-6.2250023,-5.778261,-5.7458353,-4.1301527,-3.5428252,-3.2530627,-3.9556603,-8.776475,-5.900072,1.4252019,7.4009657,8.136419,5.3778405,2.8081024,-1.6158372,-6.4576745,-5.8702283,-2.5485518,-0.81123817,-8.521536,-7.10659,0.43429703,13.610252,18.3051,14.486172,1.6253023,-0.7195803,0.6136554,0.013694325,0.3523226,7.596874,9.433179,5.7256227,-0.49977332,3.9611804,3.8579564,6.9625063,2.2221992,-2.3694396,2.3651252,14.822367,20.767553,22.528328,22.74932,21.308153,17.976736,16.5584,15.244489,8.198348,6.7318897,6.892029,3.8082666,0.38814154,0.8588239,-0.726181,-1.6061869,-1.821842,1.2233279,1.180775,0.29855198,0.22990407,7.492916,11.207575,10.913507,12.855732,10.634856,6.9323416,5.2901945,5.4654174,2.8624973,0.9165535,3.5974238,0.75506437,0.73271596,-3.6963062,-5.936334,-7.954212,-8.930017,-6.6959763,-2.0130284,-2.9530451,-3.1142306,-4.4149165,-4.375931,-1.0829351,3.8586974,2.3161647,1.0821302,2.2150905,0.08138539,0.41808742,-1.0688895,-1.7058034,-3.8961663,-1.9457769,4.121881,5.88574,3.812208,0.6679445,-5.6766424,-6.314765,0.13890374,4.2999105,3.195405,2.0990362,-4.2136126,-6.8378744,-6.0007477,-7.34074,-7.800746,-7.117342,-2.8998141,-2.475175,-4.8694797,-9.1381855,-10.557755,-7.8239827,-0.51670873,3.6298246,3.3903072,-0.41019246,0.503835,1.9700229,1.4630291,0.8125954,0.9868258,0.6396184,-1.0060276,1.621809,6.2332935,5.6307764,5.2393456,3.1781747,-2.0542057,-3.5389624,-0.102112725,-0.8401612,1.1789157,-2.3045006,-3.449252,-3.5997894,-3.883181,-5.229752,-6.875331,-7.1659355,-6.624599,-5.976697,-6.025248,-6.554849,-7.0414066,-7.725584,-7.7931004,-5.559863,-3.1723266,-1.824593,-0.97953784,0.72915363,1.3364019,1.4771883,1.1581312,-0.037973803,-1.9431956,-2.3606393,3.481988,5.4443336,2.8776646,2.7561262,3.60879,3.9291656,5.5934258,5.9096994,6.5813403,5.220482,3.9988282,3.970883,3.4799929,2.0369039,1.1758823,0.2654416,-1.772216,-1.2244494,-1.538055,-2.7434788,-2.6144733,-2.0589619,-0.5459051,2.035792,3.9092603,4.4064245,4.3860874,3.4091756,2.236524,1.1751794,0.2095935,-2.3578584,-2.615559,6.2073092,7.970758,5.957418,5.7163944,4.9833875,3.9836092,-0.02617462,0.31176338,5.0998583,8.933116,9.178408,8.201643,7.4210906,6.104993,3.7694504,1.637956,1.532805,2.0858853,2.262395,1.5156752,0.7578737,-0.1393319,-0.41122532,1.5160633,3.7470088,3.4060493,2.0463946,1.7372704,0.73273426,-0.54876626,-1.2306997,-1.926061,-3.258841,-4.553184,-6.3868093,-8.858552,-0.05896261,5.280101,6.5484667,6.9301634,7.058068,7.779691,9.199685,10.924846,12.089928,12.694849,12.581617,12.643538,13.134047,13.3431,13.520356,12.899818,12.519556,13.020555,12.51314,10.9109125,9.443529,9.688708,10.264125,8.783363,11.828142,14.491645,12.310209,4.4437747,1.7810502,6.2684317,10.868825,11.566119,12.796541,14.2256975,11.28499,8.773368,10.747629,9.645822,10.414352,11.431674,9.544891,8.992806,6.378451,0.4329233,-2.0975013,-4.901102,-1.5206716,-2.2102406,-4.4158955,4.5107746,9.2693405,11.275728,12.030474,13.141998
-24.225836,-17.32855,-15.281164,-15.527643,-15.414047,-15.953607,-15.441914,-14.933678,-16.308916,-17.066835,-15.587128,-15.25401,-16.991951,-14.492193,-6.8665648,-1.5243579,-2.9070306,-4.4224815,-4.5331626,-5.4083114,-5.8132877,-6.718439,-7.5057306,-7.7896237,-8.687349,-10.733459,-11.347109,-10.235243,-10.440802,-11.075234,-7.7864003,-3.6719584,-7.6075,-12.161516,-14.862564,-14.988129,-15.900363,-16.576378,-16.6878,-17.577047,-16.33741,-18.027788,-19.774784,-18.874954,-19.30904,-22.194977,-20.015446,-4.7111726,-2.5690472,-7.1593165,-5.8348317,-4.6905465,-4.919668,-5.135567,-6.4950233,-9.6991625,-12.928525,-15.757692,-13.918401,-14.814972,-17.036535,-17.677301,-18.331459,-15.989342,-16.084833,-12.6322975,-5.1236334,-7.0274696,-20.97315,-24.726955,-29.410227,-28.649723,-23.888865,-25.165714,-25.221329,-18.181194,-21.05597,-25.97451,-28.422623,-29.420937,-23.502066,-14.638019,-11.145516,-9.286911,-7.770159,-9.3263645,-9.21198,-10.249863,-12.470015,-13.06292,-10.850201,-1.6873027,9.107599,10.365109,1.5893433,-13.011995,-11.157234,-8.984016,-7.8243923,-1.9108857,1.7170622,-2.306549,-9.576294,-10.593231,-13.008713,-13.078129,-11.602515,-13.420348,-13.21437,-10.811718,-12.731672,-11.841945,-11.519757,-18.043873,-13.694567,-7.4793363,-7.685125,-4.716,-4.264564,-7.359226,-10.2979,-11.847209,-10.123304,-10.290478,-12.697539,-14.595034,-13.503261,-13.90653,-16.995226,-18.049223,-16.043646,-15.223843,-16.264975,-19.499603,-8.768089,-7.097266,-14.210034,-16.714058,-19.7006,-21.65591,-18.051308,-17.710287,-24.63505,-19.191477,-20.044197,-27.590998,-22.030407,-17.727356,-17.82251,-16.481298,-12.413125,-8.527651,-7.257798,-12.513214,-14.588028,-20.86238,-19.787863,-18.839752,-16.494722,-16.463198,-21.63347,-24.389015,-21.589186,-25.104916,-21.074419,-19.10078,-18.983051,-15.792583,-11.932045,-5.523786,-6.9465137,-17.510857,-14.958832,-16.554697,-20.299902,-19.899364,-20.847923,-22.778528,-19.415026,-8.700473,-7.972777,-8.319532,-4.9199114,-12.103715,-5.9923363,2.193016,6.2964067,5.936766,2.6785698,4.800304,10.602857,12.560034,13.216467,14.998083,16.240036,12.852093,3.6391015,0.24558267,6.144637,10.343449,12.073984,13.5463705,10.67021,-0.52908754,-7.338195,-7.087386,-8.622945,-6.5756373,-4.3265443,-6.107826,-6.283925,-4.5821433,-9.830655,-8.370569,-4.8315983,-2.9531717,-5.552125,-4.04677,-1.2987983,0.24687068,-2.259036,-2.0646968,0.9351187,-0.33719704,-4.519915,2.1431131,10.501718,10.480623,3.506875,-0.29837793,2.9942963,1.694288,-2.4914834,0.71814114,2.111306,1.9044918,-0.6684892,-3.8131618,-2.521157,-4.7672863,-4.795206,-4.529595,-5.522413,-4.164041,-9.498325,-8.62447,-7.5680547,-9.974939,-8.243913,-6.3571496,-6.7693,-8.793643,-8.517397,-5.0698514,-4.257211,-12.461838,-12.240801,-16.902283,-16.430742,-12.555145,-10.703946,-9.167422,-12.957243,-16.5601,-12.4561405,-10.590446,-11.17229,-8.777182,-9.234787,-10.484623,-9.904943,-7.6331663,-6.9256496,-11.513481,-12.586535,-8.804077,-8.107676,-8.94478,-11.148632,-13.664288,-14.91135,-16.046747,-18.998318,-19.404676,-19.096891,-20.642056,-18.393784,-18.21478,-6.902731,-5.552701,-13.17017,-15.702058,-19.718325,-20.214413,-17.999304,-21.676075,-20.336363,-24.593857,-18.497183,-14.528524,-15.143185,-15.583714,-15.867305,-14.530045,-16.878855,-13.15921,-10.449364,-9.926343,-9.436042,-9.185745,-9.201216,-9.304052,-9.4072075,-10.36022,-11.534166,-13.436235,-16.96286,-17.157457,-21.587685,-25.560846,-24.282703,-18.008461,-7.045452,-1.0427594,-0.41317308,-1.0806875,-1.0853716,-1.3333774,-2.6322951,-6.2848716,-11.46349,-5.783215,-2.3367972,-0.85826993,-0.32740113,-0.6951094,-2.2059038,-5.278157,-2.7745101,-0.039208874,-2.0077085,-0.6355879,-0.52622473,-2.705851,-5.9499426,-5.8244314,-2.7951956,-2.0371673,-2.2401948,-2.4427626,-2.5770516,-2.0262196,-3.8987842,-8.354418,-8.339549,-4.66697,-0.09284116,-0.03912555,-4.9296274,-6.2866297,-9.323887,-6.91123,-5.081816,-3.9381113,-5.1802034,-3.4471102,-1.8274158,-1.6739584,-2.0856225,-1.8779062,-3.1488018,-6.8418646,-8.8267565,-6.7495823,-5.762458,-6.488669,-2.7368057,-4.3497744,-11.040803,-10.474891,-8.203138,-8.729979,-10.755543,-11.763699,-12.246672,-8.514033,-7.87897,-11.876181,-17.578594,-4.7993903,8.873788,12.953639,11.816983,7.7936144,6.4914246,8.690964,9.332943,7.321255,-1.5143576,-2.2071924,-1.5694863,-4.287105,1.5353297,5.3580265,6.0903745,4.44527,2.4947152,1.8085529,-0.8185181,-6.0215526,0.8756005,4.04718,3.5387292,1.9099882,0.4866427,-0.6727966,2.3955898,0.31453702,-1.1144059,0.05809899,0.93875957,-3.4814768,-10.13872,-13.350441,-9.448809,-6.279731,-2.2731154,-0.41697857,-2.4455242,-6.1839986,-3.594905,-2.4866278,0.60304993,0.066100046,6.560991,9.310461,9.374472,7.333632,4.656006,7.8196373,9.718639,9.424769,8.525237,5.500779,0.06442674,-2.4211817,-4.389748,-1.8205494,-2.0208087,-2.1709964,-1.6993457,9.218772,20.468962,23.030455,20.634464,15.2371645,15.463048,19.05074,18.581635,11.093206,4.8167343,4.1873636,2.572687,1.422999,-3.4607453,-0.56236523,-0.43457165,1.6877868,3.5149515,-1.580996,1.7737459,3.6667535,-1.2424965,-2.617558,-6.387122,-3.4327803,-0.63943803,1.902113,2.5751987,-2.7403202,-5.3323107,-5.8826685,-12.574642,-7.1811733,-2.6462064,-4.767614,-2.2905746,-0.27234453,1.3314278,2.309098,0.6384065,-2.694232,-2.712599,-4.506139,-6.139047,-0.9669974,-1.2614124,-1.7758324,-2.8985918,-4.843183,-8.672542,-8.69564,-6.613859,-1.054222,5.627403,9.138332,4.1427083,-5.7850866,-6.7944345,2.293676,7.1561327,4.546688,-4.566473,-4.2287245,-9.996909,-14.005185,-13.652463,-7.7810793,-1.9543589,-2.8735657,-5.859312,-4.996043,-4.592261,-6.1457133,-6.052058,-7.100402,0.102646865,6.9017224,7.498392,8.879524,9.266721,7.9765697,8.118271,10.090792,7.43448,5.9335957,4.3278956,2.3043554,1.6070873,-1.240244,-9.911779,-1.5352454,1.8219163,-0.4684469,-2.2812917,-0.71334296,1.3860983,-4.3477407,-8.401274,-6.182872,-4.1965947,-3.6495085,-3.5726192,-1.1535277,0.40719235,-3.4738505,-1.5866185,0.55844134,1.305036,-2.6345887,-3.2788734,-5.6831245,2.4865475,2.2836044,-3.9629567,-5.329052,-7.952667,-12.318401,-9.416769,-7.0010767,-5.801442,-5.651025,-5.171883,-3.407714,-5.1435556,-10.326536,-8.1258,-4.0400724,-1.7655554,-3.1365464,-6.453945,-7.116746,-10.278855,-5.0875816,-1.6453128,2.6897023,5.374841,6.194566,6.956174,5.40625,-1.4753705,-7.0412784,-7.223849,-0.13099323,4.3001466,5.067709,2.4681556,7.7308993,9.944656,7.0889683,4.7891083,4.8055797,4.740492,4.7675714,5.9421706,5.463396,4.0446773,1.1654309,-3.4728935,-3.307531,-3.7175403,-2.1373057,1.526959,4.5625305,6.9363794,4.78877,0.4594823,2.135057,3.6306753,5.5172005,5.883894,3.7885542,0.43721122,1.3226738,1.1815362,2.8868365,2.7954915,-1.4033343,-7.471428,-8.229919,-5.416324,-8.799444,-6.115813,-4.493047,-5.7417316,-5.52625,-4.466509,-7.2784376,-11.641494,-4.31937,-1.6309155,-1.1625919,-1.010312,0.54083216,0.47949564,4.696761,4.157398,-0.23961462,3.6854858,4.170388,6.020224,7.865323,2.6395586,-6.926218,-4.2589183,4.612533,5.1392465,1.7480396,5.6895947,3.3539653,0.40567088,3.4015203,2.3118925,3.0219817,2.1424296,2.8450155,4.8203864,4.5680556,6.5535617,5.0108547,3.5562289,5.1736937,-0.16249381,-1.6406666,2.2571049,0.82784104,-0.7478224,2.4117057,1.6004808,-1.9992049,-4.176031,3.7765484,4.2976074,2.7337835,0.21927314,-3.9189973,-5.3952427,-0.46826556,0.05364167,-4.852452,-3.317317,2.6182106,2.3089716,0.556308,-2.2246525,-6.443811,-9.565262,-5.0522304,-3.4781501,-7.384569,-10.1995,-9.776541,-8.127271,-8.14499,-5.936747,-3.0563724,-2.0193174,-1.6404653,-2.216799,-1.9879601,-2.1414752,-3.9140058,-4.9384484,-2.4292824,0.17095494,6.6959004,8.374224,7.9426537,8.0732155,7.030539,5.6802645,5.5301023,6.314962,6.864277,6.472563,3.788202,2.9101963,4.7711935,5.0646944,4.144488,2.924489,0.8729789,1.3456848,2.7369034,2.8474274,2.9603374,2.872554,2.4539294,0.7951429,-1.4775958,-3.170216,-0.66011554,3.3589365,6.434846,8.1731825,8.169418,6.741666,4.882273,3.826885,3.6022186,7.9439135,8.772592,8.292466,6.424334,3.4926972,1.3251804,0.6155752,-0.42845136,-1.9456137,-2.1181467,1.1534116,4.888387,5.567575,4.7509766,0.9774018,-0.93748474,1.3321941,0.6890917,-2.3840342,-2.970816,-5.8072643,-9.800793,-11.623372,-10.223515,-8.337578,-7.2111373,-4.482935,-2.9073973,-3.9704208,-6.6028824,-9.867623,-11.817726,-4.862818,-1.2348909,-4.7967176,-4.1079097,-5.8810844,-9.713891,-10.433011,-8.823326,-8.871443,-9.538365,-6.1028934,-5.7881875,-7.7304363,-8.946426,-16.632044,-16.865133,-7.6001997,1.1334575,0.1159714,-9.989275,-8.457934,-8.334501,-7.705139,-12.33802,-16.014204,-16.424091,-12.295116,-11.930375,-12.114281,-13.35396,-21.640703,-32.168816,-26.263584,-22.413387,-16.409758,-13.5232115,-8.4139595,-10.849462,-23.592484,-28.810385,-23.962038,-19.632984,-21.933777,-23.895561,-24.7888,-23.677366,-23.710777,-24.433037,-19.712698,-18.842642,-22.964985,-22.568628,-11.12118,-3.0303824,-6.2532606,-9.233641,-7.4924316,-5.5701203,4.8090014,8.73967,8.464211,6.7296,6.453874,6.6017365,4.974119,1.6262708,-5.5375385,-16.10598,-13.1166,-9.100167,-8.630901,-10.6328535,-14.407563,-15.304099,-14.102949,-13.686214,-11.911427,-10.939692,-15.517252,-19.499657,-17.648842,-16.856901,-18.90869,-17.793175,-15.92639,-16.060051,-14.449243,-11.822678,-5.1374865,-4.8393283,-5.5712786,-6.760587,-7.755534,-9.281909,-10.88724,-12.463607,-18.771614,-20.619371,-20.222132,-18.78036,-18.590343,-15.501966,-15.1425085,-14.011969,-6.056407,-7.2872744,-14.071254,-19.094463,-24.961407,-30.992786,-31.373287,-30.73798,-33.09312,-28.935345,-26.959002,-23.739552,-18.82383,-21.242134,-22.938545,-26.638166,-23.375118,-10.449477,-9.189235,-12.431203,-13.10857,-13.696766,-15.017194,-16.775251,-17.8208,-16.783886,-16.111519,-9.921713,-4.0877485,-8.018772,-20.372326,-15.404433,-12.89607,-14.672594,-14.338518,-11.074615,-15.385382,-7.535407,-8.99591,-13.551657,-6.353322,-4.6843057,-0.18525608,3.2600408,2.9555976,1.3336947,-1.9300972,-9.103902,-11.817213,-13.172766,-13.139759,-9.611666,-4.7278085,-6.5160522,-15.261066,-16.258244,-17.938955,-19.738588,-15.835981,-6.7126536,-6.2486362,-8.487566,-10.29338,-14.681795,-18.022442,-18.731354,-15.726538,-14.025141,-7.0472426,-8.282087,-15.548924,-16.48966,-16.01575,-17.865055,-17.815126,-17.985146,-24.909672,-22.009613,-21.184542,-22.669685,-21.98497,-19.835762,-21.738739,-27.03331,-20.5216,-14.952235,-7.027714,-8.776563,-15.340203,-13.910137,-13.481826,-15.25721,-17.384108,-18.444912,-15.594253,-14.713211,-16.70689,-19.703152,-18.189558,-16.402822,-17.581318,-19.700706,-14.960964,-5.595359,-5.653343,-15.528057,-16.898825,-17.679249,-17.780954,-21.489803,-23.416904,-20.851654,-20.092705,-20.96019,-22.360977,-17.269747,-15.747976,-17.282856,-17.340652,-12.971403,-8.173906,-8.059509,-11.519474,-13.452789,-17.39209,-18.97554,-16.914696,-15.625895,-11.441929,-10.585605,-4.590968,-2.0869923,-4.683281,-10.4174,-14.411059,-14.630142,-15.268897,-9.554408,-9.631807,-15.1448,-17.539768,-1.666767,12.093449,13.374928,5.735899,-4.1866384,-5.261194,-0.05594057,0.46221673,1.8674734,5.1576233,6.3686843,4.39215,2.293448,4.794177,4.0019803,2.407114,-4.281099,-0.34370965,10.255093,17.633476,18.289711,15.957641,17.454477,19.434015,20.656395,21.18418,17.704151,5.5589395,1.4288818,-0.13138008,-2.8680942,-2.3657818,1.8097956,1.7525582,2.0684652,0.23324814,-0.031644896,0.8803381,3.0327983,3.3440745,3.479268,12.746754,16.632933,15.275,11.800577,5.396046,3.3370261,2.9422567,-6.658256,-5.393502,-5.99752,-4.921707,-1.326384,-0.31863585,-2.270725,-8.397611,-7.9030414,-6.6012287,-0.925414,-0.76051915,-1.9562593,-3.9089046,-2.731409,-1.0185368,2.7376962,3.3289475,1.0528744,-0.4038689,-0.7019565,-0.20480417,1.4818442,-0.14589798,-5.8244915,-1.8156204,5.707397,7.2682295,6.2099433,0.15402286,-12.7976885,-4.230044,5.450895,7.8176694,6.8334365,4.638608,-1.1910658,-9.372855,-6.7716694,-5.698294,-7.2290335,-8.653345,-14.445299,-14.066713,-9.881674,-9.616257,-9.848557,-10.727347,-2.942706,3.420591,3.288195,1.2985672,0.5233715,1.5034895,2.0434258,1.9575224,1.966768,1.4247756,-1.4095854,0.06333704,6.1718965,7.044712,6.833854,4.9854474,-1.8367397,-6.368396,0.037674155,3.0110302,1.6125853,-1.1230333,-1.9440764,-2.308113,-1.5801024,-2.303466,-4.5235877,-5.2942095,-4.718663,-4.2610207,-3.7745247,-3.714295,-4.213843,-5.1018996,-5.0241165,-4.035978,-2.72994,-0.83279467,1.0728426,3.1447508,4.0926757,4.4125752,4.387759,3.4400537,1.6462536,0.40296334,1.4245552,5.2162986,4.2545753,3.535155,4.146631,5.3425,6.9543066,7.8847446,7.7094216,6.404813,5.831579,5.3814216,5.1590734,4.316827,2.0263412,-0.78834355,-2.3852684,-2.6955044,-2.6016161,-4.114969,-2.7674236,-1.9243436,-2.3799593,0.3058079,4.0452247,5.8113766,6.2998433,5.172134,3.3216138,0.5787181,-3.2176232,-5.6375656,-1.8034981,8.478199,9.056833,7.699228,7.8324027,6.8586297,4.793198,1.7062893,6.110151,9.910902,10.959744,11.778072,10.858007,9.19758,8.198129,5.7044783,2.4943779,2.4688683,3.3976636,4.231798,4.0138965,2.4050913,0.57786477,-1.4331775,1.8631544,4.4016705,0.9900272,-1.3038795,-4.1849737,-5.857058,-10.207014,-7.9528437,1.4378455,1.8759043,-2.2565572,-10.010748,-11.102676,-0.78197515,5.398012,6.8173914,7.406307,7.3303275,8.050343,10.121432,11.557874,12.721958,14.122936,13.790774,14.214941,14.672239,14.965422,14.909843,14.28105,14.386087,16.170965,15.497654,13.483141,11.581047,11.462975,10.484379,7.4062943,9.38531,12.721098,11.38306,6.1973405,2.9000566,7.051365,17.17291,20.004465,17.91597,12.80051,4.0428953,-0.5061297,-2.5323274,-1.1684604,-3.722541,-0.73701704,-1.2216247,-0.055927463,-0.26957577,-3.5385027,-8.699025,-8.634015,-1.3055812,-0.01194259,-1.4553735,-1.8496549,-1.3872503,-4.0187645,-7.08559,-1.5318818
-17.532694,-20.83681,-29.098034,-29.244509,-32.389618,-31.434965,-32.662632,-30.36629,-30.722752,-29.183266,-28.36955,-29.758358,-32.08581,-30.41005,-22.475582,-18.17794,-15.97869,-21.06778,-27.044025,-27.096493,-31.329203,-32.492367,-34.520096,-35.90547,-29.419865,-27.269594,-30.339096,-33.64517,-34.013885,-24.884098,-7.237766,-4.1625485,-7.033865,-16.661627,-21.940233,-23.385908,-25.977505,-28.398447,-31.7822,-29.59729,-29.70123,-29.727938,-27.934397,-25.826187,-26.066523,-28.672619,-22.257828,-10.980091,-6.404436,-5.568178,-11.833887,-14.548145,-17.369122,-18.759115,-19.329706,-19.134768,-20.721924,-25.508783,-26.42874,-25.888636,-24.441113,-21.890295,-23.186838,-24.93992,-20.966835,-15.994531,-9.254759,-10.717312,-24.143585,-29.185661,-26.127071,-27.340855,-29.303837,-29.758278,-18.542091,-14.266318,-20.428032,-26.39842,-28.779793,-27.006802,-24.414188,-18.302404,-21.990063,-12.240748,-10.790153,-20.48294,-20.188677,-18.476551,-28.07968,-31.50469,-10.889265,2.0781066,5.268738,5.234185,-2.9080205,-13.230856,-9.87619,-11.588556,-10.110475,-4.681535,1.6733717,-2.2883227,-9.298463,-13.897805,-13.29156,-7.064292,-9.206566,-16.365824,-14.84527,-12.515975,-17.204786,-20.154022,-19.10076,-20.563324,-19.791014,-18.99607,-21.487715,-13.379251,-9.794552,-12.628156,-17.087135,-21.87442,-20.814518,-19.597967,-19.816225,-23.990095,-24.023952,-25.38409,-28.03059,-25.265453,-21.513954,-25.520947,-26.255463,-23.268568,-14.337043,-10.200367,-15.904321,-22.033579,-23.201431,-29.28148,-26.480465,-25.627747,-30.41014,-31.404428,-33.747986,-31.746256,-24.590971,-18.546543,-16.004002,-16.23247,-19.789165,-16.120811,-9.907675,-13.721363,-19.582464,-24.47401,-22.400019,-26.914085,-29.187714,-27.235992,-29.65623,-33.59469,-30.621616,-29.549862,-27.699984,-20.142143,-19.326069,-24.852877,-16.725277,-14.831027,-19.1164,-23.848753,-28.34406,-28.331053,-30.095652,-28.011417,-27.149239,-27.486305,-23.229946,-10.853152,-9.693151,-14.120024,-9.282831,-14.475404,-24.303665,-18.270287,-18.884613,-14.218168,-13.416053,-12.985864,-12.7415905,-16.807478,-12.987107,-2.168595,2.929925,-0.018429995,-3.2059286,-9.646246,-13.468094,-15.369855,-12.550949,-11.334175,-7.3450475,-8.721306,-11.544499,-11.506607,-13.180929,-18.151834,-27.646729,-20.78536,-18.595787,-18.990368,-18.763992,-18.683126,-15.231184,-17.339502,-4.7323766,-0.15659976,0.9723341,3.7335138,4.0300508,2.4485211,1.0333418,8.395794,8.080838,2.7573762,4.3012266,10.036108,10.33486,9.647585,10.31107,9.863697,9.560225,10.815183,9.89416,7.9065294,5.5700474,3.2623315,1.3151425,-1.585816,-1.5753638,-1.6736114,4.685997,3.3943062,-2.8194687,-8.996666,-8.919806,-12.444208,-14.658224,-9.041782,-6.864332,-10.638928,-8.456622,-4.943969,-5.222743,-0.8558762,0.5551172,-3.3421597,-9.916571,-12.575025,-13.860326,-14.038294,-12.319109,-12.065302,-13.508815,-15.114255,-12.624336,-8.24428,-1.857482,-2.6791158,-7.046007,-9.484293,-7.0096087,-8.252835,-11.149227,-16.40411,-18.04488,-14.849973,-13.773061,-15.570655,-18.387428,-20.19599,-20.368305,-18.389944,-17.975561,-18.59157,-21.346737,-14.929805,-4.63887,-3.9759157,-11.493329,-13.416145,-15.771413,-18.71365,-16.624416,-19.591553,-18.811192,-20.53928,-17.902908,-18.547728,-21.294899,-17.747242,-15.746516,-16.58515,-17.27082,-17.021212,-23.08113,-18.6979,-17.140415,-20.035723,-19.638716,-20.676062,-21.960337,-22.470968,-21.605541,-20.212078,-21.337215,-23.447504,-25.394926,-23.969954,-22.689821,-16.990154,-15.709954,-12.221614,-15.9670725,-20.347387,-21.08815,-19.937515,-18.64053,-17.060497,-16.984505,-17.606293,-17.153677,-18.012926,-17.873705,-16.967197,-14.723559,-11.501724,-9.940794,-2.6159308,-2.7800198,-11.729098,-15.426996,-16.165071,-16.798584,-14.806386,-13.215541,-15.684867,-18.027664,-19.250574,-21.351734,-16.41576,-17.1804,-16.958357,-16.310293,-17.133656,-8.264695,-7.011829,-12.38159,-12.74395,-15.807372,-12.784834,-15.085664,-12.898409,-16.820423,-15.323161,-15.47304,-18.245352,-16.42916,-13.391918,-13.843993,-17.920084,-14.351541,-9.652062,-13.153277,-21.131002,-7.558265,-5.5771465,-12.1528,-17.663074,-17.852062,-16.5403,-13.149118,-16.169086,-20.735857,-15.201479,-10.086088,-4.7184954,0.40754822,1.2448394,0.7832593,-1.1253542,-3.7970936,-6.1794176,-7.177287,-6.762078,-7.919934,-8.2590885,-8.593861,-10.157109,-12.028813,-12.524375,-8.612367,-6.9161186,-8.483184,-8.067036,-7.1466446,-7.0593066,-8.043557,-9.692615,-7.837129,-2.6149914,6.557768,9.783401,6.98776,3.6388586,-2.044396,-6.788518,-11.122032,-7.398896,-3.6410618,-2.3557734,-3.3731544,-5.2432036,-5.8723,-7.435871,-8.031184,-6.821415,-5.94063,-1.2394823,2.4421577,-1.0931847,-9.346578,-8.989538,-13.246342,-14.918242,-14.351667,-13.353672,-11.758509,-8.64651,-8.2219925,-5.2300267,-0.63289475,-3.18505,-9.3419285,-13.77975,-14.137983,-15.335016,-15.717852,-15.247594,-15.876994,1.2729609,7.0405865,4.2788177,0.100769565,-3.374283,-8.919644,-3.7246704,-0.17391366,-1.8927944,-13.826105,-14.376906,-15.401602,-13.724777,-12.360561,-13.260838,-15.224125,-9.337791,-7.0249295,-8.96446,-13.641649,-12.798184,-13.596048,-11.299276,-11.48902,-20.806194,-22.388798,-13.359785,-12.461482,-17.551632,-19.932833,-18.450449,-22.135046,-15.296162,-13.692213,-17.848915,-21.274277,-18.360987,-16.877863,-15.749078,-16.561928,-17.579948,-10.443673,-5.027032,-7.686634,-9.694878,-15.701865,-15.877439,-15.533958,-14.562243,-18.081146,-16.911179,-14.760541,-2.2586977,0.4083499,2.7253773,-0.9845731,-6.374724,-9.0577545,-12.643701,-8.740114,-6.674593,-6.446092,-3.3020523,-9.813252,-18.904125,-19.809183,-16.504412,-14.120758,-15.582012,-10.069626,-13.201033,-12.761764,-3.8051867,0.05181981,3.4262216,3.0872025,3.026662,-1.0217404,-6.2529635,-5.104835,4.7814984,8.434801,4.601749,-7.454726,-8.445149,-9.712574,-10.201857,-12.250744,-16.129305,-13.831868,-10.042647,-10.218467,-10.707454,-11.100603,-16.228134,-11.867471,-14.282526,-15.149481,-12.479358,-14.761077,-17.379189,-17.599815,-14.319092,-12.199665,-14.605445,-11.601299,-12.049895,-13.067581,-9.287994,-3.7747858,-7.2403426,-7.83828,-8.122083,-13.79961,-11.134044,-13.541855,-20.143654,-18.24598,-19.857687,-18.375126,-17.739756,-15.59976,-15.233531,-15.825543,-19.436241,-17.89864,-13.270079,-13.313923,-9.346986,-9.866401,-12.995283,-16.919294,-16.151787,-12.683527,-14.393005,-13.925634,-5.692254,-2.6014729,-7.2060957,-12.697634,-14.952873,-19.388391,-16.748491,-14.9584675,-10.044527,-4.3602476,-2.5553265,-3.0066779,-13.268055,-24.514252,-19.05333,-17.480457,-16.016289,-17.718403,-15.026664,-14.503242,-15.768835,-19.787422,-21.346996,-21.703705,-9.453919,-7.726481,-7.305681,-4.207384,-7.35763,-11.902684,-17.066715,-16.707865,-15.063154,-12.945446,-11.756809,-9.423121,-10.186226,-16.995373,-18.676792,-13.932628,-17.068157,-15.719795,-5.4324045,-2.1893003,-5.7963514,-13.822254,-16.322197,-16.12483,-12.288031,-13.484304,-13.218391,-11.649661,-12.023384,-10.065649,-1.3978796,3.3408608,3.6233325,4.771465,5.5881214,-0.20052858,-0.45172125,-4.877544,-10.766734,-9.020399,-10.175904,-12.830746,-18.939308,-14.183628,-0.14147937,2.2469225,-2.643988,0.99110246,0.76286864,-0.63006246,-1.0067698,-1.8089201,0.78657746,0.81822467,-1.7149053,-4.1351233,-11.88607,-9.982822,-10.483769,-0.7325333,6.192217,5.6140747,4.6077137,3.265058,-3.328187,-3.6622624,-5.1839457,-6.965171,-5.145151,-8.375055,-3.202554,-5.3987913,-7.427683,-12.723598,-12.623735,-12.0756235,-12.791286,-11.35496,-16.698597,-12.809257,-10.299021,-18.27808,-18.665054,-15.398307,-12.601519,-16.353056,-11.612778,-7.5839734,-5.972138,-11.99638,-20.903355,-20.305481,-20.379717,-19.753828,-16.325773,-17.4567,-19.721087,-24.9318,-18.308048,-17.11993,-18.402355,-15.751587,-14.541517,-12.949982,-3.4822807,-4.0399413,-14.93308,-13.093022,-15.597073,-17.783318,-17.135166,-16.148293,-15.3331375,-13.574862,-9.269165,-6.076009,-12.202205,-12.884798,-17.915035,-16.68692,-13.077219,-5.489464,-5.0302677,-14.32516,-16.165335,-16.581783,-15.148481,-18.494484,-22.85445,-24.460548,-17.892172,-14.204803,-12.248985,-10.084955,-10.740275,-15.02359,-18.85949,-14.168025,-0.44186968,-0.29493174,-8.779684,-10.39065,-12.763158,-19.00906,-24.694498,-22.089329,-21.856613,-23.147999,-14.251863,-9.555343,-11.343974,-15.693373,-11.048407,-14.659699,-15.204211,-8.23827,-6.84352,-12.433863,-8.596125,-8.027936,-8.623407,-10.476628,-9.987442,-8.111959,-9.818959,-13.978088,-10.080315,-7.5324197,-8.634516,-13.562661,-18.798851,-5.0240393,-0.6117728,-0.09584401,0.06017659,-0.34874934,-1.5371649,-3.0766618,-3.8021379,-3.9472222,-4.297501,-4.889673,-5.0550404,-4.880825,-5.868525,-8.478672,-14.491711,-13.255023,-3.3741245,-2.6552792,-7.513709,-12.287334,-15.409678,-9.819519,-6.525919,-8.575919,-10.061961,-13.611611,-13.475166,-13.627005,-15.228091,-19.668324,-22.377632,-25.162344,-27.747646,-18.74097,-8.354256,-8.554546,-15.309956,-20.012472,-23.45258,-21.465752,-19.9291,-20.492174,-24.770561,-25.327473,-23.550537,-24.69233,-24.517357,-20.14821,-22.92697,-28.365164,-20.236183,-13.362034,-9.424959,-12.448226,-22.201025,-27.738455,-14.264034,-5.6343966,-4.6788936,-10.475464,-19.23102,-19.021494,-12.090256,-10.251173,-15.329817,-21.113068,-24.74469,-19.617079,-13.367756,-10.0275345,-16.071926,-24.037285,-25.904442,-23.826134,-21.931297,-20.86258,-23.607407,-28.020496,-31.889809,-28.839775,-25.433773,-23.685764,-21.803234,-23.115376,-25.500645,-17.199282,-13.564774,-9.795218,-12.0313,-17.322979,-16.60639,-17.317219,-23.538128,-20.906334,-19.09036,-21.776457,-22.758648,-25.958908,-25.178377,-28.806908,-27.39092,-21.738195,-17.769178,-7.0874577,-7.6371045,-20.3718,-26.580294,-26.72842,-31.509617,-35.073914,-32.128326,-30.36292,-28.65755,-32.374138,-27.687292,-20.151205,-21.538586,-28.207254,-36.71762,-23.914595,-13.662851,-16.785645,-28.436796,-28.621016,-29.154387,-35.12921,-32.821434,-37.104774,-37.382248,-16.327726,-8.376493,-6.666362,-11.086198,-18.746365,-23.514542,-22.794752,-21.918396,-14.5734415,-13.168703,-20.28248,-12.332057,-11.889953,-9.865082,-5.654145,-1.7878319,-2.045273,-2.9969952,-8.670001,-13.948192,-12.509079,-12.5054455,-15.154888,-14.447973,-6.716233,-2.8570237,-1.508235,-6.624461,-14.913721,-13.443977,-18.998674,-22.657074,-18.695702,-8.221478,-3.1000147,-6.4643707,-12.195191,-16.780708,-14.904623,-19.490911,-24.13099,-16.084194,-7.9717536,-10.068797,-16.770023,-17.230755,-16.585442,-18.262117,-20.98427,-22.476223,-27.266232,-26.038162,-24.59977,-27.44689,-27.414207,-25.481049,-30.334108,-26.196087,-24.593943,-19.4421,-8.7214775,-8.13727,-16.93209,-24.593414,-26.941963,-24.476028,-24.686703,-24.881973,-20.058365,-18.014965,-23.22111,-25.656403,-29.077175,-26.696358,-24.700684,-26.874954,-18.647125,-10.108265,-9.085551,-13.79901,-29.796522,-25.749128,-25.941692,-27.18981,-30.674103,-27.184914,-23.9188,-26.829855,-26.3902,-26.27597,-25.784653,-23.682274,-20.590034,-11.170799,-8.484533,-9.562708,-11.237471,-13.673901,-15.829161,-14.915522,-13.832048,-17.1655,-15.883771,-11.37391,-14.602394,-20.162106,-13.409047,-14.399193,-21.306307,-24.83946,-17.401604,-9.460098,-10.080753,-15.701918,-23.822426,-7.936037,1.2368654,-0.02035517,-8.52356,-11.636765,-10.156489,-5.7197123,-3.4407685,5.170297,6.429492,1.878178,-2.8039873,-4.432414,8.500271,13.79777,13.619538,7.8426256,5.8184333,13.722759,13.4713545,3.660831,-0.4912984,0.616458,1.4262134,6.639233,11.395659,8.932831,0.5869808,-6.3511558,-3.2339575,-0.4469532,-5.749984,-7.6124268,-6.4340916,-6.763171,-4.5397415,-7.9095497,-10.096559,-7.433104,-9.879787,-4.129827,5.645484,7.1224813,0.46725464,-6.9864154,-10.234518,-4.2959166,-4.7192006,-15.673471,-15.111609,-12.45366,-10.061998,-13.45338,-5.007031,-5.199003,-8.700744,-10.634366,-10.602469,-12.111979,-13.778322,-12.242712,-13.225713,-14.605492,-15.39724,-10.959652,-13.560051,-21.52528,-20.827785,-20.620533,-18.89645,-12.87104,-14.690972,-17.410343,-9.620947,-6.8336306,-13.200713,-6.8545055,-7.752383,-20.586357,-10.056379,-1.9482968,-3.645121,-7.513399,-8.948036,-8.397851,-14.399587,-13.155316,-14.834084,-16.35585,-15.918467,-18.694317,-19.039171,-21.151413,-19.862879,-21.851463,-17.416983,-12.820587,-11.359934,-18.55376,-21.45337,-20.753208,-17.41837,-19.602007,-20.867702,-20.897913,-19.548355,-14.569597,-7.9131136,-7.6789894,-16.998083,-15.059733,-8.316089,-12.060641,-10.879464,-2.267423,-3.9351952,-7.8901596,-16.495949,-16.342928,-17.929653,-16.877445,-16.68069,-17.825705,-17.348322,-17.75417,-17.800354,-17.87199,-19.55206,-21.419445,-22.87136,-20.913715,-13.211907,-8.454613,-12.63083,-14.85526,-15.000269,-14.620614,-14.568719,-13.499108,-14.111851,-15.213905,-15.120691,-7.559992,-7.6709867,-15.626339,-23.1495,-24.308392,-15.67687,-7.9791374,-6.259451,-6.800766,-7.082964,-11.454979,-15.102893,-15.109371,-14.106821,-16.497036,-19.676445,-21.510288,-21.436289,-19.343414,-22.72176,-18.303751,-17.49839,-21.311958,-16.325745,-11.149725,-12.167926,-13.964572,-16.294842,-17.249748,-19.41811,-22.91005,-20.25217,-8.806445,1.0339196,2.0554943,-4.1100264,-10.827588,-14.178942,-13.906477,-8.510479,0.7649915,1.3424134,-5.1008444,-6.291099,-6.1022797,-4.083249,1.6222705,6.4678097,8.276957,6.2528915,0.5530387,-7.799321,-11.144446,-14.213271,-13.405786,1.9474269,7.663532,8.753978,7.222691,1.6131635,-8.370198,-6.7757344,-4.984207,3.2264807,8.309701,7.9818993,5.7367725,-0.30737218,-6.708231,-1.570672,-2.4403043,-13.192749,-16.786005,-18.552073,-13.791277,-8.051339,-5.7035584,0.4001413,-0.0835561,-7.0690923,-7.182082,-4.7307224,-0.34913003,0.7625911,-0.53702784,-0.6029042,-0.22373879,-3.327166,-5.4274993,-9.99869,-6.936848,-9.176062,-13.792071,-11.804519,-11.930652,-10.393692,-7.88557,-14.340772,0.056062303,11.069725,12.827389,7.705162,-2.3695781,-2.594941,-2.738284,-6.521715,-10.694561,-13.541697,-8.370347,-5.842432,-7.2544813,-7.0604486,-12.817568,-16.820194,-12.365733,-7.622547,-7.7524633,-8.989984,-8.5856285,-9.216763,-13.756855,-19.278133,-4.1850085
-8.021574,-7.034331,-10.64143,-15.210215,-17.63474,-15.014389,-13.251896,-14.529959,-16.804396,-15.210118,-12.106058,-11.710548,-13.869704,-16.61549,-11.014517,-8.63255,-7.8773346,-10.113237,-10.25317,-8.650721,-7.4520063,-9.6105175,-8.850779,-6.1671014,-3.5321689,-1.6264651,-2.3755229,-3.5917375,-3.969386,-4.6801577,-2.7782085,-0.40567213,1.5370007,-4.1342907,-10.924154,-12.169964,-10.568337,-11.118797,-13.8906765,-18.119446,-13.325609,-10.90699,-13.430244,-11.357355,-6.9064455,-7.952551,-10.674658,-8.724705,-6.586125,-4.725926,-9.3956,-11.003366,-12.40176,-9.76798,-6.5380898,-7.0774536,-11.450305,-12.113629,-11.497708,-13.324383,-20.700531,-24.290714,-17.708471,-13.671219,-13.53778,-9.510097,-8.973544,-11.958417,-11.033697,-11.594163,-12.902945,-10.979221,-8.90627,-7.573431,-2.8143857,0.5842261,-0.49543646,-1.4794495,-1.2091634,-2.8165612,-8.355635,-11.166571,-9.496174,-9.149484,-5.0186777,-8.744115,-13.528925,-13.173826,-14.336544,-15.882896,-10.048292,0.44719446,4.5384445,2.1208696,-4.349708,-13.877506,-17.90779,-17.02114,-17.313515,-9.571489,-0.35089716,0.758422,-0.9017465,-0.9362957,1.5138065,1.2491056,-4.4312506,-12.446131,-11.813133,-11.178941,-6.345152,-6.3366036,-8.845631,-14.148879,-11.08243,-7.4382524,-7.7908683,-10.096844,-13.1832485,-10.5052805,-12.972546,-8.533181,-2.544154,-2.279865,-5.8493423,-7.3317432,-4.193267,-3.3598292,-4.3031254,-4.4331098,-3.526238,-2.4494238,-2.4653223,-1.964154,0.62251675,0.26786825,-1.0276232,-0.8990776,-0.24467841,-0.50160134,-1.8885468,-2.990571,-3.0712805,-3.1302528,-3.273177,-4.016194,-5.218487,-6.5003624,-7.1827726,-8.468483,-10.867741,-7.8271194,-6.2603164,-10.6607,-10.826586,-10.1202965,-9.532242,-13.912072,-23.302736,-17.39349,-16.684462,-20.444836,-17.843464,-16.069925,-16.870548,-16.402508,-12.402907,-13.759123,-13.975984,-8.288578,-8.989205,-12.47952,-11.026733,-12.136125,-18.553108,-18.372711,-15.303343,-18.14905,-17.236603,-9.28205,-8.728358,-9.931877,-9.031822,-10.522087,-18.44067,-15.177847,-11.6211405,-12.311334,-12.523608,-9.34722,-8.741165,-6.0748057,-6.5657973,-10.906185,-15.072986,-14.645796,-9.284057,-9.266855,-11.8282795,-8.742216,-7.245084,-11.219597,-9.528602,-5.386102,-8.137249,-6.482468,-0.4954272,-0.2442011,-1.6992662,-4.1297255,-7.424653,-9.853094,-7.386822,-4.328237,-2.6160913,-3.2161734,-2.0410798,4.561019,2.3619275,8.061034,15.033075,15.612072,14.318771,14.267473,13.500108,8.510684,2.0726194,2.84207,4.4469004,4.629801,3.3273056,3.342745,5.877664,4.702893,2.4152448,1.6035185,1.8018408,3.67878,1.6526872,1.7068905,-2.5064576,-2.9185474,7.3153343,9.726482,5.2493615,-5.574008,-7.1285157,-5.693022,-4.66917,-6.1183715,-5.7661266,-7.12676,-4.3029485,-3.004325,-3.7663724,5.416293,10.749939,8.026495,-0.5240805,-5.73962,-2.7271209,5.274048,7.3286753,4.410842,-1.3094808,2.7807164,5.710757,6.565573,2.830697,-4.7077775,-2.3170886,-0.5680082,-5.4175167,-6.437483,-4.318968,-6.292679,-10.689269,-8.853239,-9.101693,-10.975988,-9.60777,-6.333204,-7.034095,-9.314906,-8.10373,-8.475602,-12.052328,-12.674391,-6.202564,-8.094937,-14.026228,-19.64582,-14.089252,-14.218126,-15.679239,-16.717064,-17.9397,-18.16776,-18.763655,-18.47893,-20.132265,-19.415367,-9.503599,-10.165773,-15.986151,-13.633899,-17.171856,-17.329933,-18.9458,-21.653492,-20.539885,-23.131748,-23.765852,-23.627388,-24.07606,-21.65493,-23.359367,-23.097475,-24.788261,-23.02247,-21.60039,-16.079754,-10.661688,-8.205243,-12.981549,-19.319416,-19.254086,-20.628633,-22.34953,-25.782068,-22.956566,-19.722437,-19.030653,-16.865208,-15.955198,-16.72253,-17.994013,-20.709303,-17.845285,-3.6710925,-3.0877452,-11.844694,-18.478302,-16.774054,-15.318852,-15.930619,-15.55477,-17.628496,-23.062124,-19.282461,-17.853662,-17.183058,-17.360437,-18.684809,-21.139835,-17.632965,-8.027736,-9.5555,-13.075737,-14.60532,-19.344841,-21.64172,-18.538015,-18.148453,-18.62848,-16.655895,-13.427186,-11.936089,-11.739567,-12.015004,-11.19465,-10.593323,-5.7339773,-2.8612063,-7.5411406,-7.6662264,-5.6910253,-1.5194843,-4.1940084,-6.6786914,-6.935445,-5.077592,-4.5244846,-2.7617188,8.917089,13.898082,14.278645,16.892948,20.387077,21.112442,18.144018,15.248554,15.34046,14.499216,11.148524,8.26213,9.851292,11.648943,11.919948,8.595989,7.3609405,11.2854,9.321205,6.5497994,11.1057,13.082441,13.80604,14.151623,14.079565,11.084114,7.0555544,14.362683,19.038593,18.988955,12.968649,13.629753,8.865774,11.00295,15.830494,17.14055,20.715845,22.558825,21.664421,17.62768,11.484068,15.10984,14.884176,11.35602,12.218181,14.746751,16.395565,11.625056,3.3455226,5.712356,6.252251,1.4154904,-1.3951946,6.695564,9.033199,6.4386663,2.8906512,4.56327,2.418099,-1.6931702,3.0714104,3.760408,1.1944408,-1.7142808,-3.2145696,-7.223548,-9.647526,-5.746977,0.37502643,5.616618,7.6839967,6.1804476,1.5122852,-1.6585281,-0.38774145,-2.379188,-6.2747154,-8.130659,-14.7500725,-6.733429,-1.333441,-2.810825,-3.5620546,-2.5208511,-2.2751474,-3.7376852,-4.5633564,-4.915002,-4.9348993,-5.861127,-7.891826,-7.7733717,-5.4373555,-3.9357138,-5.6265545,-8.152778,-10.102788,-8.800828,-10.550396,-13.286243,-13.025636,-14.526558,-15.676818,-16.614677,-15.513372,-12.61483,-12.684783,-11.81889,-8.669668,-8.449461,-9.194532,-10.9904,-13.161534,-16.232235,-15.605308,-15.599531,-14.17289,-12.624893,-12.573862,-1.2987826,4.5373807,2.9121127,4.003645,8.673641,7.057946,-0.111713275,-1.5803851,-2.1616955,3.7416472,4.870218,-2.257804,-2.4783204,-0.76557434,-0.49361014,-3.1168702,1.3686347,3.6213114,2.6299212,1.4073391,6.6947703,12.304075,16.006035,16.089666,11.224919,7.189346,1.2219908,0.46746802,-0.1279164,2.7330568,2.604517,0.8809582,-2.1680732,0.49481797,-0.68692994,-5.8921237,-2.6216192,-1.1183457,-7.6476994,-9.442248,-1.4749489,-3.02816,-5.276274,-5.937542,-6.5611506,-8.536673,-9.228937,-8.452729,-12.156097,-13.913002,-10.515919,-9.9989805,-8.555267,-13.501149,-20.14312,-15.360525,-10.995339,-7.290165,-6.2839456,-9.339626,-17.985266,-12.077143,-12.0817375,-9.934062,-7.085996,-4.659362,-4.925275,-6.991112,-9.123995,-7.7755766,-11.813922,-20.847643,-15.348375,-14.0319,-9.2776575,-8.566322,-10.418477,-6.8144126,-8.05541,-11.123614,-11.689713,-11.227847,-10.64618,-11.623455,-14.840938,-17.269012,-13.254293,-12.916547,-14.633899,-15.4319515,-11.534931,-10.452333,-6.861992,-7.1185107,-7.5709,-10.684686,-9.1251135,-5.076875,-5.0200934,-6.7665143,-2.1812067,0.7342162,-1.3097996,-7.456335,-12.540875,-11.480082,-9.492278,-10.060093,-3.2607648,-1.3370488,-2.7077749,-2.5664103,-1.3141538,-1.9497288,-2.908934,-5.347712,-6.908679,-7.9191217,-8.3939705,-8.186239,-4.0848475,-1.9662304,-2.4352174,-4.447623,-5.8493752,-6.5227604,-9.167906,-10.933667,-14.142534,-19.285309,-17.81467,-14.339821,-9.77083,-3.3216853,-1.5161381,-3.9151506,-0.8031324,-1.9981712,3.074111,8.704016,9.242798,8.112183,4.2760797,-3.6506593,-1.6879182,-0.3103189,-0.448124,-1.5485175,-1.9438671,-3.7678912,-3.1957147,-1.7902086,-0.3182729,2.78999,-2.5234075,-4.784064,-4.4499044,-2.8404782,-5.5658107,-9.900394,-7.2958813,-6.0354624,-8.557285,-12.155712,-19.198954,-16.457191,-11.766362,-7.513653,-0.7619405,2.2231932,0.4991652,-3.8964238,-12.563383,-13.756083,-12.574171,-13.252792,-11.860799,-11.02018,-2.7696958,-2.647462,-6.6342287,-13.265097,-19.451,-24.122105,-17.683578,-16.556591,-20.026178,-21.52927,-22.33157,-28.6251,-26.645359,-19.32782,-16.17657,-20.68087,-17.261845,-7.49992,-6.613743,-10.778265,-10.86556,-10.503805,-11.960907,-12.203463,-14.109406,-13.718947,-14.1503315,-14.915092,-13.40253,-12.47836,-11.61379,-11.3195715,-11.196097,-9.273719,-9.397882,-7.5826592,-8.876446,-13.437464,-14.961043,-13.752938,-15.086919,-15.810218,-18.119198,-19.481209,-16.533693,-14.496659,-14.857,-14.606712,-16.997799,-16.78637,-11.5468235,-9.288517,-10.653379,-11.079475,-16.621637,-20.241009,-13.469751,-15.188297,-20.324306,-19.912226,-19.636793,-20.090034,-21.15021,-20.709656,-19.059624,-22.843258,-24.13321,-16.081749,-1.4893079,0.29109952,-7.742728,-21.13777,-18.308994,-15.715006,-15.50596,-22.939098,-21.707981,-24.370724,-22.477982,-14.859154,-13.470913,-13.048276,-17.9642,-24.492273,-12.0685425,-5.1831064,-6.6061363,-10.7668495,-10.918875,-12.7004385,-15.047908,-19.673635,-19.644718,-16.365114,-16.193157,-17.491518,-16.224888,-13.891661,-15.3681555,-21.505917,-23.569458,-8.793232,-7.471113,-6.358958,-3.8400612,-4.0579376,-5.5064816,-8.743123,-9.919664,-10.185237,-10.049065,-8.063141,-6.686734,-4.770223,-3.9441342,-8.352536,-11.46638,-10.511444,-0.6137771,0.51949996,-0.46924484,-0.90415484,-0.99303305,-0.5675615,-3.8672507,-2.1680346,0.4705635,1.5921354,3.4915187,3.8466477,3.9355085,3.5069644,1.9317093,-0.66174436,-2.2249057,-5.4385185,-3.9199412,2.1316388,2.729664,0.38186324,-5.8807416,-6.6076164,-1.8033241,-1.176681,-4.53563,-8.674556,-5.287795,-1.2538524,-2.309284,-7.38508,-14.9389305,-10.268725,-9.856426,-9.1629925,-10.566455,-10.24404,-10.514114,-12.197002,-13.2259865,-9.370697,-8.246018,-10.828961,-16.860157,-17.165,-11.439303,-8.614852,-9.095251,-9.617031,-8.739299,-11.298431,-10.449872,-5.838096,-8.764791,-8.076569,-7.7289205,-12.705744,-16.656397,-17.9796,-16.496887,-17.622547,-14.474556,-13.5360565,-18.47823,-22.639534,-14.645729,-9.265465,-7.076087,-4.77838,-6.1342373,-11.000795,-7.6608615,-6.414208,-6.0195055,-6.120963,-6.0369296,-2.3841324,0.3523078,1.0609835,-2.1026208,-7.02656,-6.0670347,-7.9166436,-14.413557,-12.494978,-12.862458,-4.2277875,-2.5181804,-8.307751,-5.623374,-3.710415,-3.4836369,-5.0531363,-5.750322,-5.074813,-4.7258554,-5.7743907,-9.185955,-11.717604,-10.85203,-11.945379,-14.527989,-15.818771,-11.409365,-8.351572,-10.234215,-9.374157,-11.186714,-14.486009,-12.836864,-9.272143,-7.703612,-5.7572126,0.97685325,3.4125037,0.20515129,-8.879364,-7.139177,-11.545354,-15.058312,-7.686958,-7.4944806,-9.8022995,-6.272644,-4.9685507,-1.7863662,3.5085177,1.911617,-4.171106,-5.8435636,-6.284032,-9.685401,-7.7375317,-9.816514,-7.17742,-3.3979316,-4.1600275,-3.2895157,-4.132884,-3.7725708,-2.9937434,-1.4994645,-3.222319,-5.924935,-10.453801,-4.4056187,-0.75828725,3.950292,1.5728724,-4.4381757,-8.26511,-6.101386,-6.9033,-7.1778955,-2.9390333,-0.12743229,-4.743543,-9.7492,-7.8410773,-4.139966,-4.773959,-7.7282076,-8.375684,-5.448333,-4.2839537,-5.982427,-12.278654,-14.853273,-16.843103,-18.211926,-16.390776,-10.7892475,-8.114864,-7.9458404,-6.57624,-4.229694,-2.7389553,-2.855338,-3.2735636,-3.3411636,-5.468698,-7.027381,-5.1453357,-3.6621964,-4.414571,-5.5411987,-8.98823,-14.700519,-10.032146,-5.610185,-6.5409474,-9.338836,-8.304971,-6.531846,-6.3923225,-6.3816404,-6.0815725,-5.988374,-6.839724,-6.929677,-9.1084,-15.061912,-16.05812,-9.797662,-9.328073,-9.346366,-4.758355,-7.6623936,-10.627365,-9.567069,-10.199629,-7.23822,-11.120314,-12.265688,-9.142622,-6.631493,-6.62023,-8.190937,-8.113667,-13.919402,-15.723274,-16.281786,-16.147358,-6.1699524,-5.550102,-10.829425,-12.725263,-13.59956,-10.492774,-13.483681,-16.598633,-13.352456,-9.957334,-10.206284,-6.976879,-0.38204855,-0.5143093,-9.854136,-9.916275,3.740653,14.888553,18.65279,20.143978,16.518589,9.726662,13.369333,11.452009,2.8225014,1.6486334,2.880069,1.44354,-1.873919,-4.9740286,-3.3483038,0.118615486,0.11980221,-3.7411835,-1.897812,-2.9634585,-3.722695,-4.5719237,-8.551676,-2.5463035,-4.6554112,-8.753031,-8.49155,-5.571516,-2.0353384,-2.821045,-6.3024263,-5.6279273,-7.29253,-10.0984,-9.329349,-5.6919413,-5.78907,-7.6954126,-7.8706303,-7.4572916,-10.95799,-9.828354,-8.909691,-8.056772,-9.979738,-11.625322,-13.541731,-14.635359,-11.349407,-12.201861,-9.666026,-6.769604,-5.251656,-12.770737,-21.191732,-19.94931,-17.367474,-16.4683,-17.843636,-15.261568,-13.775427,-11.847576,-9.538758,-7.3226223,-5.2556744,-4.880921,-4.670621,-5.621483,-6.8348255,-8.051528,-11.352836,-8.481459,-3.492224,-3.2374043,-3.731876,-3.4100108,-2.773361,-2.9472647,-3.0413594,-3.8954859,-4.922067,-5.5307508,-6.311598,-7.477731,-1.3535714,0.6594468,-0.54206336,-1.6639923,-1.4381304,-1.3153532,-1.9543164,-2.7985253,-3.403988,-5.4542074,-8.127306,-9.164083,-4.197237,-2.4745972,-2.4327896,-3.8530679,-5.225628,-4.312397,-3.4384573,-6.97854,-3.8558612,-1.1027242,-0.9003501,-1.9186499,-4.6430497,-8.304176,-14.354113,-11.045908,-6.040959,-3.942118,-3.07487,-3.2384424,-4.253197,-6.37408,-8.715079,-8.03073,-4.0198936,-8.45059,-14.232229,-11.14214,-7.892139,-6.9064693,-7.138307,-7.807664,-9.020448,-11.216614,-13.412662,-11.986857,-10.951462,-8.789138,-7.5036535,-5.946601,-5.161786,-7.0991287,-9.417043,-4.07899,-4.80782,-6.258211,-6.699903,-6.210019,-5.077255,-5.2900457,-5.3429327,-4.4632907,-3.5470912,-2.7590199,-3.5781028,-4.272304,-4.3988605,-2.224755,1.39534,1.051332,0.717165,-0.017621852,-1.0785745,-2.49186,-4.1706448,-4.924225,-4.4452066,-1.9792447,-0.64125896,0.6797251,-0.31387246,-0.2500327,-0.49820152,-0.41514075,-1.2633783,-4.592376,-4.2796044,0.30671057,5.974824,5.5202036,3.1308918,8.502292,9.773129,10.844446,8.1263895,-2.8832831,-7.79801,-7.067204,-2.3798213,5.2762203,5.7399864,4.5042324,9.824272,9.58671,3.1969013,0.17160693,4.468802,9.475595,7.4627867,4.8439116,9.031223,9.763583,3.8473487,2.2221906,4.520828,5.5741,5.1081133,1.943977,0.34012136,1.5936389,0.62021446,0.43928176,1.307578,-0.7438353,0.67302436,0.36864015,0.80221283,1.1264515,-2.7821712,-5.9318323,-10.490247,-9.441587,-12.904968,-15.128382,-6.8888545,-3.8372698,-3.3796108,-4.8880415,-6.342688,-4.502035,-4.2523513,-1.6183804,-0.9535101,-0.02213055,2.9175358,5.501084,0.6289388,-1.0885947,6.0077186,7.3823123,6.2740793,4.260886,1.9199767,-0.03918145,-2.265746,-5.44801,-4.8873467,-1.8480455,1.1254604,2.4156735,4.003752,5.3416758,5.2940297,4.5869317,4.8411255,4.6821613,3.8731418
-2.975918,-4.629065,-10.76465,-15.108583,-17.961084,-14.300886,-10.684995,-12.427633,-17.457645,-12.344624,-9.080592,-8.598384,-10.520659,-12.508081,-6.252242,-4.5789623,-4.84149,-4.653037,-4.7561936,-3.2614102,-2.3244617,-6.095848,-5.1658745,-0.7075143,1.2581978,2.6233017,2.6554873,1.775778,0.4167062,-0.83675444,-0.9107077,2.1479475,3.583255,-0.6028156,-4.6118965,-8.903464,-7.8267937,-5.89287,-10.0934105,-12.867528,-8.162288,-7.208863,-7.965933,-5.3387685,-1.4614005,-0.81718594,-2.5561028,-5.0177455,-6.7217493,-8.694759,-7.425825,-6.6837115,-8.804899,-3.951456,0.66077685,0.56653,-3.3238592,-7.4072742,-7.931977,-8.280667,-11.432522,-11.088821,-8.684902,-7.24852,-7.575526,-6.387824,-4.2997184,-7.137518,-5.9395695,-7.88665,-9.419436,-4.4814563,-3.0616305,-2.6857817,0.92210376,4.571809,3.8978548,3.0567458,4.0630713,3.0824554,-1.8654292,-7.5488143,-5.689816,-4.027459,-2.9645739,-3.4425993,-6.3828807,-8.19053,-8.782534,-9.278873,-6.6852818,-4.910402,-2.5158026,-4.906065,-8.345986,-19.574892,-19.723999,-18.270828,-19.416698,-9.514152,-3.677813,-6.027971,-3.1153364,-1.0354462,-1.3525915,-4.080051,-12.89542,-12.664414,-7.9425707,-4.9603977,-4.1814384,-1.6016154,-1.757322,0.14259213,-2.1018822,-2.1281466,-2.0624554,-2.7310886,-6.3051457,-3.8530593,-4.6706347,-0.1910285,2.372673,1.4191532,-1.9817756,-0.3455755,1.3770795,1.7568411,0.4347837,0.15203017,0.8199611,0.896068,1.8597064,1.974258,5.215765,4.822447,3.4869046,3.2221243,4.4763627,3.5128336,2.6328692,2.824205,1.7383952,0.24693182,1.7953001,0.8685703,-0.7508218,-1.7301191,-2.7741718,-5.2262683,-6.7904277,-3.701874,-4.3998723,-5.7142057,-6.4009657,-4.9822364,-2.4844196,-5.646182,-10.562581,-9.386534,-11.628645,-12.297117,-10.565676,-10.363533,-11.677372,-8.732995,-6.580557,-8.716753,-10.041104,-6.3214655,-3.4989572,-7.421404,-5.707203,-6.3573194,-11.827735,-12.347747,-9.726837,-14.0983,-13.530059,0.4940917,5.037285,5.348764,7.025769,5.5106425,-0.3780767,-6.1078796,-10.0083275,-7.599194,-5.0264792,-2.1751716,-2.935472,-2.607781,-1.0029356,-3.6897373,-7.2043056,-9.224721,-7.3939757,-6.1130104,-7.527704,-0.9234723,0.19762519,-6.7189074,-4.9980183,1.3561962,-1.5538323,-0.8755714,3.463716,4.990439,6.346878,0.82949823,-2.6148195,-4.748299,-2.9456544,1.195754,1.957743,2.4010017,2.6810834,0.29844856,-1.407246,3.8336327,10.645294,10.479659,9.194688,3.7409117,2.7657816,5.4141865,1.7265885,-0.44947308,-3.5670397,2.7464347,3.620725,0.31314754,-4.0645328,-5.1557426,-3.5616102,-0.93301296,-2.6667297,-0.26744968,3.8650515,2.57343,-4.435273,-2.485721,2.8573587,4.2922115,7.0407195,5.8201942,7.060732,5.6020474,7.011573,5.4718075,4.3089795,2.080494,-3.9531777,-5.742149,1.7249024,6.591979,7.903351,10.362004,9.600941,7.4132724,8.816698,8.969308,9.261586,6.485121,4.0956516,4.9692197,7.724531,6.543111,5.1606293,-0.4138729,1.3425574,1.4716083,-4.524855,-1.830215,-0.7484254,-3.3182411,-4.1916103,-6.284787,-7.2627163,-7.965961,-8.128525,-3.915197,-5.259278,-5.533307,-6.9155283,-8.96093,-14.209589,-17.136713,-11.529028,-9.251077,-13.543123,-15.703649,-16.130415,-12.239193,-12.414471,-19.027811,-15.456027,-19.21368,-23.166216,-18.0998,-17.968529,-15.06916,-7.6032114,-9.394339,-14.421435,-10.472263,-9.85497,-11.811236,-15.211969,-17.110123,-19.574335,-20.114527,-21.662178,-23.702505,-21.483505,-19.546106,-23.718416,-24.16754,-20.550528,-15.890457,-17.386042,-14.525042,-10.176801,-9.540082,-17.150572,-18.035973,-16.618439,-14.711666,-14.903449,-16.202665,-12.980261,-9.791386,-9.834691,-11.913834,-11.614738,-9.857455,-8.874342,-10.271357,-13.858984,-6.54669,-5.948033,-11.720383,-17.506176,-14.0664215,-9.643663,-9.243076,-10.840116,-13.950101,-20.531406,-16.186901,-12.634578,-10.035984,-8.798344,-8.97802,-10.4799,-11.769051,-5.973152,-7.2150617,-9.063824,-8.675593,-13.495211,-15.230242,-10.449396,-11.167879,-15.73576,-12.661758,-9.091532,-7.9309425,-7.701204,-6.767749,-6.3984833,-6.203017,-2.7677069,0.21967576,-2.8724418,-2.4229007,-1.6050129,-1.3633078,-2.2506633,-0.5825459,-0.4790813,-0.45529708,2.491354,14.551068,22.21734,24.407349,23.131706,21.240866,19.788206,21.305317,19.4881,14.863197,15.6983,18.708069,17.319145,14.893317,15.173878,13.103871,14.186187,9.204378,10.767688,15.8557415,14.24911,9.889235,11.970376,13.154429,13.637482,13.64292,14.962328,15.526071,13.575801,14.571204,15.164936,13.958321,14.365506,20.713064,21.505526,22.598438,24.427488,24.298626,24.377125,23.83884,24.64468,23.425282,19.165546,18.075483,18.048094,13.710861,15.942968,13.995008,17.2917,15.470566,10.246653,11.804924,10.404501,8.790052,6.215431,9.938546,11.82435,8.868785,7.4900703,10.179516,6.015146,-0.48664626,4.760274,5.774674,2.6761892,0.63226247,-2.1764145,-8.676048,-4.9166555,-3.1815698,-0.9305235,-1.9962015,-0.7552749,0.2453351,2.266722,0.43625188,-4.2444,-4.5842037,-6.6470776,-8.779859,-5.842719,-1.7635701,0.9122716,1.5415728,1.4608872,2.3633215,2.4229054,1.753336,0.9873731,-0.011653175,-0.8713097,-2.0666275,-2.4524355,-4.235045,-1.3753415,0.07907339,-0.9456812,-3.2922955,-4.730859,-4.9336643,-8.399977,-12.012642,-8.941352,-12.289215,-10.255877,-10.442953,-10.49691,-8.708064,-7.3122044,-9.194332,-8.828684,-6.6093073,-5.8697443,-6.559767,-9.022166,-10.001497,-9.615407,-12.673901,-9.297162,-5.39145,-2.239507,1.5552077,6.9809966,7.1512594,5.4711385,7.2468443,8.217974,6.58875,3.9570556,6.723649,12.481021,8.073582,-4.357761,0.8771335,2.4904497,1.7661102,-0.3353706,4.748584,7.4297895,4.3310814,4.1622443,6.129163,6.236401,10.44182,13.120129,9.332829,3.8109531,-1.4675497,-0.40081236,-3.1822186,2.6845632,4.62703,5.5005307,4.20164,1.5885015,3.1642518,-2.7784789,-1.5751736,0.24574852,-5.576842,-4.2121487,-1.0997417,-2.5120034,-1.0508581,-2.0853045,-2.2079859,-4.048382,-5.227506,-8.199562,-10.098431,-7.4068613,-7.926261,-9.139477,-4.9354854,-8.512024,-6.877584,-9.348246,-8.702877,-5.4514794,-5.617781,-7.7232857,-10.847208,-6.7463512,-6.878405,-3.8837233,-0.3431866,0.34667298,0.07453781,-1.5052583,-2.502148,-2.655795,-6.681835,-9.801076,-7.644696,-8.087153,-4.936402,-4.5469956,-11.361235,-10.651492,-5.9238124,-5.914624,-6.989882,-5.912418,-5.2399774,-6.7199736,-9.755885,-12.538628,-12.396759,-12.121311,-11.299663,-10.288467,-9.192596,-5.5997524,-1.9535515,-1.8254178,-3.70712,-7.373867,-3.9588614,0.4908617,1.2340217,0.683897,2.9481099,4.826288,2.9793353,-2.2945712,-8.148922,-10.953871,-6.2189503,-4.2606735,0.3017577,3.6381755,2.957677,2.9221094,3.0372858,2.1985638,1.0669639,-1.0565622,-3.5260587,-5.0122356,-5.0218134,-3.5660317,0.3603499,2.1007338,1.8371007,0.3799231,-1.0796771,-2.3336015,-4.754628,-10.210678,-11.674648,-14.088051,-15.947868,-10.458766,-5.7979493,-1.4812653,-1.9312596,-5.0139484,-1.7938318,0.45982087,-1.028327,2.3092916,3.4727623,3.465188,2.4032445,-0.06864565,3.1170497,3.6517751,3.0552008,2.552051,1.5413167,0.6006161,0.9224726,2.255679,3.274178,2.81642,-0.26838717,-1.1384132,-0.86323845,-1.2025815,-2.98761,-7.094758,-7.4989834,-5.873265,-11.992269,-13.649809,-11.40974,-8.96963,-8.596556,-11.221758,-10.898275,-10.508891,-13.658213,-15.312081,-15.084436,-14.294474,-11.342819,-9.96889,-11.023177,-12.070971,-4.556905,-6.9779854,-13.767826,-12.271285,-12.946999,-13.429754,-11.815506,-12.783241,-13.151094,-14.734769,-14.579811,-15.627895,-16.345633,-15.623714,-15.025615,-15.483749,-7.392641,-2.7948003,-3.2622805,-4.9473896,-4.1607,-3.8577447,-4.113505,-5.703256,-6.999741,-6.962427,-6.8344536,-6.9583864,-6.455619,-5.5680895,-5.0205736,-4.652623,-4.861169,-4.129028,-2.935363,-3.5342665,-6.6371956,-7.071869,-8.423098,-8.558064,-9.216379,-10.10557,-12.458464,-12.2092905,-12.804573,-12.960512,-11.031374,-9.772395,-10.045842,-10.753112,-12.260195,-11.125785,-7.733844,-8.444489,-10.233345,-12.138815,-11.652335,-11.814422,-13.09847,-14.06006,-13.309076,-13.875935,-14.186295,-13.454499,-13.904761,-13.982148,-13.764097,-9.73419,-2.2949173,-5.009298,-12.619194,-16.601921,-15.143405,-13.131546,-13.027599,-17.79773,-17.710548,-16.823061,-15.870802,-19.688929,-17.989857,-17.031845,-17.09142,-18.96234,-14.969949,-9.843816,-6.0001874,-7.1123133,-8.555703,-8.870694,-9.538137,-10.133694,-9.841296,-9.352696,-9.121405,-9.200763,-9.014227,-8.696364,-8.881017,-8.845833,-8.340634,-5.4159284,-7.529833,-15.949785,-20.140278,-20.666523,-22.18003,-28.081821,-28.922298,-26.739017,-26.884,-17.325058,-14.374438,-13.155361,-12.031231,-6.898937,-6.57804,-4.33849,1.1146144,4.5915117,6.280862,4.255401,2.9766676,1.8344535,-0.43127155,0.7002049,2.5290203,3.704684,2.1252694,0.6446847,3.6605048,4.96749,4.1504574,2.2151241,1.5142715,-0.17322099,1.8285192,4.093881,3.9657319,2.9166498,-1.8316667,-2.32915,1.5220935,1.7327858,-2.6347222,-8.876418,-3.3082697,1.5823629,0.33741093,-4.770602,-7.888546,-6.9492874,-4.8823633,-5.2396207,-11.022387,-7.613334,-6.001572,-6.5992794,-7.433348,-4.2119555,-3.6855307,-7.8887587,-14.965086,-12.290434,-7.4373913,-5.2149897,-4.5317125,-2.924313,-2.167141,-5.8742046,-5.7348394,-1.7149155,-4.8893595,-4.0133314,-2.811546,-5.506608,-8.067225,-8.570724,-7.3032813,-8.316611,-8.745634,-9.182843,-14.08669,-16.357357,-11.805333,-4.613468,-1.6155909,-0.5950235,-3.8029094,-9.80883,-4.290415,-0.87588143,-0.77487797,-3.4068413,-1.2859635,4.424314,5.2539773,4.0762434,1.7917488,0.09573907,-0.23931101,-3.3436284,-7.997943,-7.1433268,-10.126432,-2.9500473,-2.505385,-5.012188,-1.0355569,0.7945583,0.52280056,-0.4544543,-0.00020838705,0.24341814,-0.724841,-1.2702615,-3.0125473,-6.4920526,-7.856971,-6.2505727,-8.018292,-11.493942,-11.791256,-5.789756,-3.723453,-2.6758323,-4.210996,-9.8898325,-7.5512004,-4.427348,-3.4037414,-1.4442215,-0.19469993,2.3132524,3.6464238,-3.0872223,-2.928843,-5.769756,-14.027624,-11.729035,-8.496059,-7.1940203,-0.2742194,5.4705057,5.12916,1.4180276,-3.7601087,-2.6288385,-6.3525133,-2.8869722,-0.75766987,0.5253693,-3.153975,-3.5688913,-1.8268437,-3.660369,-3.4646883,-0.48180822,0.74908763,3.0773711,1.9978132,0.09828921,-1.392098,-4.405067,-3.7691739,1.2009126,6.1300464,5.2575006,-1.853283,-7.6219554,-4.4548798,-3.6350262,-0.7374271,1.1553452,1.7489042,-1.1408737,-6.657831,-4.6195946,-1.5138214,-0.4819618,-0.86710787,-2.3557708,-2.5262272,0.26662198,0.07573461,-3.5277038,-8.4411545,-12.706403,-12.431269,-10.295939,-4.2275486,-3.107668,-6.4998455,-1.4154531,0.8167532,1.7507583,2.6149619,3.083716,2.8014162,-0.23532622,-4.066023,0.12530293,1.0108145,0.3051579,-0.59608996,-4.0191083,-9.028202,-4.1258554,-5.981131,-12.052106,-5.896037,-2.7986507,-2.5431516,-2.3705845,-1.3548107,-0.6230898,-0.5369971,-2.3291137,-4.277133,-6.2287197,-12.194487,-9.524312,-4.2534633,-3.4179282,-8.881157,-1.8613446,1.023163,-2.0709932,-2.9564905,-1.2038007,-2.14455,-9.182137,-8.190413,-3.9330616,-5.5013084,-9.590654,-12.853747,-8.946828,-12.361803,-14.803471,-10.49677,-10.910158,-4.3345876,-2.7290413,-6.4236784,-8.522726,-10.477548,-7.4565387,-9.678868,-14.704548,-10.2623825,-4.887933,-4.9518647,-2.918023,-4.9787087,-3.6036897,-5.48049,-5.51645,9.758426,13.528075,6.9008107,13.289389,17.875149,16.579327,12.101873,1.9495883,4.562706,5.8068223,5.100621,1.0435805,1.0538006,3.6551886,-0.30557376,2.413548,4.1304655,2.050051,0.20251393,-6.079052,-4.1295033,-0.28016272,-5.674206,-4.825502,-5.5529814,-7.627196,-9.054869,-5.363511,-2.0796413,-2.823215,-2.0418568,-4.2969456,-7.386257,-3.773432,-5.2000065,-4.581079,-1.8585349,-1.6983497,-2.0130525,-0.62951416,-3.54315,-3.0960238,-2.8138013,-3.279673,-6.055875,-6.50899,-8.935577,-10.197323,-7.2812433,-6.251734,-4.8371964,-5.435973,-7.6002417,-11.861834,-17.02246,-20.645983,-14.869692,-13.2052145,-13.486585,-12.358572,-9.540147,-6.0487356,-3.2126412,-2.2171595,-0.5705004,0.110646084,0.1662732,-0.87477475,-2.0958562,-1.3563241,-2.8275366,-1.348393,1.3315903,1.5567516,1.5938348,1.8943923,2.0777612,1.8460346,1.9028909,1.3260548,0.43916708,-0.23819435,-1.074293,-1.7054937,2.6235435,4.8847184,3.6809344,2.6079397,3.3317041,3.142823,2.631711,2.0260277,0.9798533,-1.0688038,-3.8015773,-6.575342,-1.526028,1.4170104,1.4748584,0.71433663,-0.7654573,-2.5761435,-6.1687107,-2.1959062,2.4984913,4.7030215,5.004697,4.1672397,1.7768846,-1.3888099,-4.762773,-3.2580576,0.24238764,2.1688051,2.770367,2.4931827,1.4520354,-0.62591195,-3.5389166,-4.403574,-1.3192993,-4.8625665,-12.39398,-6.357127,-2.1901658,-0.88901055,-1.3550477,-1.9469786,-3.05514,-5.9779077,-11.681961,-12.161188,-7.793433,-4.3075476,-2.3821273,-1.0514715,-0.8269974,-3.6251192,-2.7994466,0.11672947,0.64521396,0.06324571,-0.118740216,0.26670912,0.6134059,0.2937117,-0.5958236,0.2627704,1.348947,1.4080427,1.4377321,1.2788444,0.66503763,2.3098142,5.012988,5.5324326,5.645773,4.5842752,3.4975383,1.820084,-0.8175215,-2.5177007,-3.3519979,-0.26861793,3.0704846,4.994546,4.8148327,4.123043,3.6597185,3.8524415,2.294247,-1.4251167,0.52328014,5.6231046,7.994426,4.363716,-6.403825,-4.167651,0.22327214,2.4206405,3.374934,4.952465,3.816946,2.025188,4.6202574,0.7903891,-5.584053,-2.1192071,5.9013968,6.5709524,3.181868,0.89090526,7.146389,8.181697,5.4292603,6.187685,9.583614,11.5254545,7.586705,7.2678833,7.4887514,8.308281,8.136159,5.6971593,4.7855396,3.7249687,1.7251443,2.4626222,4.763044,3.3928583,2.537644,-3.415632,-10.4851055,-0.35787082,0.8131505,-1.8503605,-5.6114154,-5.487424,-6.892701,-13.06601,-9.367861,-1.1408174,0.3816745,-2.5587916,-3.487847,-0.41194648,0.3438619,2.876656,3.3422372,3.631578,5.438981,8.459132,5.7889886,2.387939,9.771727,12.873323,11.951052,10.092012,7.7483616,6.176701,4.394673,1.4928038,1.9835289,5.2811666,8.223006,9.13685,9.769894,10.855584,11.535506,11.318331,10.521406,10.070902,9.87774
-9.774501,-14.850196,-22.194511,-23.165482,-23.265467,-27.431784,-23.9138,-23.770638,-23.995321,-23.532269,-23.457836,-23.744144,-24.556467,-22.866917,-10.563036,-9.248409,-13.973378,-16.518816,-17.035807,-15.063261,-12.504806,-14.004187,-13.758318,-11.675552,-11.662946,-10.782223,-9.766379,-10.343274,-13.143505,-15.603949,-13.285664,-7.5525575,-6.4950247,-12.326788,-13.640043,-20.897125,-18.335142,-15.129694,-16.853235,-19.038208,-18.68071,-20.516315,-19.3856,-15.527287,-11.306297,-8.911598,-10.163719,-13.899394,-12.754585,-9.14037,-11.621065,-17.00252,-24.280937,-12.861904,-7.2969556,-7.3313723,-10.885693,-18.400356,-21.816765,-17.458132,-16.271168,-14.487351,-14.170102,-16.439636,-18.169933,-12.031721,-4.8143153,-8.015746,-14.318,-18.455954,-17.940498,-13.080986,-13.8915,-15.930829,-9.551704,-5.6402035,-9.607717,-10.815339,-7.4121227,-6.039627,-8.809729,-21.724758,-14.387731,-11.76592,-11.597644,-12.147168,-15.255221,-18.759062,-19.938608,-19.820229,-14.876791,-6.3447638,-1.7928104,-0.050978094,-6.1472173,-15.483228,-14.433823,-15.009184,-18.268208,-11.225041,-4.367495,-8.536586,-12.3040495,-12.867687,-15.675702,-18.649185,-20.097355,-15.852364,-14.146851,-10.348709,-7.246609,-0.17501175,2.4271736,2.536266,-0.24230877,-6.0324163,-10.602283,-7.954473,-9.274199,-3.0925813,-1.1072092,-3.3070898,-7.222705,-7.3845377,-4.6303663,-4.348565,-2.9297032,-1.3816357,-4.66309,-10.321068,-11.182889,-11.106329,-7.8769093,-8.324185,-0.029451216,-0.2698537,-5.175908,-6.264606,-5.5553865,-9.675978,-9.6107025,-7.587611,-9.209579,-10.72448,-8.554812,-11.494733,-14.61547,-14.071146,-14.215756,-16.438435,-17.871761,-14.435368,-14.048742,-12.49292,-12.074307,-12.116069,-9.625686,-10.303391,-13.653292,-12.714502,-14.215513,-10.995575,-12.909937,-18.015173,-19.299345,-15.6158905,-14.607201,-14.869839,-6.6656666,-3.9886389,-6.663973,-13.954607,-14.973258,-15.088985,-16.284248,-15.311408,-15.146924,-22.269468,-12.727032,1.5137619,4.881683,3.5929618,6.0484023,8.300269,10.163242,6.054262,-0.5162793,-3.526249,-2.9963877,-2.4096131,-4.8275657,-4.384475,-1.596317,-4.4013577,-6.0482674,-7.6565223,-4.704424,-3.933548,-5.1616883,-5.324431,-3.4453294,-6.571208,-6.5277014,-2.7615764,-4.433358,-4.654542,-2.9125772,1.3190877,4.8342075,4.75457,4.805601,4.7210937,3.3931913,1.9827952,2.5907323,6.455288,6.8391232,-0.39698386,-3.3923182,-2.3339753,-2.4538474,-3.1220362,-1.2201853,-2.4574668,-2.6296968,3.3780787,3.1522753,-5.0484943,-10.160142,-7.368941,-5.621235,-5.861077,-11.413816,-9.730957,-7.4952087,-8.523454,-8.574132,-3.020928,-3.5746732,-8.679152,-8.492342,-7.8542576,-3.2170799,-3.0078504,1.5006778,7.8321466,9.49399,7.438312,5.5024233,1.6206092,0.7151162,0.07810787,-6.515524,-6.215015,-3.0557308,3.664692,3.4559705,3.207427,9.380231,11.521016,9.432624,1.3206909,-5.3884215,-4.1286135,-0.42897338,-2.4106872,-0.64518565,-0.32569683,0.77053756,-2.5168552,-1.9515989,-2.0246053,-10.751184,-5.1796455,-5.8595,-10.842356,-7.1718287,-8.380959,-8.148619,-7.32693,-8.433472,-8.7729225,-7.6862435,-7.813282,-8.679909,-10.950017,-19.920696,-19.502853,-15.801793,-12.970385,-15.435535,-16.797626,-20.562954,-19.638054,-15.905176,-18.2323,-15.827413,-21.076887,-20.286247,-20.494215,-18.071894,-17.367216,-11.856216,-13.847314,-18.175291,-11.916369,-12.123339,-15.966963,-20.962856,-21.12336,-22.17646,-20.837782,-21.814688,-23.152424,-21.846947,-21.735168,-23.253578,-22.318724,-20.889233,-19.878641,-22.134182,-20.136862,-11.935826,-11.7065,-18.088482,-24.07223,-25.263254,-21.515043,-20.84934,-19.186043,-16.419556,-14.448304,-15.606615,-21.451195,-23.787653,-18.589647,-15.405594,-13.962974,-13.430142,-5.7389126,-6.7455835,-19.434265,-25.324001,-24.066254,-18.34283,-17.785927,-21.597015,-21.172943,-23.361378,-26.22918,-22.498133,-17.685257,-15.213301,-15.397602,-14.840289,-16.16551,-9.652428,-8.726828,-15.428233,-16.845379,-18.423111,-18.677061,-16.780607,-18.192337,-22.603369,-22.451792,-21.435383,-21.040394,-21.052155,-18.593403,-19.030506,-20.221676,-8.954047,-3.1526074,-8.771635,-12.0993595,-13.45972,-15.150575,-13.731214,-9.710506,-10.7377615,-10.902139,6.073716,18.655888,22.269583,19.697474,15.606424,10.405663,4.275447,3.3112235,7.2321444,6.774293,6.430338,11.959223,19.618605,23.15487,19.522387,10.888134,10.069565,8.419215,6.013108,7.4204307,8.039906,5.2000046,-0.16119175,-2.48136,-1.9864482,-3.1173751,0.62493616,6.96888,7.1966906,-0.89828795,-4.8785257,-0.62854177,9.533508,15.169779,18.804857,21.103018,18.512148,14.646885,11.527111,4.067534,11.3187685,15.664934,13.978701,7.20504,8.657938,8.538926,7.7857237,6.2414703,7.922495,5.2814126,2.0508542,3.7908518,1.7366325,5.286891,2.0691323,-1.206173,0.06298191,-1.7988882,2.5639226,4.4373684,0.6373355,-5.026775,-8.146271,-8.096676,-5.265976,-5.5600777,-9.214577,-11.241499,-7.3176866,-6.163522,-10.557579,-12.167795,-10.010562,-13.5950775,-10.92462,-7.2756667,-9.879685,-10.93217,-13.625355,-13.36184,-8.276893,-8.355772,-11.506877,-10.251886,-11.12088,-10.21924,-10.3098545,-9.756562,-10.4391365,-12.927943,-12.843518,-12.4738655,-12.044021,-9.025496,-7.3059874,-12.577635,-13.18315,-15.729185,-16.071383,-16.69008,-19.299137,-19.759699,-13.955549,-16.614796,-18.409372,-19.712774,-19.814655,-20.379463,-15.077984,-18.501528,-16.010386,-10.5409155,-15.057918,-18.278152,-22.139292,-19.61836,-18.809378,-20.612574,-16.905514,-13.731185,-2.2437973,7.8276024,12.081579,13.15957,6.5461154,-2.5693395,2.8221517,11.507555,12.522301,12.957544,13.787119,9.542992,0.58778936,-3.2877529,-0.27715555,-0.21993572,-0.2678084,-0.30502364,0.9676312,1.8534706,2.0867746,-2.4750705,-8.847531,-3.0824816,-1.0500474,6.6099076,8.959201,2.6628482,-3.1485696,-3.5385594,-2.5350418,5.451877,10.102682,10.492741,3.1109633,-0.8554317,-2.0051513,-6.514049,-3.9969487,-0.90492696,-0.16069882,0.3443794,-8.249564,-5.8128757,-4.624501,-6.6015034,-8.860291,-9.103898,-11.58593,-10.959093,-8.649176,-9.670714,-10.883507,-9.403941,-6.364252,-3.5670948,-6.468609,-8.834956,-8.639307,-11.0488615,-9.506666,-12.995483,-13.482751,-14.301996,-12.535247,-8.899721,-10.607948,-10.85657,-11.270723,-11.63001,-10.633373,-12.763419,-14.176397,-13.638033,-18.385975,-9.549957,-7.837732,-9.347959,-13.010876,-10.335089,-8.576442,-9.547032,-12.252874,-14.076815,-16.123604,-19.30011,-17.386368,-14.856711,-14.914682,-12.043098,-9.905604,-8.509497,-9.300113,-10.812993,-10.060816,-11.880322,-13.614043,-10.907557,-8.555789,-8.708907,-9.023131,-8.385365,-7.5555973,-9.022776,-13.186531,-16.289883,-18.807737,-15.50742,-13.899212,-10.511026,-5.5216236,-5.799951,-6.585159,-9.605409,-11.982735,-12.826266,-14.635567,-18.980156,-20.452936,-19.210531,-14.064447,-10.583587,-11.502996,-11.594211,-12.495836,-14.207139,-10.578651,-7.4379735,-9.855777,-13.354166,-13.21033,-3.9827359,3.0587354,5.3454742,5.4470615,-0.33106148,-3.5913124,-2.606277,-1.1317222,-3.496777,-1.1830239,-1.7895561,-3.0550017,-4.129203,3.234823,5.3465934,3.6882472,-0.45939115,-4.32998,-7.4280553,-7.3789396,-9.172278,-6.205241,4.155454,11.148032,12.07918,10.070295,5.9164524,-1.2049686,0.12804942,-0.96408075,-0.9409798,3.8671913,5.717805,4.8360257,7.537827,8.709837,3.1219695,3.9261298,1.9810921,1.3196577,1.129849,1.7818408,1.329015,-1.4243438,0.4134779,0.3208715,-0.90669966,-1.5402967,0.13417223,-1.3946122,-3.0415335,-2.8029606,-5.360716,-3.1589875,-4.870847,-3.591792,-4.9686537,-6.5602584,-6.9170847,-7.5619454,-8.240729,-8.490134,-8.498174,-6.2639623,-4.6583233,-4.8739367,-8.127364,-9.485379,-12.279996,-11.808805,-9.999534,-10.649101,-10.998966,-10.374447,-11.972748,-11.878368,-14.208458,-13.594523,-13.215834,-11.772083,-11.616653,-8.08008,-1.6391878,-2.74507,-12.300038,-16.497871,-17.730595,-17.680885,-17.84902,-15.824142,-16.677937,-16.31131,-18.484861,-20.786083,-18.21899,-17.093761,-16.569311,-18.747536,-9.795886,-4.2435045,-2.3450065,-2.1634028,-2.0294118,-3.6208072,-5.9651413,-5.965385,-6.0054584,-7.0977125,-7.916882,-8.795083,-8.478785,-7.4741263,-7.5727215,-7.753557,-7.659916,-7.1896114,1.7149966,2.2071908,-5.9688663,-10.187091,-10.22113,-10.030532,-10.438185,-12.021442,-11.410778,-11.585988,-12.62187,-12.765675,-12.663197,-13.016552,-12.413034,-12.62401,-10.934111,-3.2968428,-0.049447723,-0.3761624,-0.24376436,-0.46748713,-1.3092924,-1.781174,-1.3821876,-0.83433896,-0.6244412,-0.55861074,-0.6132288,-0.74723965,-1.0510587,-1.1456234,-1.1374534,-2.882172,-7.418142,-9.676359,-13.389719,-16.632984,-19.63532,-24.681005,-25.01481,-23.859083,-19.195475,-13.980682,-13.1179695,-15.549794,-13.130294,-12.480446,-15.232745,-6.914894,-5.011917,-4.061949,-1.4373404,-5.0604033,-8.9667635,-12.056712,-10.863217,-11.497511,-12.451243,-10.531088,-9.928998,-13.968203,-9.61421,-7.837038,-8.045221,-9.875994,-11.191958,-10.792594,-5.795312,-6.9529457,-13.146961,-9.946512,-12.427406,-13.169993,-11.506706,-11.772233,-10.376909,-10.918266,-9.152834,-10.570469,-13.356128,-18.774101,-16.069916,-17.284199,-12.988884,-11.56703,-11.746129,-13.860958,-16.787413,-16.325195,-15.506583,-14.079352,-13.522054,-14.809448,-19.665995,-19.785015,-19.330227,-18.808674,-17.342138,-12.425024,-10.533314,-10.819845,-11.839323,-8.687885,-13.51097,-14.581403,-13.252466,-13.3014345,-14.121946,-13.154012,-12.546048,-15.191534,-18.441847,-18.979103,-18.668049,-15.806896,-15.418158,-14.640931,-13.061255,-11.792263,-13.450787,-14.610207,-13.952499,-10.33094,-10.266216,-11.645812,-4.749247,-2.7713134,-6.4088993,-10.544674,-11.136145,-9.323339,-9.806313,-10.742495,-9.677434,-11.679417,-17.518501,-8.437075,-9.240461,-12.893456,-12.207649,-11.776249,-12.941808,-13.973713,-11.40079,-11.0936165,-14.240626,-13.796741,-13.318064,-16.277489,-20.027008,-15.842042,-17.66351,-19.890205,-15.379974,-14.591497,-13.682071,-11.877603,-12.330762,-14.551286,-15.181046,-15.934423,-17.196375,-14.028599,-9.174561,-2.617251,-1.3829089,-6.018901,-12.501708,-13.4089985,-17.509153,-10.320587,-11.920078,-12.0799465,-0.007694686,3.9897516,-0.15822716,-1.793714,-3.4428759,-0.69077617,1.123768,2.6985204,2.5103698,-0.5485225,-5.282082,-10.029235,-8.890761,-9.285661,-5.881253,-1.0814283,-3.7388172,-5.3011904,-9.933596,-15.243016,-11.409849,-11.488535,-12.686601,-10.461168,-5.543312,-6.086462,-11.710849,-12.526304,-15.891581,-15.714217,-8.708381,-3.9138052,-5.605465,-10.984139,-11.727332,-12.229349,-13.329149,-12.454817,-10.119515,-12.122644,-15.4938755,-10.064102,-8.7832,-9.845039,-14.087625,-20.975304,-15.965085,-15.336188,-12.0327015,-8.023576,-9.729426,-10.031902,-10.349787,-10.608639,-8.7933235,-7.579186,-7.301716,-9.443215,-12.266607,-9.304871,-11.066391,-12.678715,-12.314652,-13.134157,-12.303506,-8.83827,-6.150504,-11.213795,-13.768501,-13.242157,-15.242023,-15.0889015,-12.115269,-11.911751,-11.5668,-13.907305,-18.139256,-17.546972,-17.680832,-17.360151,-13.161734,-10.527189,-14.338597,-4.4120374,2.9345484,1.5240326,-2.9058824,-2.4052134,-6.3181286,-8.513996,-4.616654,-1.9476879,-7.4031906,-11.407985,-14.997348,-14.250107,-17.123186,-13.724573,-10.054403,-8.797927,-10.891211,-8.754466,-12.629686,-17.784689,-14.0460205,-13.356561,-14.147678,-15.805319,-8.542049,-0.14177303,8.326932,14.215637,13.189211,7.930457,3.287047,5.123448,14.206923,13.526825,9.0282955,11.034601,12.5586815,12.176033,3.1307302,-0.39269623,2.6285052,0.39731693,1.8998418,1.2083508,-1.8043749,2.343788,2.2613258,-1.4182173,-1.7503835,-0.4097751,-2.7616575,-5.7811155,-5.631647,-3.6819456,-7.110048,-8.198181,-5.6678257,-6.154282,-6.6510296,-2.5330653,4.3857865,2.1968472,-5.1151476,-7.7265353,-0.43656284,1.4768368,-1.5159845,-0.4560089,-1.2486464,0.66307247,2.539536,1.4454391,-1.8190581,-5.238402,-6.438838,-7.3386245,-11.107336,-10.026851,-12.870945,-15.729071,-12.678722,-12.439828,-11.11537,-8.9130535,-11.83499,-12.567608,-11.767608,-13.505044,-13.046952,-14.626194,-15.20409,-15.112303,-16.845568,-13.270697,-11.481929,-13.174873,-11.624458,-10.899242,-9.51518,-5.3380804,3.7731984,6.7776213,6.033228,5.035946,-0.4541591,-8.720412,-10.326241,-10.341615,-10.481354,-10.975529,-10.487011,-10.735662,-11.175978,-12.122534,-13.006631,-11.589967,-6.2932105,-6.808891,-8.559741,-10.32736,-9.323434,-10.51391,-10.815343,-10.95672,-12.177391,-14.229802,-16.617853,-18.669283,-12.294491,-11.738019,-12.515596,-10.923843,-13.04296,-13.297138,-10.60463,-7.0872602,-4.8565154,-5.400011,-6.0118346,-6.3410926,-8.44028,-10.45285,-11.271863,-10.932122,-9.779595,-8.479965,-8.444855,-8.939346,-9.844903,-11.912795,-15.45199,-14.589327,-8.016687,-11.950546,-21.08194,-17.407642,-12.718061,-11.629886,-12.837529,-13.149719,-13.629943,-16.571968,-18.695429,-17.977125,-19.09277,-16.63738,-14.789894,-12.352876,-7.087014,-1.8803129,-1.5698206,-7.5305505,-10.783595,-10.484098,-10.160199,-9.967357,-10.686469,-11.0883255,-14.237675,-12.251367,-10.712955,-12.652239,-10.917784,-10.394011,-11.168686,-6.4372683,-6.245822,-7.8921056,-6.3980584,-8.8560095,-9.688478,-11.520223,-15.708544,-12.274652,-8.262312,-7.800638,-7.5624905,-6.924047,-7.578233,-9.545124,-10.608753,-7.32489,-5.913401,-1.1687093,4.2507052,3.8879175,-2.8762546,-8.6555395,-10.502523,-13.071767,-13.264289,-9.362956,-4.8685145,3.4733558,7.4713535,8.063093,5.725763,-3.0559726,-11.192047,-9.77524,-4.314572,0.005692216,6.4453516,7.5001388,6.039466,0.21174091,-5.47898,-6.226694,-5.049919,1.5907967,6.3270636,5.5600815,-2.543932,-7.4177246,-5.2739725,-5.751034,-6.1538982,-5.8166256,-7.9581556,-7.6754427,-4.1192713,-7.318714,-10.20532,-13.211739,-13.556889,-10.017858,-12.82762,-14.03379,-15.026821,-15.671042,-12.874599,-15.165104,-14.072814,-10.1305275,-11.020437,-9.675566,-8.050084,-9.357251,-12.441996,-9.366085,-9.442719,-8.397705,-7.721596,-1.5712713,-3.3830624,-7.620431,1.6110276,2.761277,0.44051218,-1.0977445,-3.7291572,-4.553382,-4.691946,-5.9859376,-6.766387,-3.7574477,-0.85033864,-1.1052129,-1.8795171,-0.91978395,0.9378695,1.1808468,-1.0910876,-2.0997875,0.6248088
-14.221745,-18.924633,-24.303343,-22.483263,-21.031199,-20.619974,-21.788548,-24.118713,-20.766018,-19.699951,-26.05098,-25.493326,-26.550694,-21.717838,-14.672608,-13.856009,-16.16441,-24.253977,-33.297638,-30.138092,-32.756298,-32.985813,-30.89655,-30.69668,-34.078117,-37.219627,-36.802567,-35.73029,-34.445053,-26.05113,-13.508074,-10.001797,-9.995795,-16.455101,-24.912493,-28.648233,-30.260221,-31.416052,-28.823841,-30.084156,-30.17287,-32.369522,-35.0744,-29.55679,-26.929977,-25.02597,-26.00206,-25.655586,-18.472054,-12.879875,-16.340338,-28.027317,-30.768951,-32.26678,-30.70801,-28.475504,-26.931402,-31.73079,-34.036873,-33.19973,-36.265915,-39.173767,-38.20564,-36.577538,-27.790428,-12.329924,-6.6194124,-11.993374,-20.742302,-26.680397,-29.205803,-28.624798,-34.9042,-32.00495,-16.078959,-14.709615,-26.275843,-30.692184,-29.213934,-17.98127,-18.374321,-24.073153,-17.471775,-15.57164,-14.221059,-20.057247,-26.681824,-25.991272,-31.246254,-32.547726,-18.492577,-7.267433,-1.889949,-0.40540212,-7.6079597,-11.593416,-11.67007,-14.211451,-17.882536,-12.082462,-5.9366884,-10.291433,-19.951405,-17.347977,-20.704891,-19.154058,-23.074377,-17.539213,-15.841707,-18.66257,-17.936768,-11.573443,-9.924619,-12.501894,-15.202136,-18.5337,-23.767862,-11.303247,-7.6117115,-10.601808,-13.291851,-17.394741,-20.688143,-20.122868,-19.619825,-20.645634,-15.231275,-13.351807,-17.067755,-20.279198,-22.087248,-26.167135,-25.873661,-12.994109,-5.634287,-8.627956,-18.667181,-22.326828,-25.001516,-25.301395,-24.826218,-24.195032,-25.540474,-30.843943,-31.69588,-31.47842,-26.430592,-25.697521,-25.849396,-27.541426,-20.712212,-21.020302,-18.053001,-23.497517,-26.503033,-26.088055,-24.156254,-26.354105,-32.63322,-31.029882,-27.656773,-23.916904,-20.652122,-23.355042,-24.399029,-26.836266,-28.867233,-24.636934,-7.155571,-5.149915,-13.451063,-22.439821,-22.106022,-25.582903,-26.419981,-19.688972,-22.254414,-27.709263,-16.117249,-8.535545,-6.831115,-8.343592,-10.155855,-0.9245447,6.9101667,9.9662695,9.425933,4.9348717,4.8397837,7.4228287,7.0149784,7.583051,6.389444,4.6801634,-1.7636023,-7.7346888,-6.0326715,-4.0785193,3.1353145,5.320792,7.200105,7.527794,2.7651618,-2.4456909,-6.128729,-7.8607173,-7.5069923,-5.06053,-4.321279,-3.9092264,-1.6766424,1.2941529,1.5202688,0.9864071,3.188202,6.357777,3.3302448,-1.9073405,0.11010047,-0.864726,-4.714827,-3.206563,1.7759752,1.6488873,-1.1098137,-1.3905687,4.3019934,2.0656645,-7.473401,-9.162428,-5.768533,-4.6971974,-9.317582,-5.148674,-3.5845351,-5.0235157,-8.215298,-12.5693245,-12.198551,-14.554068,-17.140251,-7.4996142,1.5715383,-0.7618365,-9.163613,-6.2888803,-5.5406513,-9.516915,-12.037445,-8.542047,-9.176416,-14.144849,-13.468563,-9.547823,-8.722489,-6.361475,-3.176142,-7.031899,-4.9855742,-1.7269021,-4.110275,-6.9884677,-10.986323,-11.623138,-12.707995,-10.64196,-13.0750475,-12.253939,-9.254836,-5.5572343,-2.3947392,-2.9026575,-12.562509,-14.988126,-14.575281,-15.576784,-12.946583,-14.345839,-12.934441,-13.663275,-15.349861,-17.14897,-18.19768,-21.000841,-17.37844,-18.576622,-19.802559,-16.826588,-14.246367,-12.942592,-16.417381,-19.272512,-17.377354,-17.039053,-19.56933,-20.561264,-19.367054,-19.973114,-18.566816,-20.524498,-20.342081,-16.40283,-12.4515915,-13.955089,-18.642923,-12.628488,-13.518484,-16.34157,-18.268335,-23.451344,-21.9929,-21.586449,-21.50645,-21.108969,-21.708866,-19.691694,-20.625114,-22.960577,-22.880924,-22.81437,-21.355345,-21.77261,-18.068375,-12.285696,-10.794046,-10.050696,-11.217749,-14.208312,-14.965282,-13.854174,-12.844574,-14.402857,-15.531736,-16.01428,-16.441492,-16.067827,-15.989588,-17.20512,-14.373964,-7.840672,-8.849342,-13.304144,-16.77975,-18.136366,-18.530132,-18.044054,-17.431025,-19.51895,-22.124435,-23.861181,-19.092182,-17.207735,-17.446558,-22.646866,-25.536758,-19.627153,-14.028001,-14.899078,-18.617706,-19.227947,-17.653826,-21.375753,-24.389402,-26.114513,-24.215763,-24.948112,-22.061472,-19.768595,-21.980684,-24.050005,-24.577618,-25.573017,-11.070597,-5.3813977,-9.099768,-17.114063,-23.217113,-23.277603,-24.353971,-23.539679,-23.947832,-20.510347,1.6723369,9.586162,7.962138,2.1350722,-2.4149232,-5.6203995,-7.373988,-6.056146,-2.0454195,-3.3373442,-5.98264,-5.093909,13.239746,18.326654,12.907772,6.0557265,4.202425,-0.43988955,-1.4589908,3.403174,6.5351715,5.701428,0.51788783,-2.6577425,-2.71871,1.0653495,3.8587093,5.561475,6.97816,-0.8152379,-7.5910444,-7.6855016,-6.237712,-5.853895,-0.41094902,2.9313538,-0.18255931,-0.7128302,1.8955116,1.4786637,-2.8118505,-3.1746235,-4.9907517,-5.783524,-4.3256087,-5.677936,-7.449167,-10.532967,-11.987579,-13.907953,-13.131014,-11.480438,-7.7837877,-5.0479264,-9.805649,-17.590416,-16.101807,-14.82642,-14.912479,-11.958829,-11.210516,-13.851311,-19.579346,-22.595177,-20.160704,-17.7737,-13.326267,-15.623003,-21.501617,-16.000912,-17.168518,-18.947512,-21.048515,-19.501064,-16.525784,-15.398845,-13.080791,-19.296173,-20.928352,-18.54832,-17.02263,-20.920656,-25.395975,-18.947823,-18.797092,-16.661367,-18.235033,-19.293898,-19.317917,-19.402771,-17.169579,-16.551239,-15.228512,-7.4439454,-8.771905,-18.46457,-24.329418,-26.32457,-20.687733,-25.206053,-33.61778,-24.569891,-19.471737,-18.235407,-21.346567,-21.140766,-20.561857,-19.325539,-14.100222,-14.664953,-13.878994,-12.772813,-16.54817,-25.290733,-21.506031,-20.920761,-21.40493,-21.693201,-20.955872,-18.747074,-7.552814,6.7678146,9.111407,9.35117,3.5252066,-0.5120768,-0.33569974,7.5742126,12.767215,9.251033,0.066980556,-2.6268315,-3.808122,-5.803446,-4.076801,1.4195802,0.99898505,0.5504639,3.6883364,2.2812924,-4.2285576,-10.962215,-8.185816,-3.9764242,-5.3898616,1.2587512,9.449671,6.9321804,-1.893064,-0.9817151,3.851297,9.081868,8.277675,9.140843,8.812792,3.1535296,-2.227396,-5.3936224,-1.3407005,-1.1822007,-0.115453005,2.545529,-0.99621725,-6.3528943,-4.523223,-5.1434937,-4.8797174,-4.9167204,-11.34347,-10.093973,-11.643459,-13.257276,-12.034849,-10.600528,-5.9672556,2.695424,6.168363,5.235276,1.1357739,-2.329817,-3.4481118,-10.981797,-8.45343,-5.235596,-9.639649,-9.571295,-10.440462,-15.784605,-13.743767,-9.613201,-7.445016,-11.348104,-12.619747,-12.094162,-14.806653,-4.086689,-1.4864885,-4.966803,-2.9581122,-1.1256669,-2.3772638,-1.7327168,-2.300711,-6.4601307,-12.076126,-17.241344,-11.043314,-8.510804,-8.223971,-5.2052164,-6.2938757,-11.316661,-12.224222,-12.132742,-10.019697,-8.751588,-8.387109,-1.1677713,1.5294837,-2.121431,-7.2808766,-13.20662,-18.40555,-9.93087,-4.1061764,-2.853189,-6.1101713,-12.166242,-14.480815,-15.113829,-14.67996,-11.04939,-8.759695,-10.790263,-14.999189,-16.32414,-13.489201,-11.760316,-16.109644,-14.220554,-15.283457,-17.304268,-20.731792,-14.127879,-12.805041,-9.928821,-9.793551,-7.739934,-11.525155,-8.656035,-2.524185,-0.4690326,8.521149,11.959526,7.721682,6.109316,5.9944634,2.496214,-0.43262717,0.7023031,4.0998077,1.5480303,-2.0075874,0.18070957,5.3299336,6.253889,7.8537674,9.233917,7.4271636,6.779762,3.5051484,-3.898695,-4.692894,7.9941463,17.278637,19.19176,19.510695,16.48632,13.417245,16.010868,14.299401,11.825146,12.96694,17.394203,18.453497,17.784225,13.455295,7.732172,6.893256,7.838031,6.694148,10.52334,10.487451,7.560341,0.40449798,-0.0028100542,1.3938501,1.6544342,2.0179362,3.039906,3.0376024,3.1809542,0.5254564,-4.5057063,-7.687733,-6.149056,-3.5570006,-4.0845604,-5.6223063,-3.395903,-3.1603537,-7.539875,-8.757045,-12.561316,-9.675476,-10.31498,-6.4991136,-4.6820335,-7.9505754,-10.945793,-12.0158825,-13.245525,-11.201301,-10.737246,-10.56156,-10.151425,-12.145962,-12.860713,-12.044416,-15.749208,-13.445731,-12.912818,-9.915402,-9.753426,-12.007278,-17.747665,-22.808437,-20.295422,-17.29308,-15.621511,-17.202389,-25.026152,-24.449108,-18.65662,-15.935471,-15.445822,-16.874409,-20.304258,-17.187534,-7.032282,-5.097023,-9.101051,-10.303925,-10.267743,-12.361416,-13.7985935,-12.881602,-12.841836,-12.328554,-13.907877,-14.7956295,-16.904545,-15.617217,-14.978178,-15.864034,-15.034231,-11.896952,-0.23247363,0.8694409,-10.559134,-14.60881,-12.431821,-11.883229,-13.2983,-16.122171,-15.214857,-15.473602,-13.927532,-14.148288,-19.473322,-19.107105,-15.436345,-13.967407,-9.364337,-4.4041486,-6.507833,-11.210628,-10.091463,-10.514528,-11.630968,-11.5956955,-10.656464,-10.568855,-11.297005,-11.126126,-11.571256,-12.01906,-12.461251,-12.758474,-12.66059,-11.672312,-7.246201,-9.240533,-12.99876,-14.462671,-16.186436,-16.364195,-15.398298,-15.040541,-14.44848,-11.751014,-8.361987,-12.528558,-14.865135,-12.714209,-17.430935,-12.884785,-5.623786,-6.3329315,-11.724992,-13.625518,-19.863125,-18.906424,-16.53405,-18.830532,-14.487352,-15.949112,-17.89027,-14.027958,-11.93577,-14.17289,-23.106628,-17.19543,-12.302595,-14.166506,-12.151479,-9.567803,-11.756903,-15.285211,-17.20653,-23.430845,-20.657309,-17.734547,-15.662344,-16.051914,-20.171412,-21.737288,-18.807537,-20.986757,-22.285004,-21.699276,-13.014617,-14.511501,-16.206585,-18.496328,-20.515911,-23.724133,-20.17275,-20.727022,-18.594872,-15.216326,-16.109522,-20.56526,-25.845966,-27.098038,-26.775295,-20.636147,-18.671448,-17.79881,-16.132492,-10.9068165,-14.356078,-21.25355,-26.330273,-27.699957,-24.92058,-21.622566,-21.371134,-25.79674,-25.096085,-28.007748,-23.910507,-19.049862,-20.37118,-23.8707,-18.569351,-16.60263,-17.061323,-17.839333,-20.678179,-18.162663,-18.238155,-20.995007,-18.411474,-22.47065,-23.57052,-24.359135,-23.594143,-22.458677,-22.067156,-24.463766,-20.306973,-20.345924,-23.106628,-13.752327,-12.190287,-18.8392,-23.653393,-26.294186,-28.19935,-26.471424,-30.2444,-28.513186,-27.95008,-32.917496,-30.59874,-30.761772,-30.308193,-31.20755,-36.093605,-27.121632,-18.01039,-20.00062,-23.606874,-29.123833,-32.373688,-32.276546,-36.29536,-32.032917,-33.38199,-22.899132,-16.089014,-15.9044,-18.891026,-18.980646,-29.506262,-27.550688,-19.858421,-10.31302,-10.688847,-12.86152,-2.6048257,-2.9461432,-7.464518,0.5606046,1.7600415,3.4657564,1.4968965,-4.4526725,-8.449724,-13.78307,-11.652752,-10.786722,-4.8420343,-4.454546,-1.5204132,-2.2538521,-5.5831695,-10.734731,-10.422988,-12.440929,-12.067813,-14.582756,-17.45876,-13.542839,-14.475995,-18.367346,-13.547067,-10.255145,-14.941377,-22.485647,-16.801338,-7.8564506,-8.45801,-15.090851,-10.269786,-11.4042425,-16.750904,-19.837215,-18.570017,-15.357556,-14.906225,-19.139406,-16.054262,-16.642225,-20.855692,-23.412077,-20.382719,-24.790348,-19.427372,-10.646637,-13.1245985,-23.23452,-19.30239,-20.849854,-20.651548,-28.083027,-26.263474,-15.791863,-13.056282,-17.04788,-22.189468,-19.75613,-20.874521,-17.850483,-19.481522,-13.605068,-7.688449,-10.311859,-14.8039665,-19.348673,-17.665276,-16.374079,-13.933469,-17.730236,-16.508587,-14.92627,-17.757355,-23.849756,-21.450443,-17.815693,-16.55514,-22.679169,-20.26466,-14.73371,-1.6043742,0.41797176,-8.459222,-9.416706,-11.433593,-16.944035,-9.769789,-1.7763944,-3.2512918,-10.031071,-14.6395,-16.319859,-8.816923,-2.0073092,0.3360254,-3.1785882,-7.244022,-6.5259027,-13.546802,-17.493692,-14.175304,-7.7538347,-8.954492,-5.3161197,1.3094006,3.4279869,11.586664,19.929924,22.286755,19.093681,11.849243,17.436554,19.06496,12.939468,12.099094,15.588113,11.73053,2.883421,2.029591,3.2647243,10.652809,11.799375,12.613741,12.67425,4.650915,3.6209488,5.543064,0.97892857,-0.435032,1.8499427,2.8103516,-3.8541179,-5.816921,-8.54723,-7.193875,-3.2954555,-0.32570437,-4.6967106,-6.1585474,-5.7694216,4.0814104,6.7292695,5.8084755,10.964709,11.443185,11.029206,6.733604,8.984599,6.499395,5.0828123,4.108761,-5.136177,-0.12948269,-0.39657855,1.1199894,-3.6512895,-6.024439,-4.3864126,-11.546253,-12.024036,-6.3377266,-9.175303,-9.189246,-6.165149,-9.355082,-10.674897,-7.1621437,-5.548454,-9.211644,-10.01527,-11.868145,-13.756399,-12.366818,-11.344105,-10.283427,-14.345402,-18.876093,-15.481226,-15.658989,-8.690182,-1.1748475,-0.97485447,-3.3334875,-3.3779912,-7.5655627,-16.64094,-18.808811,-19.783602,-20.899466,-21.895008,-21.093407,-22.381378,-21.439066,-23.153454,-21.347664,-19.051014,-12.755947,-14.655954,-17.755878,-19.728132,-28.991226,-26.260996,-25.31391,-23.821949,-20.668238,-20.532093,-22.165182,-20.828188,-14.677275,-14.254537,-16.336267,-14.466602,-16.741217,-17.984169,-13.221818,-9.396351,-8.7308655,-12.752193,-12.375238,-11.508579,-11.644781,-12.163397,-12.338576,-13.193775,-14.169806,-14.322512,-15.549467,-17.230515,-18.33088,-16.45055,-14.8125,-12.708742,-10.845512,-13.531131,-18.304073,-18.313578,-18.339802,-17.670965,-19.133991,-20.002806,-20.959362,-23.443747,-23.697193,-20.109844,-19.29919,-18.784021,-16.574425,-14.552559,-9.567633,-7.7349052,-8.349366,-10.624739,-18.373459,-19.461266,-16.979597,-22.206488,-22.96257,-22.934704,-20.37357,-18.925512,-17.763006,-17.546375,-20.797873,-22.5377,-19.094934,-8.990858,-9.640358,-18.804379,-22.145842,-22.18592,-21.07335,-19.600407,-19.91914,-14.689455,-11.130568,-6.0214863,-4.3245482,-8.876323,-15.839597,-15.27453,-17.473722,-13.115746,-8.859601,-5.978728,-5.7405157,-8.258325,-11.237864,-13.857785,-15.723592,-17.822353,-19.194986,-17.550669,-20.995676,-10.807656,-3.3081818,-2.039336,-5.8820415,-12.289324,-16.57467,-14.878831,-13.0482235,-7.337199,1.620626,3.8402345,-1.9353967,-6.941102,-10.075292,-14.092129,-16.68929,-11.512527,-1.6952044,-2.1647992,-11.447196,-15.818386,-14.872286,-15.983723,-14.772251,-16.37561,-16.25251,-9.927732,-10.750824,-15.241052,-15.176707,-15.519633,-15.101794,-13.8263,-12.257215,-14.440113,-16.429445,-16.671062,-19.488184,-19.587616,-15.765575,-15.60453,-16.92558,-15.638323,-12.075382,-15.414694,-15.472643,-11.379269,-10.82522,-16.568277,-14.263829,-13.786123,-11.063595,-7.045333,-3.9516864,-1.7790232,-3.3973198,-7.5491705,-13.138163,-9.709687,-7.3123794,-6.307202,-10.939276,-15.895323,-17.316387,-18.100359,-14.165169,-8.646769,-10.2902355,-16.858994,-16.65096,-16.126411,-6.0071135
-14.094774,-17.014444,-20.936474,-18.657244,-17.669556,-17.739096,-18.56035,-20.989897,-18.26736,-18.232439,-22.595913,-23.059685,-23.362736,-23.141119,-17.870049,-14.576688,-13.204385,-12.951907,-13.951738,-15.343657,-17.222893,-17.570732,-18.058096,-16.422194,-16.267822,-15.684337,-14.933186,-14.24193,-14.112359,-13.382101,-8.860662,-4.49702,-5.2992053,-12.783354,-17.683794,-21.639359,-23.125887,-28.26084,-30.080772,-32.375088,-27.49797,-24.802877,-25.748573,-28.25211,-27.776825,-23.55461,-24.064617,-25.447323,-18.140133,-14.29167,-14.680189,-23.98363,-28.580282,-29.977142,-29.412628,-28.984066,-28.309334,-30.854328,-33.66478,-30.658897,-33.74296,-37.22984,-33.024612,-31.431805,-25.983927,-12.7553005,-6.367698,-9.821312,-20.43391,-27.613773,-26.688755,-29.946476,-32.170372,-29.482067,-17.81328,-18.165937,-32.030415,-36.209427,-29.044828,-20.318079,-21.480618,-22.120592,-14.550436,-13.322334,-19.021084,-24.348179,-22.145693,-20.191536,-25.589304,-19.798092,-15.231062,-12.187457,-6.849086,-6.200715,-9.550386,-19.882992,-19.4883,-19.581894,-21.828815,-11.28878,-4.5269175,-7.9600763,-19.083948,-24.211874,-28.92906,-21.20302,-21.245604,-23.761942,-21.052555,-23.42757,-27.319874,-30.880173,-32.123913,-23.48499,-16.776585,-15.232723,-15.433153,-10.402452,-8.20997,-14.383253,-16.222342,-17.296846,-15.116748,-18.555553,-20.362349,-20.49485,-21.017447,-22.819141,-23.150764,-24.550385,-23.383398,-27.183025,-29.282179,-15.305311,-7.4560475,-11.191498,-23.828373,-25.384453,-25.303596,-28.504719,-29.99366,-30.30495,-27.669142,-29.704168,-32.297985,-27.4855,-28.173521,-29.41188,-32.46373,-27.139921,-20.589468,-18.399126,-18.7203,-16.964214,-16.746834,-17.659037,-17.848753,-19.911293,-22.701426,-24.983257,-27.033693,-31.001722,-29.266487,-22.911457,-20.261395,-23.450966,-24.262257,-22.698116,-8.801976,-7.8887367,-15.846695,-24.14953,-24.615818,-25.336168,-21.398859,-19.657133,-25.515228,-28.521683,-19.392717,-7.000045,-6.640122,-13.105169,-10.779537,-17.435234,-8.253574,1.4543258,5.3807144,4.8492928,2.4132805,4.34714,8.124062,9.756668,9.468899,9.569636,7.163775,0.4933371,-5.506588,-2.9546413,3.364866,6.8239856,7.3209243,7.8750043,4.4871907,-3.1736362,-4.106418,-4.529963,-7.6842003,-6.950235,-5.236231,-6.036262,-10.186156,-15.472887,-17.744802,-13.929549,-7.9441566,-9.267773,-10.927285,-7.1106625,-6.4925127,2.6239433,9.284408,10.890951,10.6352825,12.324793,11.551166,5.474896,2.341729,7.5853515,9.922828,10.272585,11.387295,11.348232,7.9373794,5.521748,6.8101616,8.346413,6.027857,0.4915571,-5.860527,-6.4688206,-7.637479,-2.7189636,7.467759,8.394675,-0.1948935,-9.182172,-5.757679,-7.4421616,-9.038807,-6.3051853,-3.3811698,-5.482831,-10.001727,-8.6700115,-6.4617515,1.3504872,8.071153,4.8628902,-0.23722643,2.7397256,2.6076386,0.58461386,-4.0174346,-6.335933,-2.5697198,-4.756836,-7.569705,-7.6025896,-0.80021083,-0.6652078,-0.33058745,-3.3764222,-4.501866,-4.2670145,-8.87212,-6.5521836,-2.3679318,-3.127546,-6.221078,-9.364183,-6.3348727,-9.287151,-17.14146,-17.777483,-13.30482,-16.918987,-16.150158,-11.997367,-4.1885242,-0.40238056,-1.3821743,-1.0051126,0.21807589,-1.3457186,-8.668364,-10.890047,-4.1440625,-0.3625156,1.5363741,1.8921301,1.3731207,0.41263294,-5.0344424,-5.9197025,-5.2153354,-6.202092,-9.799829,-11.741544,-10.4077015,-9.388243,-11.363718,-16.717064,-7.7628202,-1.4537463,0.63948166,-2.099638,-3.372203,0.03741855,1.2729633,-0.48036027,-4.2246,-8.480529,-7.441208,-2.5010278,2.8940988,3.7107396,0.40204316,-6.562919,-2.3040438,-0.8175446,-2.4834208,1.1778703,-2.7544072,-4.530014,-0.7730243,-4.9148855,-8.298617,-1.5617858,-1.0236866,-7.4138713,-6.5893197,-2.8752394,-6.0960236,-6.301546,-7.7646737,-4.8955903,-6.676416,-5.022477,-3.8647554,-4.3551,-3.1725025,-4.921188,-9.675791,-3.888192,-1.1274987,-3.243241,-4.2427583,-3.351536,-6.9605074,-4.2957897,-3.531856,-7.3674917,-6.7293816,-9.867233,-10.953074,-11.646278,-12.187413,-6.8636007,-5.9045773,-10.554941,-7.594617,-6.2696466,-7.443058,-6.4535136,-10.180748,-5.8905787,-5.781968,-12.636896,-22.06256,-11.946606,-6.7385235,-6.7581606,-9.91533,-6.595894,-5.514381,-6.3677545,-5.2134995,-4.983614,-7.0089574,-3.6415207,-7.4101477,-7.650486,-4.9794316,1.2093718,3.6171505,5.4859786,0.9469387,-3.511562,2.9539227,9.04215,12.043532,10.825106,5.8982067,-0.025864989,-1.7729046,2.8547895,2.4949405,2.101362,3.360643,6.2113814,10.869524,10.501892,6.810222,1.4997138,-0.074175514,0.9210929,-1.2405703,3.8521152,6.0692906,3.9979026,4.7012773,6.1045766,7.65275,7.387968,4.448777,-2.315186,-1.7738944,-3.4277472,-2.928977,-5.3742228,-4.8217883,-7.669788,-5.9738474,-4.1733656,-7.406873,-8.372365,-14.405357,-12.234782,-5.2615166,-3.3853257,-6.3266783,-6.02875,-7.2028656,-7.3807487,-8.380509,-6.7132025,-3.465014,-2.4395773,-6.5126605,-11.46576,-8.813811,-3.413804,-3.696876,-6.1913104,-7.6814504,-6.1083965,-2.8083766,-5.90657,-13.476157,-11.582609,-13.475165,-13.2167225,-11.651565,-15.539793,-15.364992,-12.613831,-11.536243,-10.618736,-11.075779,-7.526273,-8.409529,-8.782521,-7.0906134,-6.741512,-5.7235327,-2.9084086,-6.7770104,-11.3201475,-14.422832,-16.692484,-18.441902,-30.156223,-29.082792,-20.822695,-14.7068,-10.249852,-9.441897,-10.736547,-13.625303,-15.869455,-11.264618,-12.878422,-8.460979,-6.428769,-10.443412,-14.329,-11.630354,-9.687414,-9.643307,-10.119476,-10.850555,-11.801565,-7.268697,7.8224115,11.916419,6.772526,1.5408391,3.7477758,1.043436,0.8773031,1.2716748,-0.6867405,-6.4976687,-7.6913023,-8.174679,-12.355681,-9.564579,-4.028286,-1.0074344,-5.2837157,-5.7423124,-8.803923,-9.995815,-13.443562,-15.191164,-10.992884,-6.675081,-2.799122,6.0380116,9.903494,4.659643,1.9491045,5.7059264,4.085726,1.5809371,3.696586,7.163854,8.473745,0.3753004,-4.4102364,-2.4270928,-8.207729,-8.599093,-5.7205253,-1.0238446,2.8779328,7.953944,8.049722,4.480746,-2.2718325,-5.907478,-5.6770377,-7.087672,-8.314472,-2.7462246,-1.0851432,-4.589279,3.8439372,7.038659,10.024644,11.707801,11.46949,8.868236,2.0032077,-3.0138974,0.46126664,-1.6786301,-0.5886256,-1.1794305,-7.9463525,-8.42563,-6.8106275,-8.434387,-8.837622,-5.5490394,-1.8547866,-3.0091238,-1.0977185,4.5504565,4.0542755,1.7775533,-0.8600461,-3.8077629,-0.7888418,2.0891569,0.6139561,-5.426072,-7.293873,-8.128831,-10.238309,-0.8839932,2.1984162,0.7987213,0.08954656,-1.7447994,-2.305497,1.4926772,1.5895145,-5.8798003,-0.8003223,2.7916548,-1.2492828,-3.673053,-4.1032853,-4.6220107,-0.87254345,0.8846271,-1.7160541,-2.3910494,-1.0520353,-1.7993252,-6.0097666,-9.904662,-7.734454,-4.22711,-2.2123697,1.3123934,0.7738924,-1.9526595,-4.017639,-3.7554312,-5.0036907,-4.895101,-7.0735826,-8.563095,-9.14198,-5.9986534,-5.0230913,-6.3441615,-5.3172092,-4.7853513,-1.5404928,-0.3251062,-1.2579088,3.8388228,7.8231263,0.8218103,-1.416223,0.36380792,-6.463733,-12.627003,-8.774391,-4.7469263,-5.587405,-6.931776,-1.5473487,0.91912127,-2.721261,-1.0954347,3.8531218,6.996273,7.4819536,2.1515737,-10.737095,-12.2793865,4.885518,11.762285,10.432837,13.57891,12.457823,13.27017,15.441893,18.572964,18.77047,15.200521,13.488123,15.078205,13.288803,9.077601,8.978924,5.366487,3.824836,3.3863652,7.223138,4.0358343,0.6054658,-1.5963821,-0.78282475,-0.15762343,-2.5076509,-5.53967,-2.7161021,-3.2045026,-4.9987526,-5.671478,-4.7295103,-6.7019944,-2.2031255,-2.680745,-5.5135636,-6.396966,-4.894615,-3.779889,-7.735658,-5.4123206,-6.505517,-7.824439,-6.3577156,-3.2873268,-1.5999565,0.061174177,0.09883681,-1.8415985,-5.6827984,-1.2141066,-2.0902402,-3.4907918,0.5748358,0.7180261,-2.2161624,-2.9570663,-1.2851297,-1.9006885,-6.257971,-5.3210926,-9.216341,-5.353077,-4.915145,-8.930512,-6.790561,-3.584896,-6.2879353,-10.283916,-8.343235,-8.316137,-8.413626,-1.4459985,0.049269352,-4.4992237,-10.481228,-8.485054,-0.46065137,1.7522062,-3.239676,-9.431166,-11.455704,-6.7202325,-5.8989854,-10.676237,-5.000078,-2.7105176,-3.3442826,-6.2601037,-14.50824,-12.465223,-7.427746,-5.825945,-8.838867,-8.380266,-0.8750502,-0.72329754,-4.0988855,-2.519884,-0.37103808,-1.2797801,-2.7153685,-7.954331,-7.2212496,-2.792791,-0.53251374,-1.8934227,-9.243805,-12.633217,-7.019282,-2.5304127,-2.4718308,-2.451129,-1.7363483,-1.7943304,-1.5233494,-3.1681247,-5.8962936,-5.5656457,-5.7720494,-12.239619,-22.131748,-14.439024,-8.369887,-8.771358,-11.089508,-8.315178,-8.817989,-9.545527,-2.7978065,-3.9438226,-4.5635643,-7.154971,-8.685248,-9.322719,-4.901938,-8.077838,-8.718742,-10.930305,-5.8875775,-6.1230106,-4.5448527,-5.5201273,-8.770163,-5.6693606,-2.763105,-3.0828044,-7.397421,-6.161318,-7.108886,-10.777694,-14.245321,-14.310823,-15.363826,-15.051223,-11.587014,-7.5344744,-7.167738,-15.841447,-17.013851,-15.921287,-16.280758,-14.451781,-16.438145,-16.369003,-16.756577,-19.125145,-18.755857,-20.930975,-26.917107,-25.9795,-21.4507,-21.1571,-23.38594,-21.363697,-13.6278515,-12.955886,-15.989394,-12.96069,-7.3141165,-4.2808843,-6.9489713,-11.086029,-9.959645,-9.392945,-11.063904,-10.940134,-10.441004,-9.661853,-10.935686,-12.649356,-14.412115,-19.534542,-16.365494,-17.863377,-27.474922,-23.988186,-17.528824,-14.822812,-17.724289,-23.775166,-22.156183,-20.687904,-21.234058,-24.278904,-21.908382,-24.649572,-24.329462,-27.333117,-27.986002,-24.24388,-16.697655,-10.713529,-9.384012,-12.125598,-10.672831,-11.009307,-10.312679,-11.260418,-12.31411,-14.861221,-14.934055,-16.425432,-15.159916,-14.573627,-14.452414,-14.541866,-15.288342,-16.180508,-17.765984,-19.454037,-17.609453,-14.03545,-14.7475395,-19.703444,-24.584684,-23.386559,-24.081116,-24.671087,-23.149258,-22.748108,-24.002785,-25.535942,-25.12718,-20.59975,-24.074762,-28.663034,-25.804453,-23.804966,-14.859987,-13.776727,-16.805723,-15.625578,-16.061195,-17.227226,-17.867556,-19.002733,-22.26992,-21.239338,-16.553158,-16.503576,-20.525074,-24.949753,-21.341856,-19.573097,-16.377102,-12.021313,-10.232782,-14.131217,-8.17222,-6.506357,-2.9191449,2.6247373,6.3031206,1.0691116,-5.008582,-7.6210155,-9.332913,-9.832178,-5.8783207,-3.0841918,-1.0872804,-1.326328,-6.692919,-10.040917,-9.403194,-12.905846,-12.450094,-14.484537,-15.32593,-15.269662,-16.628395,-10.799437,-6.907561,-7.913166,-7.209883,-8.631126,-15.65271,-17.26381,-13.691685,-14.487928,-13.823442,-17.115517,-18.658585,-16.62188,-20.936497,-21.875399,-19.669245,-20.493225,-22.935266,-26.6128,-22.193338,-21.20945,-19.078356,-20.252743,-19.19308,-19.232704,-16.457418,-11.47431,-14.521767,-20.365171,-21.644032,-21.730759,-23.927935,-22.5769,-19.659813,-16.775402,-16.20432,-17.03732,-17.87312,-15.374741,-15.103893,-15.782642,-16.945913,-17.178099,-10.189632,-9.926181,-18.14146,-19.508366,-20.134834,-20.059078,-19.544369,-22.348343,-23.02801,-23.322826,-21.23512,-24.532833,-18.486794,-15.237492,-16.489819,-20.7841,-15.993243,-11.848054,-6.5879054,-8.61955,-15.603397,-18.444311,-13.56962,-10.045053,-9.405075,-7.204585,-1.5333241,-2.5568328,-12.922918,-5.434514,-0.36671603,-0.0946578,-1.2151499,-3.7350345,-4.9214554,-4.5192685,-6.4208007,-14.337908,-14.959308,-7.225629,-1.2416551,3.7777245,1.958775,-3.799273,3.7702732,10.925903,17.222797,21.641464,21.053617,18.62982,17.6159,11.406732,8.173244,9.861633,6.7430124,0.40916836,4.7352633,10.082278,10.532765,12.297649,14.19652,14.6852,13.4894905,15.425934,13.872176,4.690319,-2.3508377,2.0137854,0.9895062,-4.910735,-6.103113,-10.295904,-6.314538,-3.2353334,-2.0028818,-7.2675343,-5.705905,-4.8156676,0.18222895,11.8657255,17.213657,18.377926,16.647629,12.975157,6.598732,5.7544737,4.521135,7.813796,5.221936,-2.3140361,3.7384305,2.4781027,2.5492845,-1.9372683,-5.844729,-3.9469125,-5.6648755,-5.5964875,-3.4640403,-8.987199,-11.284113,-1.9674873,0.2985027,1.1897061,1.0933577,-1.335656,-1.5602983,-2.8782914,-3.2881527,-3.2461839,-4.629473,-7.763955,-6.074486,-9.195225,-9.053222,-7.1318336,-10.022193,-12.811173,-3.1709924,-0.3538042,-4.243176,-7.236536,-7.2301407,-13.509139,-12.230134,-12.415464,-19.038965,-17.7569,-14.970522,-12.915092,-9.014901,-9.118696,-9.872094,-16.631157,-13.132949,-10.546266,-10.1267,-15.754423,-19.671392,-11.313482,-10.365391,-10.181127,-10.2965975,-9.521725,-10.989045,-16.1752,-6.1284533,-1.6212434,-3.5553346,-5.7683334,-4.549362,-4.517312,-0.31913787,2.108311,2.1186364,-0.11283294,0.37056684,2.0505948,2.2285485,1.795048,1.192763,0.43684322,0.13761638,-2.0662189,-3.5577836,-2.7618856,-2.6847408,-3.176899,-2.934783,-4.34418,-8.835375,-7.7318563,-7.6234202,-5.7250214,-3.909236,-3.9120803,-4.7603683,-5.4687843,-9.5022335,-10.364915,-11.654262,-16.261648,-13.378391,-8.233752,-4.908707,-2.086949,-0.2976995,-1.960772,-7.589875,-10.154079,-10.152168,-9.458305,-6.929179,-9.355625,-14.64485,-14.901878,-14.312123,-9.580896,-7.338617,-8.545988,-11.8729725,-14.003695,-13.482624,-7.3008275,-6.7303014,-11.737205,-14.187226,-12.790134,-7.2367687,-5.4352136,-5.148108,-5.3039603,-7.2813087,-8.027097,-6.7652597,-4.305631,-6.1248703,-7.572761,-8.885863,-11.537934,-10.398869,-6.3845534,-5.331685,-4.6262374,-2.3618932,-2.4695172,-3.266467,-5.035387,-7.654132,-10.418562,-13.030919,-10.891379,-8.657934,-6.797113,-5.0105996,-4.3602576,-5.5356417,-6.5856695,-9.35229,-6.176104,-0.7717211,-0.2877737,-1.0195034,-3.920827,-8.205503,-11.569761,-9.643527,-7.3384933,-5.786876,-7.339849,-8.191008,-7.916662,-7.7771277,-8.124882,-7.9009886,-8.033551,-3.8029983,-1.1679024,-1.3576014,-2.3664134,-4.7752156,-6.095515,-1.5799628,-0.66918427,-2.0740378,-2.2989151,-4.2031617,-6.9247255,-7.202783,-11.002615,-4.3889327,-1.1561991,-2.449703,-6.801452,-4.849364,-3.354688,-3.5147932,-5.218434,-0.37715587,-0.72532403,-3.1015089,-1.6332431,1.2118639,11.023037,14.6747875,15.490794,14.866878,13.211542,12.582699,12.547778,11.238736,7.11411,-0.7282605,-3.724852,-5.250495,-2.798236,0.7443861,3.9316835,4.5863013,0.28734568,-0.2874479,2.7854612,3.5605505
-20.935219,-19.577461,-17.833435,-17.452847,-19.67203,-19.402096,-23.61729,-19.715849,-17.939487,-19.057114,-21.460224,-25.00446,-23.560741,-23.00804,-13.206583,-8.679591,-12.789349,-14.118758,-13.03706,-16.855843,-17.99927,-17.617239,-17.228222,-16.925097,-15.829517,-15.770049,-14.581131,-15.002745,-14.301438,-13.161785,-10.079326,-5.901041,-6.0003767,-15.597279,-15.7582,-20.042513,-22.329454,-23.439693,-25.68571,-27.072985,-25.044573,-25.076025,-23.310139,-21.546381,-24.65812,-27.752836,-26.308395,-22.387058,-13.623361,-9.9038315,-6.719448,-6.4394517,-7.9814377,-8.509297,-6.8212647,-8.141018,-10.154947,-7.0825815,-8.787321,-10.3502035,-8.319663,-10.973292,-11.578307,-10.607556,-11.843667,-8.684071,-5.3470907,-9.188809,-11.580101,-10.437273,-11.343609,-10.227652,-11.2978735,-11.681225,-10.258178,-9.933229,-14.425449,-14.527121,-15.694484,-18.919855,-16.41081,-15.885772,-17.35315,-16.988255,-12.673862,-15.535092,-17.127653,-16.8736,-17.83372,-17.933708,-13.917408,-9.161745,-7.4160566,-8.751833,-11.128888,-18.79114,-23.264181,-20.721443,-17.870762,-11.265689,-2.4907992,-3.2970488,-9.203831,-12.567173,-9.37372,-7.4510884,-12.418984,-24.52987,-20.8208,-19.900139,-22.511463,-27.238827,-25.40226,-22.560276,-13.104173,-9.591704,-10.066663,-7.6629133,-3.7884693,-6.730618,-8.530046,-9.021596,-8.910515,-8.930272,-9.773033,-10.950445,-11.475429,-12.91177,-14.161511,-12.80407,-12.949809,-15.538597,-16.339588,-13.838158,-5.2041526,-6.8024154,-14.392269,-14.987353,-18.547216,-20.68064,-19.028296,-22.408623,-26.398376,-23.491371,-24.48677,-21.533682,-22.273243,-29.124722,-24.441475,-22.903316,-24.740868,-19.280909,-15.393582,-12.781419,-16.09151,-16.165033,-16.158482,-17.733467,-20.426281,-21.321428,-23.33495,-22.160793,-24.038982,-22.756248,-20.91113,-21.089401,-22.125683,-20.968931,-9.945551,-9.55289,-14.926642,-17.608423,-23.267927,-22.465984,-18.841091,-20.135273,-21.563093,-23.296925,-15.78253,-6.502238,-4.22647,-6.821727,-6.949077,-14.842148,-6.864931,-5.030201,-4.9400797,-6.615551,-6.906257,-6.890975,-4.6743445,-3.0567536,-2.9381404,1.3691912,2.7393813,-2.2101493,-6.4582963,-7.782673,-6.7941465,-6.3492727,-8.721553,-7.2562,-4.7445283,-4.5981956,-6.501336,-6.248418,-9.402464,-17.56429,-17.988905,-16.599014,-17.43899,-17.23803,-16.592842,-17.877022,-19.250565,-18.345655,-9.886201,-8.246849,-6.232717,8.991927,16.784197,18.323677,16.833282,12.132697,11.846437,10.612773,1.757279,3.0813813,8.988661,10.553259,9.919684,10.648746,9.096689,5.003498,3.5918448,6.015787,5.717057,2.1739852,-4.288533,-0.8396614,-1.4468751,-2.3760457,4.9697046,10.087254,8.39284,-1.3901289,-6.594061,-4.6826177,-4.413099,-1.0125858,-0.77215844,-0.5780451,-4.715829,-10.459231,-3.4715629,6.3702736,13.403917,13.007459,6.8567567,4.3219976,3.1365821,8.889563,9.733872,6.388309,3.7455425,4.3516,-2.7549198,-2.1540709,0.6926601,1.904205,-1.1462934,-2.039998,-6.698733,-4.8560247,-8.769883,-3.5022583,-2.4572763,-5.0870123,-8.942192,-9.312069,-5.9146314,-4.253021,-8.667719,-18.255331,-12.10689,-12.449356,-14.856756,-12.278838,-1.3283322,2.909043,3.2843494,0.9484467,-0.75747573,-0.117959216,-3.4558434,-4.481737,0.3878376,3.72066,4.8639145,2.3134198,1.8501601,2.243616,-0.31956357,-1.3139334,-2.952893,-4.297864,-7.931322,-7.0102425,-6.1145616,-7.380492,-11.991797,-13.881398,-5.182364,1.5290016,3.652965,0.4900788,-2.1352284,2.08433,2.649443,-1.0399995,-5.166135,-4.8455625,-3.8744724,-3.0788658,-0.44170004,0.009913357,-4.3308725,-7.9726553,-2.5130143,0.2551449,1.3036722,2.674903,-1.7500256,-4.447693,0.05103344,-2.557362,-7.8296666,-0.006481503,3.2645426,0.57339555,-2.3651664,-1.4205346,-5.120098,-4.9210196,-5.1054764,-6.1162496,-9.95414,-6.332341,-4.384944,-4.9495726,-5.202108,-8.091439,-6.650572,-0.05887392,3.347062,2.407323,-0.54919684,0.8754181,1.7982453,2.5556445,-0.25382134,0.7641753,-0.8671094,-0.3052086,1.1368264,-1.9138885,-1.9010427,-1.6474683,-1.8603108,-3.4524724,0.32207924,-0.268849,-3.2998104,-4.204161,-4.8881707,-2.8294234,-3.970601,-9.444555,-9.211477,-5.025237,-4.5955305,-5.5396843,-7.917839,-7.0526977,-5.194507,-7.519031,-10.962634,-5.7997913,-3.816928,-2.178744,0.41009742,-1.8951509,-2.1506517,0.33362266,1.7523992,-1.2801704,-3.691959,1.2055532,6.7129602,10.871508,11.053643,6.0536814,2.0767941,6.2027903,9.329821,9.039338,1.4643977,-4.5432305,-2.4540007,0.02862696,7.8459616,10.367729,6.9271555,-3.426509,-1.7140131,1.8122174,-2.6687765,0.41185275,4.287439,0.5104906,-3.1459618,-3.4921708,3.7375846,5.5612426,1.6798666,-7.2406125,-4.5401816,1.1000569,1.4619881,-3.432493,-5.623914,-0.5331093,7.5703526,9.539341,7.8542705,5.375106,-0.65991455,0.3080216,0.20984411,-0.60451317,-4.332726,-5.4139543,-0.5402665,0.9359672,-0.741361,-4.185978,-5.479534,-3.1964264,-5.0325146,-8.29831,-2.7681522,3.0667353,6.2487864,3.6931217,7.283234,10.321253,9.991851,3.393184,-3.2909765,-4.27236,-4.119902,-4.647111,-5.4177814,-5.7133102,-9.458587,-11.061813,-7.8462796,-8.577486,-5.9174995,-6.4506016,-8.493732,-11.051748,-10.117769,-10.536059,-11.984802,-6.015339,-5.8422756,-9.384283,-13.84388,-14.672634,-11.674081,-15.300218,-17.369572,-17.291561,-16.882751,-14.826966,-13.378386,-13.702721,-14.625544,-20.169203,-17.170845,-14.786472,-2.0357547,0.31531227,-1.3634219,-0.622126,-1.0444095,-0.85874176,-0.6090512,-0.9789897,-1.7503192,-2.0096545,-1.5960115,6.687427,12.30591,8.385497,2.9978871,14.594832,18.09716,13.913254,2.5716236,-0.3895374,3.0813777,1.6335319,1.3335729,-1.1405566,-1.0656632,-1.1308281,1.6092712,-5.3315187,-7.5645347,-6.4730906,-7.9639792,-4.8074994,-3.660526,-4.872469,-5.1764975,-6.8755813,-2.9079435,9.027046,11.782294,10.530634,5.503334,-7.348296,-3.0027776,-2.514421,1.6700187,6.9163857,3.8016138,-7.7213793,-7.163529,-6.940412,-10.546936,-11.771456,-8.654675,-0.38488033,5.288637,4.2018614,1.5797935,-3.6105638,-11.022786,-11.161109,-11.947259,-5.3878765,-0.2740909,-2.281271,-9.816336,-7.5023627,-4.759777,1.4435861,5.9682636,6.956949,7.232747,5.7743835,-1.2785846,-5.5277195,-5.4363356,-5.5202045,-5.56536,-11.888365,-14.019908,-10.80224,-12.132414,-12.013777,-7.0547924,-6.3693037,-8.115799,-8.426915,-1.5934371,-0.81541187,-4.66623,-6.624665,-7.8865504,-6.5972,-6.056693,-0.6664504,-1.14057,-6.2405787,-5.4835534,-1.5876598,0.89058554,-3.2415,-4.9743814,2.0688624,0.7448244,-4.64864,-1.5432243,2.077598,-1.1866975,-7.0322556,-3.699392,-4.5646086,-2.0520153,1.98299,2.18647,-0.7497376,-2.9330602,-2.246831,-3.9796467,-3.349998,-5.0880456,-10.360962,-9.748765,-9.033644,0.23957387,5.6641145,3.4096293,-1.6367619,-1.1757762,-2.641001,-5.150781,-9.63786,-8.662548,-10.800335,-7.79004,-6.7278905,-5.2780504,-9.591177,-6.778096,-4.8051662,-2.65342,2.8571553,1.9740434,-4.5719137,-1.1239345,3.1486902,-1.9243157,-5.480088,-4.746268,-3.7528648,-8.0318775,-9.910849,-8.811259,-6.133719,-4.780111,0.69297343,1.0626203,-0.8276247,-1.9622946,-6.8335032,-8.548209,-6.20475,-6.8333273,-8.144452,-9.118296,-4.142682,-1.0462434,-0.7414338,-1.5963925,1.0710709,4.2804437,4.0982776,9.002722,10.800142,5.3191447,-3.000146,-0.3859129,1.2043626,2.0037827,1.0472891,2.7986126,3.7103567,0.4228348,1.2947304,-0.9589617,-4.9495683,-6.744797,-5.0206094,-3.9217887,-8.626735,-14.131826,-11.327792,-7.6844215,-9.733047,-7.8647494,-9.725963,-5.9813643,-0.5004814,0.051105585,-3.998159,-8.160137,-4.5778947,-3.3994343,-5.9966516,-7.807375,-4.315924,-5.819211,-3.231424,-0.39465892,-4.4278483,-2.9230204,-3.794606,-3.4288428,-4.474808,-1.0297098,-2.599455,-8.009838,-3.0912983,-0.97346044,-6.1525207,-10.19226,-3.6634274,-1.9103732,-5.4910393,-6.340516,-2.6606793,-5.5929546,-5.5416613,-8.434699,-6.338331,-3.8945463,-7.7180715,-14.503187,-9.677698,-7.16412,-6.4064913,-2.4900577,-1.1041372,-2.1881435,-6.512365,-11.179039,-2.1155455,2.3557642,-1.2603928,-7.496738,-8.669967,-5.437009,-5.926222,-7.9062314,-4.8784714,-5.9176307,-6.329394,-7.969317,-11.837189,-13.598274,-10.794104,-9.27429,-9.437269,-10.802039,-9.442757,-3.7568057,-2.7286882,-3.0204096,-3.6592445,-7.544945,-7.175548,-8.188328,-7.536891,-6.7441683,-4.108294,-2.8831463,-6.679413,-13.463916,-13.414311,-5.134185,-3.5933783,-3.2856443,-2.8507285,-3.655736,-3.2985058,-5.622669,-8.702546,-9.747011,-8.502016,-10.641441,-12.091488,-9.83691,-4.844592,-4.674761,-8.474029,-7.154165,-5.679915,-9.117854,-8.251572,-4.4815617,-2.168737,-4.0690227,-9.781635,-8.801855,-4.5501485,-5.9016237,-10.854878,-19.018013,-7.516799,-1.4803733,-0.29083446,-4.09371,-4.327498,-2.2188911,0.35353833,-1.3634443,-3.069954,-4.538575,-5.173543,-5.967259,-7.64734,-7.8456216,-8.543875,-6.3093634,-5.887783,-5.5518603,-7.654796,-7.4040384,-9.517259,-7.2689753,-11.185825,-13.605271,-16.529375,-13.382868,-8.4889,-10.287039,-11.495656,-10.362177,-12.489343,-13.502804,-16.171741,-17.57109,-19.97742,-22.391119,-15.125116,-9.6270275,-7.592857,-8.310623,-6.917636,-4.987573,-6.2104588,-7.976742,-7.070035,-7.7536764,-7.268792,-8.8213005,-9.427149,-6.6043477,-3.4725168,-3.3238282,-5.529437,-9.300319,-11.55191,-17.118004,-18.319904,-21.245956,-20.641768,-19.559797,-20.765993,-16.851875,-18.05187,-17.639414,-21.29733,-25.023811,-22.477682,-24.245369,-24.533998,-26.176155,-25.38527,-16.09218,-10.634529,-7.5814085,-8.87262,-10.159042,-10.807499,-7.0659537,-8.552093,-9.759479,-10.650338,-12.389764,-10.788392,-10.731088,-13.694706,-11.285002,-11.765462,-13.594998,-11.623695,-11.216892,-15.936583,-14.408536,-14.840048,-10.04516,-9.034752,-16.335922,-16.744263,-17.46525,-21.699905,-19.334234,-18.694098,-17.556194,-17.089548,-18.289827,-22.00518,-16.898361,-17.00714,-23.633892,-22.41831,-21.360815,-11.599844,-12.655406,-15.616813,-12.771753,-14.778063,-14.503719,-14.856652,-15.212505,-14.937012,-14.131926,-5.5705733,-4.314501,-10.628615,-18.47869,-16.05364,-13.15387,-10.832157,-8.438824,-10.031706,-12.945542,-5.6366515,3.053567,5.244462,7.2576523,4.2600536,-1.4071308,-2.3761067,-2.4541953,-3.916743,-0.36425018,3.3923652,3.3499315,0.17236581,-0.31376588,-0.8890414,-0.9745897,-0.82717276,-1.645828,-2.094428,-0.44743526,1.0930212,-0.41798624,-1.1812356,-3.5355835,-4.6765594,-6.0935993,-5.5607486,-5.233613,-7.173419,-7.2791386,-7.926484,-10.685612,-8.964697,-11.534356,-11.383392,-11.627613,-13.58358,-12.227101,-8.903009,-10.623951,-14.20764,-14.904343,-15.591639,-12.633934,-12.291677,-12.776621,-14.152593,-17.118752,-18.763096,-9.648467,-8.156587,-13.617883,-18.904734,-17.111246,-17.2275,-15.373859,-13.795752,-11.841326,-14.171909,-16.140484,-15.442996,-13.5301485,-13.1317,-13.07378,-15.159388,-15.221155,-12.95486,-12.927766,-17.243015,-15.773422,-15.286833,-16.957628,-19.816013,-20.469116,-21.888573,-25.006748,-20.922739,-21.666744,-16.637455,-15.865006,-14.70747,-14.583335,-12.799825,-5.327046,-3.1274405,-6.5119877,-5.9205813,-6.880173,-5.651507,-4.248738,-2.4858239,-3.378386,-2.1595192,2.227258,4.650961,4.588319,0.04742466,-2.7410111,-2.6935072,-3.6199274,-1.6116798,-0.2933628,-4.694702,-8.305482,-12.432628,-0.9944532,6.6685205,6.75335,-0.92953074,-9.072381,-7.0407367,-5.286628,4.6074696,15.861221,17.702414,11.245986,9.456615,10.280899,5.92547,-1.1698438,0.89025533,-0.95441556,6.452188,10.07975,3.2268956,4.1471806,2.8201056,2.8059335,7.8720675,10.833591,10.836618,4.7619433,-3.8226793,-4.419323,-5.1755285,-3.8325584,-6.522888,-9.939402,-8.254605,-6.8452888,-5.0496244,-5.6273704,-10.46709,-6.855574,-3.7208805,9.735402,13.937196,10.749083,5.4571123,0.6391443,-6.8471766,-0.57801735,-0.33706304,-0.37411386,-1.5034397,-2.429795,1.126139,-2.102611,-4.7167706,-3.0891194,-5.4987392,-9.298409,-9.270418,-10.378995,-8.604766,-15.399376,-12.633033,-5.9344063,-5.574138,-2.536604,-2.8940632,-4.4959917,-3.4673896,-8.836106,-9.564793,-7.377453,-7.936989,-14.358187,-14.382076,-15.523155,-9.471943,-9.811396,-16.742786,-15.85643,-7.637947,-3.2290223,-8.056447,-6.551303,0.012985677,-0.1535699,-2.4948773,-1.7785754,-1.7777123,-2.8020332,-3.0949614,-3.7306535,-3.040042,-3.6152494,-5.1203556,-4.4558754,-5.5461216,-7.736325,-6.1148777,-8.154687,-7.4415474,-8.434138,-8.273367,-8.569694,-11.018739,-8.880462,-9.018873,-6.8829722,-4.7859178,-2.7800825,-6.9980693,-10.562862,-6.8465967,-5.943183,-0.8166548,-0.86077034,-1.4534724,-5.996304,-5.0536757,-2.7524674,-2.7967424,-3.3136435,-3.7539382,-4.942708,-3.575041,-7.140211,-9.685647,-7.239092,-6.311586,-8.562753,-8.369549,-8.999824,-8.1693125,-10.168184,-13.60778,-11.090399,-7.8298845,-8.507224,-9.488856,-8.002214,-10.896997,-10.051483,-11.307798,-17.954681,-13.840486,-12.786095,-10.421474,-7.3175664,-3.0822544,-2.2703533,1.7253853,3.6255627,0.8099209,-0.6918956,-0.52700824,-2.6188679,-1.753875,-0.82982266,-1.1228046,-3.3554735,-3.5434415,-3.266404,-4.5903406,-4.6775417,-7.787316,-5.250373,-1.1507494,-6.817603,-10.905581,-11.090326,-8.715119,-9.187854,-8.718025,-7.4740577,-8.512806,-10.700321,-13.413105,-11.0961895,-9.643796,-8.605786,-8.925138,-10.199117,-11.8600855,-8.202885,-9.738391,-11.663704,-8.456224,-8.390314,-8.153746,-10.001703,-13.024716,-16.098736,-17.11739,-16.508863,-14.560566,-12.574836,-9.788019,-8.283832,-7.2473645,-9.486557,-8.461122,-9.043468,-5.934161,-4.883717,-5.292329,-9.634601,-15.638261,-21.21689,-17.115341,-13.490296,-12.468218,-14.811803,-14.037271,-14.37759,-14.305517,-14.088788,-14.05331,-11.684431,-4.260959,-3.8971498,-7.6432257,-6.0635033,-5.7844677,-8.55336,-5.225227,-4.8073654,-8.490907,-6.6423807,-7.5156507,-10.651745,-7.5987935,-8.379083,-6.4294186,-3.5762742,1.9615028,1.7384865,0.06638711,-1.1688976,-0.43364823,-3.7716165,-1.1961657,-0.7732501,-6.3078547,4.8173923,13.508468,15.900945,14.026212,12.420765,12.1096325,10.766192,11.675417,11.461548,9.560529,4.5741134,-3.057427,-2.1231527,-2.1202753,-0.95653665,-2.1949582,-0.29257634,4.3734736,2.6297493,-0.17242743,0.4010378,1.5925064
-16.970877,-15.066677,-12.506134,-15.738048,-16.279255,-14.961058,-18.993256,-15.862108,-16.983433,-18.107418,-17.255648,-21.764187,-19.16727,-17.412086,-11.415153,-7.594461,-11.098322,-18.584202,-23.227137,-22.7615,-20.716791,-24.473274,-30.280382,-32.271317,-26.798756,-23.7966,-26.655949,-27.23212,-30.5003,-25.478132,-12.001433,-4.22791,-4.882085,-15.759546,-19.734451,-20.78229,-23.184622,-23.731157,-24.720676,-28.039568,-29.548477,-29.46764,-25.686836,-22.24208,-25.234854,-34.775974,-34.516205,-20.498604,-13.842673,-9.363053,-6.3663745,-4.2689457,-3.2699842,-6.325994,-1.8699219,-2.9191318,-6.577163,-2.059187,-4.2864695,-5.9506397,-2.57313,-6.164119,-6.256651,-4.7705812,-8.842328,-5.2220917,-6.3520103,-11.261977,-7.6466236,-8.615192,-9.381018,-6.889862,-9.96507,-9.8085,-6.5749736,-8.286983,-12.207947,-10.687695,-14.363971,-16.629118,-12.311734,-14.35364,-19.819885,-15.250331,-10.199577,-13.460232,-19.458792,-18.309668,-19.659033,-16.872288,-14.414807,-9.677694,-7.6044683,-5.568326,-10.870853,-20.161411,-21.835402,-20.581104,-14.517471,-12.50705,-6.2879763,-4.9421225,-2.8140612,-1.8078325,-2.0412002,-3.9499836,-10.9094925,-20.438643,-14.095365,-11.071249,-12.048235,-16.669765,-13.26522,-14.227579,-8.266557,-5.936988,-9.609434,-6.1409135,-3.3162758,-6.359317,-6.6216664,-7.528657,-4.9947767,-5.5305424,-6.8145585,-8.593778,-8.214706,-11.262511,-13.189555,-9.937467,-7.195997,-9.072262,-8.099665,-11.420017,-7.509475,-13.052122,-20.183485,-16.183323,-18.122786,-20.020042,-19.195698,-20.496216,-20.634071,-21.635616,-21.232702,-20.279053,-20.949707,-21.859806,-22.566605,-26.213516,-20.86261,-16.966545,-14.196309,-16.380077,-20.740192,-19.688652,-19.014084,-19.563696,-19.259483,-21.044537,-20.851805,-20.460901,-20.563047,-21.040516,-21.367893,-20.004084,-22.967148,-19.137154,-8.585573,-7.6136007,-14.8645735,-17.955435,-25.329796,-23.512127,-21.82996,-20.529024,-19.474497,-22.31267,-13.746699,-4.9565744,0.038269997,1.7071058,-6.9247646,-8.901142,-5.5063276,-2.9869494,-4.0982575,-5.3224497,-6.050658,-6.4478197,-5.1719265,-5.2275925,-6.0754566,-6.5769215,-7.8428392,-7.118968,-5.598443,-4.9393787,-6.736783,-7.9964695,-9.438792,-10.982528,-9.284076,-2.953142,-6.4022083,-5.3334928,-4.3810573,-11.283075,-13.58756,-17.236172,-18.571144,-13.57306,-16.035313,-17.251566,-15.516309,-19.091904,-12.177395,-13.249123,-8.011973,3.9573526,8.776368,6.8204355,5.3713617,0.5316296,2.0055506,6.271548,1.7453223,-6.9231853,-9.715454,-6.372061,-7.1659,-10.392481,-7.798884,-8.578848,-10.6646595,-16.444122,-13.068058,-6.325902,-7.197888,-9.0937805,-6.2359657,-4.448353,-6.7868,3.128007,9.741872,9.490122,8.587755,10.010938,10.300149,9.045111,6.4580135,2.5185795,-4.750186,-2.4431043,-4.290877,-4.3645425,5.127512,12.214392,12.47891,10.00231,12.3149395,12.177182,9.520133,5.638397,3.205981,2.692391,-2.5983036,-3.8674142,-2.315748,-2.7879117,-10.332017,-9.837282,-11.224441,-7.2797103,-9.461919,-8.175282,-5.789565,-9.359398,-9.990986,-11.824249,-12.893796,-11.47221,-11.396079,-12.539636,-11.93079,-14.865042,-16.765274,-14.109585,-10.002188,-11.499232,-13.214297,-12.107027,-16.450684,-14.772446,-14.619196,-16.211115,-15.583323,-14.989553,-11.652879,-13.270056,-17.308924,-15.3574295,-8.008967,-9.708269,-13.98806,-9.113785,-10.985199,-16.841534,-22.401209,-22.313633,-21.740286,-21.492949,-20.724934,-15.709684,-13.015486,-14.605542,-18.620516,-16.749344,-17.859144,-19.95529,-23.823835,-22.10368,-19.26086,-10.964799,-14.496969,-25.106972,-21.547812,-23.910902,-23.106424,-17.941473,-14.301634,-14.066946,-14.864506,-16.370453,-15.502125,-16.969498,-15.010078,-11.591224,-8.602411,-7.445497,-5.286871,-10.55122,-16.84563,-23.56741,-27.26718,-28.611143,-25.260029,-23.990623,-30.58462,-30.760744,-27.33594,-21.547058,-20.664663,-16.417227,-11.835651,-9.3994465,-0.77084714,1.4239519,1.77927,1.9810576,0.23376428,0.8879005,0.37353218,0.93117344,1.162502,-0.532421,-0.67578495,-1.0004407,-2.1410773,-3.305883,-2.2711291,-3.339357,-5.87249,-2.4018831,-3.1164927,-6.6015453,-12.547998,-13.406233,-4.7711983,-1.3946176,-2.0148275,-5.9540706,-8.442439,-6.980013,-5.971036,-10.4999075,-12.103801,-4.8443823,-2.3432264,-5.7716045,-1.4547361,1.9731838,0.14340818,0.21672167,-1.1655536,-10.90672,-8.997934,-7.928053,-10.790242,-9.882549,-7.887864,-12.680525,-9.523396,0.7537976,6.080237,2.896919,-5.5249586,-4.681226,-8.344143,-11.173305,-9.605935,-13.324409,-10.666819,-12.469479,-10.733457,-10.070351,-10.505312,-7.187887,-6.0013485,-12.903328,-12.862539,-15.553273,-15.986109,-18.455832,-15.49747,-10.235635,-12.27463,-9.472041,-10.030128,-18.802698,-15.2438345,-2.1744707,8.945436,8.359529,3.1163957,5.000591,3.617096,4.398461,4.6366234,4.3154006,3.3271613,1.6976799,1.9533383,2.0563867,-5.144657,-11.029968,-14.40359,-11.74369,-10.190327,-4.790811,0.88221794,5.3983,7.6204114,6.765147,7.74708,7.0193577,7.6489773,4.3293114,-1.5742506,-4.094139,-4.6088166,-2.8638759,-3.4227989,-6.051675,-12.754395,-11.942186,-10.964485,-10.074359,-5.6856413,-6.1804256,-7.172692,-10.5798,-12.989702,-10.725718,-13.806786,-16.85148,-12.736324,-11.57298,-15.051167,-13.831953,-12.65271,-13.497958,-13.300594,-14.855414,-15.095073,-14.960955,-18.798475,-15.065675,-15.745392,-21.552458,-19.709526,-15.688999,-1.8600768,1.9351919,1.216967,1.561122,1.2283216,0.7947639,1.1825225,1.1456574,0.4580499,-0.0883528,-0.09537721,3.4389238,8.969761,6.4152966,2.8405976,13.751518,18.231333,17.844809,11.215546,10.021032,10.243671,5.1094284,5.0468254,1.566081,-1.0999289,-1.3225045,-2.1849122,-7.1716304,-3.2446527,-3.1623306,-1.9177593,-5.9097238,-4.200405,2.9870641,1.0336756,-9.488012,-6.9249315,2.1488352,6.400091,5.827685,-1.7862195,-6.438571,-9.311306,-10.941965,-8.705679,-4.1284337,-3.3047864,-11.166569,-13.937328,-13.411756,-12.89646,-11.616845,-11.133043,-10.763679,-13.469807,-16.015947,-19.354408,-19.41882,-23.30107,-22.948597,-23.314293,-10.841761,-9.083107,-18.662546,-23.68135,-21.69261,-14.705287,-15.211953,-19.273542,-12.92412,-7.533985,-5.9052157,-9.755212,-16.930887,-16.616545,-19.51864,-18.749723,-16.44393,-16.30438,-14.626345,-19.641588,-20.06031,-20.041712,-21.442205,-18.886469,-22.235338,-15.442957,-9.100699,-10.744309,-15.564636,-19.714518,-19.118391,-18.03375,-5.711877,1.1800617,-0.4563715,2.107422,3.5089705,-4.123455,-13.370621,-10.566811,-4.3695993,1.5953002,1.9019903,2.2720304,-1.5558057,-7.6558685,-12.632861,-9.4759,-5.3662105,-5.2910633,-5.2285857,-4.619219,-4.969556,-8.557538,-10.070191,-9.256006,-8.6786995,-10.528083,-15.340165,-15.979984,-11.329609,-3.6925554,3.1127179,-0.8290077,-9.318331,-5.6933365,-4.642585,-10.154602,-7.2002406,-6.2659554,-9.148978,-5.587494,-2.7271998,-1.936747,-3.1763268,-7.614591,-10.925351,-9.386321,-7.1957893,-9.951887,-9.731021,-4.5999565,-0.75637376,-2.7892444,-3.4511528,1.5388904,1.6056134,-1.3689463,2.568047,2.1683443,-0.37586036,4.9754095,5.3296046,-2.7271767,0.19945565,3.2945318,0.84337604,-4.4538803,-6.2071905,-6.1056905,-5.5391936,-1.851968,-4.7008104,-8.867393,-5.109889,-1.9141548,0.53305537,-1.270368,-2.9750476,-5.9339256,0.24392231,0.5804039,-5.0951724,-12.043042,-6.0572805,-4.640896,-7.682381,-4.992819,2.749845,2.3254917,1.0330107,-2.5098152,-8.788499,-8.166081,-6.5400057,-7.482319,-9.944929,-12.617904,-7.988844,-5.36592,-4.724867,-6.5143547,-6.073878,-7.106735,-10.542747,-14.086007,-12.144422,-11.829896,-13.284908,-14.780317,-15.642852,-17.21689,-17.371635,-11.055126,-4.3726773,-3.9513416,-8.097218,-11.763448,-13.177868,-11.455197,-8.818773,-8.257363,-10.3435335,-12.162695,-13.7692175,-11.441278,-10.7291355,-13.940773,-14.901151,-12.088122,-12.5281515,-6.212222,1.3884022,-0.1486013,-6.4697957,-10.409156,-14.087487,-19.18865,-17.741602,-20.622253,-23.441086,-23.284903,-23.270435,-21.882448,-11.559305,-9.634117,-8.879555,-7.9004793,-5.4912434,-2.3763142,-2.5700352,0.9839238,2.989535,4.172656,4.858642,4.3844943,2.5946555,0.74690336,0.8940053,0.61770886,-0.6734661,-2.1236844,-1.8114688,-1.2211896,-1.1852791,-1.7707434,-2.7354507,-4.7926326,-7.177325,-8.5958185,-6.7905703,-4.0182123,-2.7434416,-2.8481026,-2.8000321,-3.19621,-4.065115,-5.682439,-8.247651,-9.647099,-10.397254,-11.115292,-11.917122,-8.516798,-3.5571246,0.7697857,1.4190639,1.0709774,0.7712108,0.12897475,0.7080459,1.0985616,0.48157948,-0.37059885,-0.3825003,0.03232385,-0.32968193,-0.3924157,-0.26406312,-2.3676727,-6.790686,-11.726398,-12.322878,-10.952888,-15.508819,-19.145922,-16.936968,-16.282728,-17.229877,-12.646585,-8.193779,-9.211504,-10.952968,-9.177509,-7.8066826,-9.873676,-4.826519,-3.9279914,-9.172159,-8.185734,-5.9605255,-5.262177,-4.35653,-7.5962334,-7.713907,-6.4046526,-6.1327934,-6.1917663,-9.518658,-8.946927,-8.643187,-8.086898,-9.702612,-10.663451,-11.6008415,-11.537033,-10.535234,-10.152422,-12.731786,-16.680405,-16.978794,-17.687248,-22.347485,-24.477596,-23.1701,-25.165728,-22.045925,-20.562601,-16.962467,-16.1826,-13.60483,-8.792766,-7.6969357,-13.293293,-19.968227,-11.572424,-5.6971273,-2.3723006,0.052861772,0.6391121,0.90271115,2.0938296,1.1722176,-3.9019978,-10.26816,-9.685725,-12.969193,-15.875607,-15.933506,-12.317456,-15.295029,-15.732344,-17.766375,-22.64847,-21.494291,-21.457333,-21.905672,-23.119745,-26.885822,-27.407026,-23.079739,-12.303358,-9.082064,-9.676055,-11.732719,-11.08736,-10.702008,-11.299476,-13.168088,-7.3368845,-5.486615,-8.318791,-5.47596,-4.8216815,-7.3327594,-5.36553,-5.7683163,-9.267096,-6.0214357,-6.3301945,-9.848853,-7.893016,-10.908251,-12.20682,-7.0787215,-10.83305,-14.173354,-14.022457,-18.12423,-14.348757,-15.722457,-18.407255,-13.256626,-13.83474,-20.821974,-19.02868,-20.252636,-19.76616,-17.719105,-15.332822,-10.192269,-13.438233,-14.60507,-13.519572,-17.722878,-14.750991,-15.857492,-15.257807,-11.509577,-11.518076,-0.5258668,4.0131607,0.4932433,-7.072344,-8.609475,-9.908914,-9.747334,-12.194454,-12.340603,-13.867716,0.96162903,10.181521,11.199688,5.7084584,-1.3049617,-1.4528086,2.5913959,7.1283154,5.5810537,2.139812,-2.7974951,-7.4667845,-6.8573375,-0.5441361,1.5728861,3.0149274,-0.8529608,0.21560104,1.5508455,2.7252288,3.0948682,1.4012884,-0.38877976,-0.8911598,-4.9796996,-8.692905,-7.675343,-5.273809,-4.206082,-5.7226844,-8.24888,-8.541802,-8.294929,-9.654236,-6.8303366,-7.953765,-10.868043,-8.367689,-6.6565905,-8.097933,-10.95736,-14.568434,-11.578589,-8.580648,-9.176336,-11.385332,-12.731993,-17.840872,-23.14701,-13.586983,-13.929481,-15.665965,-18.390322,-17.632053,-15.514948,-12.722557,-11.062125,-10.029197,-12.450951,-16.272635,-18.878721,-14.608144,-13.259119,-14.594688,-17.243444,-18.164581,-17.35987,-12.784995,-11.813225,-14.356215,-14.179558,-14.216212,-13.884005,-14.515244,-17.529156,-17.286339,-16.948565,-23.279476,-20.218506,-17.819622,-16.339157,-11.298716,-9.9646635,-8.358324,-5.8219237,-4.239192,-2.6111352,-3.713181,-4.617174,-3.391216,-3.1179082,-2.6376927,-3.3847365,-0.34607753,3.1043646,1.9806765,-2.8877487,-5.330015,-5.291888,-5.3278847,-1.2404208,-1.9513788,-8.723725,-10.092196,-8.070245,1.2119199,2.4851527,-3.0284915,-5.134324,-6.602425,-5.277352,-7.3447742,-3.8345811,-1.6765141,-5.953445,-5.287233,-5.7731857,6.340382,12.344069,10.171234,3.7070324,1.5136387,8.733218,10.752759,5.579018,5.5040045,-1.4327221,-0.43651357,-2.4777246,-1.7738085,-1.1097289,-1.9610627,0.02549415,-2.2880964,-8.4731865,-1.2810832,-2.1399183,-5.079675,-2.508752,-1.9790924,-3.9983425,-1.5052621,1.2096531,1.4723232,1.8443296,0.74274707,-4.9832125,-2.2441726,0.21500736,-0.2142806,-1.3565767,-7.2093935,-8.437927,-11.032872,-16.844795,-12.929604,-13.77853,-14.631643,-10.42172,-12.66542,-10.700199,-15.164047,-14.259682,-14.829208,-16.311543,-15.627283,-13.743061,-7.1617165,-6.1501174,-12.784565,-20.117386,-17.69383,-16.59944,-17.322933,-21.365736,-21.764217,-23.483345,-19.988266,-16.862427,-20.32574,-25.85226,-21.864182,-24.624788,-16.442123,-5.8184013,-0.5798689,0.1282168,0.8926178,-0.28069562,0.5125817,0.23622781,0.33676422,0.5055602,0.049846712,-0.8299449,-1.6265637,-1.9728707,-2.1358404,-2.8868122,-3.3321905,-4.093345,-5.0297365,-3.1834855,-6.6898317,-7.111841,-8.695958,-8.680065,-8.70798,-9.514126,-9.276447,-9.526558,-8.716454,-10.142797,-11.627949,-11.575876,-13.349074,-13.312988,-11.443572,-7.6825943,-9.302027,-8.614755,-15.453414,-20.095757,-28.636082,-32.633965,-26.543335,-23.98378,-28.307198,-26.290516,-27.541134,-30.915766,-31.296432,-34.791607,-31.322807,-26.483728,-9.962672,-5.9903326,-13.634327,-24.604935,-25.634394,-28.130827,-28.516514,-33.518402,-30.130455,-25.423716,-24.1363,-21.606491,-22.209991,-24.999163,-24.353283,-22.223415,-16.932884,-2.2084239,2.7233748,5.7475348,4.7851596,2.785473,1.6125442,0.5152627,-1.1890887,0.20370263,2.3987105,1.7074038,-0.9452902,-2.0223095,-2.0638795,-1.9793688,-2.8303742,-7.3875146,-5.7421474,0.15923688,-2.0705252,-8.57941,-13.820643,-16.066048,-17.387138,-10.694199,-6.362795,-6.900437,-9.7497835,-10.591553,-13.492627,-12.42923,-11.228026,-13.020946,-9.815275,-9.528954,-15.276188,-13.312636,-15.799671,-23.155186,-19.582708,-17.574291,-18.659393,-19.867775,-20.736704,-24.162523,-30.433514,-30.879196,-27.704332,-24.995346,-13.929635,-12.756501,-15.852564,-6.73742,-7.238874,-18.976862,-22.84755,-26.854412,-31.557505,-27.011303,-23.117048,-25.333979,-30.078947,-31.50618,-20.195848,-19.377157,-25.86781,-25.22166,-22.687775,-16.20629,-7.537242,-4.984389,-5.8266025,-14.723183,-13.032565,-16.299376,-22.59924,-21.784195,-19.65231,-20.142057,-16.873882,-11.752203,-9.17467,-9.766661,-13.673689,-18.46532,-6.9892054,0.29445535,0.799422,1.921982,2.0963242,-5.0853167,-17.146076,-3.0602417,6.8398933,11.686274,14.4961815,14.327053,7.1700487,-1.2356629,-3.348212,-1.8682557,-2.285981,-4.205379,-8.100199,-7.16348,-6.4519935,-5.6102047,-7.1057982,-12.586179,-11.755437,-7.0041537,-7.176071,-7.2818832,-16.436958,-20.33234,-14.421684,-12.560951
-7.109764,-11.334835,-17.250254,-18.007057,-20.431168,-19.135832,-19.499891,-18.795618,-18.11827,-16.152996,-18.257622,-22.962063,-23.059645,-21.216269,-13.120623,-14.076656,-19.068829,-24.006824,-21.663841,-20.271414,-19.756563,-21.582651,-22.747768,-23.8836,-21.83628,-19.59779,-21.10526,-25.698168,-25.929995,-24.330294,-16.20602,-7.380039,-6.5454874,-15.818581,-19.023134,-21.05,-23.652359,-23.669209,-21.568487,-20.53116,-23.111465,-25.16444,-22.18039,-21.462826,-23.123247,-23.195438,-24.437431,-20.03309,-14.752392,-15.174036,-14.655443,-13.597925,-11.3945055,-11.633123,-10.289689,-10.542756,-11.731772,-10.483736,-11.040375,-11.501918,-10.546036,-11.945902,-12.179758,-12.077775,-13.64765,-11.537712,-12.07966,-15.655165,-16.213562,-18.405785,-20.173426,-18.191578,-21.059706,-21.347965,-18.174423,-16.066908,-18.750118,-21.493692,-22.983181,-22.861637,-19.702099,-20.266037,-16.636236,-15.016279,-16.625687,-20.103132,-20.886486,-21.513718,-21.805716,-21.24894,-21.770493,-15.412546,-5.9653816,-5.827984,-12.289934,-18.414295,-20.631554,-24.80173,-16.14213,-13.815809,-10.171106,-8.696482,-8.004847,-6.1141596,-9.213654,-13.6573305,-15.713123,-17.183268,-15.851995,-10.684505,-6.542776,-7.675124,-5.4224997,-5.83074,-6.045068,-7.523895,-17.231009,-13.956692,-12.564934,-10.1152525,-2.5062754,0.5643933,-0.389803,-5.4782276,-7.8732367,-4.9758377,-6.102976,-8.409067,-11.223286,-16.08502,-10.871173,-7.7803617,-9.09609,-11.332706,-4.264687,-5.310936,-15.67403,-19.618532,-15.884474,-11.553152,-13.625181,-13.8908205,-17.614315,-20.108025,-26.227262,-21.540758,-19.51868,-22.42842,-24.341438,-22.406445,-21.20288,-18.859123,-13.6800375,-14.363003,-9.969637,-7.863755,-7.3098083,-10.7667465,-15.66524,-18.617952,-15.303446,-18.98147,-18.282167,-16.416916,-17.10356,-19.552109,-22.671946,-21.929878,-9.571763,-9.143401,-16.774784,-20.381325,-20.291363,-19.62191,-20.015928,-22.90512,-25.704666,-26.586046,-11.201275,5.307662,10.946965,11.573716,10.613405,10.521925,6.5573316,-1.9729661,-5.69641,-3.3422062,-4.4682655,-6.5904813,-12.374314,-8.512644,-8.6161995,-9.385202,-8.556567,-3.8382506,-3.3515248,-1.4052474,-4.3658013,-12.403784,-15.916595,-18.830263,-6.717181,-1.6512597,-6.122846,-9.236626,-1.7801204,-1.329515,-2.2635143,-6.0636926,-7.037423,-9.409662,-13.928665,-15.525637,-14.948515,-11.483343,-5.3621073,-5.6491976,-2.4387848,-0.91632855,-5.1171594,-1.1117959,-5.6205535,-14.031748,-7.2979774,4.08813,3.5423512,-4.0829716,-4.692919,-6.502669,-11.48099,-10.259623,-6.325064,-5.2353406,-9.633975,-16.59578,-14.943199,-6.450616,-6.5455046,-12.002182,-12.013157,-11.795884,-8.932213,-5.669095,2.7661417,8.741024,10.191779,10.503598,9.380943,4.7759705,-0.91572535,-6.0379906,-6.7220993,-1.3957052,-2.4805539,-10.563907,-9.386912,2.60414,10.056837,11.996331,10.869165,5.4468446,-6.8993897,-6.3057194,-2.081635,-2.563,-3.7139888,-5.676091,-9.483994,-8.848183,-7.300968,-8.115232,-6.569811,-7.376442,-12.29533,-8.299612,-5.4892516,-10.171869,-16.159864,-13.587585,-11.610647,-12.482742,-11.664293,-12.22456,-12.829845,-15.683746,-17.07234,-14.012211,-11.5427065,-12.862263,-22.147503,-29.214664,-22.621277,-20.966322,-20.392525,-20.898857,-24.673807,-25.241442,-24.789158,-25.39665,-21.662086,-17.239086,-8.819771,-11.478444,-16.824,-11.476866,-15.063847,-19.549446,-27.892962,-25.781826,-27.82124,-29.34211,-30.44661,-29.693455,-29.908997,-33.59654,-27.957823,-28.758795,-26.590204,-26.739655,-28.764685,-22.230011,-16.959154,-12.16413,-17.407982,-35.053608,-33.249977,-32.69175,-29.344198,-30.388296,-31.436491,-35.777412,-33.50117,-31.317745,-30.839092,-31.029394,-33.533756,-32.883163,-20.990082,-8.917758,-10.019897,-17.825308,-31.50943,-33.859703,-35.30442,-34.044876,-32.407383,-37.68275,-37.79074,-39.777454,-35.25733,-34.155396,-32.08142,-30.599072,-33.56157,-23.586054,-9.085361,-9.414047,-16.038359,-15.457197,-20.004595,-20.094316,-17.591286,-18.170155,-20.229923,-19.078259,-18.679878,-19.493065,-20.151175,-23.838331,-24.092796,-22.902052,-16.56641,-7.5741854,-8.656847,-16.389736,-13.175278,-13.608566,-14.371385,-11.722082,-12.290674,-17.67958,-22.916119,-17.355717,-15.065852,-16.668098,-15.837015,-14.201631,-12.936164,-4.7365513,-3.1097782,-0.12108382,2.8673718,1.8731318,-4.0828385,-9.08383,-15.836968,-19.446474,-14.401447,-12.666596,-14.009266,-13.916273,-12.187308,-12.398203,-12.71649,-12.38451,-11.857445,-5.589791,-9.892391,-13.928958,-12.929125,-20.469986,-18.161064,-19.668606,-13.1357765,-12.927876,-11.080627,-8.90616,-9.816108,-14.885185,-15.373566,-13.337584,-15.813305,-15.737981,-15.009462,-13.268914,-19.786102,-26.871565,-24.530382,-24.279,-13.643781,-2.7775145,3.437153,2.2524233,-4.5717816,-8.417197,-10.208456,-7.3500776,-7.0225086,-5.2729325,-3.400347,-0.7679734,0.82421887,-0.738516,-7.3643966,-16.059061,-16.227833,-14.270812,-15.174094,-8.675775,-7.3382735,-3.7278204,-0.58904,3.1479716,3.5617566,1.461165,-0.45419648,-2.6834502,-3.2561085,-9.094767,-15.712825,-13.769894,-14.783087,-13.859137,-17.775368,-17.167322,-18.795092,-14.563774,-13.9492855,-17.276844,-15.467468,-18.583729,-16.5693,-13.207959,-18.28802,-12.850946,-13.5215435,-17.345612,-17.288967,-20.469467,-25.101536,-17.618328,-14.683329,-18.74367,-24.722452,-23.512657,-21.596395,-21.999847,-21.453419,-23.658073,-30.551691,-20.776478,-10.861284,-10.573933,-15.669182,-14.948664,-15.710791,-16.516356,-15.14627,-14.529575,-16.065838,-17.281631,-14.062538,-0.6344377,4.948733,6.0393124,0.28774446,2.972915,8.4592,17.369175,16.124481,16.096933,13.15364,3.169961,1.3424928,-1.460845,0.8777367,-1.0602486,-3.677981,-6.211234,-4.0338616,0.15484875,-1.1283315,2.3739765,1.7708132,6.272156,4.6396375,-4.8785152,-2.8060684,-3.9132547,-6.771662,-5.00706,-6.9513803,-1.7036006,-5.7554073,-7.683731,-9.215084,-7.1716833,-7.6822324,-10.34155,-12.081396,-12.738432,-12.815675,-12.727479,-7.884478,-5.968785,-11.707362,-26.038782,-25.407465,-23.184587,-20.942997,-17.19083,-21.512943,-20.379965,-17.364737,-15.879029,-19.476562,-26.585474,-19.483353,-14.211309,-12.557522,-12.234798,-10.223469,-8.791992,-9.791614,-11.305161,-11.590111,-11.629385,-12.463517,-13.756999,-12.920781,-14.517725,-14.1373625,-14.53848,-16.582085,-18.310093,-17.35889,-15.183569,-12.390565,-8.01,-9.196495,-14.6629,-22.105343,-24.598978,-23.074179,-13.292208,-2.0017571,2.9223847,2.649355,0.17948273,-6.0670447,-15.100275,-16.646996,-8.21983,-4.4888473,-0.2143274,-0.4125072,-4.441295,-8.894954,-13.715539,-10.101619,-4.425672,-7.4385595,-10.247377,-5.1171927,-6.2378354,-4.922907,-6.657517,-7.048358,-5.027416,-10.230175,-14.161631,-16.559658,-13.609132,-7.740421,-2.8642974,-5.804649,-10.477478,-6.3238597,-7.2635107,-10.683087,-4.5746355,-2.5846314,-3.6285467,-3.0860114,-3.32051,-4.5862164,-5.4992886,-7.7694435,-13.280375,-10.088149,-12.126652,-12.182541,-12.611789,-6.787128,-4.5204,-4.7348824,-5.5549374,-2.2138877,-2.2601612,-0.90309507,5.1960177,4.1907434,1.7301577,5.2533145,4.226902,-1.1936486,-0.21664396,-1.2752904,-3.8451557,-6.4499164,-9.962924,-8.906523,-10.1514,-3.5849533,-1.3543723,-5.8894634,-7.251213,-4.340718,-3.3913136,-6.559723,-6.528969,-6.093967,-0.85927117,-1.4640079,-5.8820243,-8.585283,-5.8770494,-4.0678573,-7.868046,-9.858635,-8.052084,-5.7291393,-4.800198,-8.244904,-14.240833,-15.106501,-10.619436,-7.678056,-7.7493644,-10.618657,-8.296429,-5.5812364,-7.3622665,-11.933935,-10.454922,-9.831834,-14.289189,-20.624235,-16.253353,-15.094301,-15.404036,-15.468557,-17.41047,-18.471268,-15.643897,-11.7892065,-9.868237,-6.1762085,-5.4142623,-8.868458,-10.055871,-11.277508,-8.72533,-8.687852,-11.318047,-13.4154415,-13.213462,-11.752444,-9.990272,-10.537516,-13.9291525,-9.878622,-13.421347,-10.657879,-2.8410103,-3.280649,-11.585745,-13.387269,-13.155729,-15.259785,-18.301222,-16.360264,-21.67028,-19.984331,-18.605236,-16.022789,-14.377897,-14.128852,-14.7227335,-11.671595,-8.867475,-3.4345179,-3.3524451,-1.7251465,-0.692044,0.5219444,1.5062172,0.81062114,-1.650675,-4.2093825,-3.1086514,-2.571874,-4.112033,-6.274166,-4.8631225,-4.228833,-4.856824,-5.5506697,-6.325577,-6.2578487,-9.623999,-13.645816,-11.025242,-7.270141,-6.723504,-7.5668173,-7.92997,-7.809041,-7.985427,-10.184022,-12.79567,-13.799606,-15.257846,-16.142704,-11.940106,-6.5864043,-5.684254,-2.656372,-2.0814238,-2.4757533,-3.3115358,-3.8907452,-3.299351,-3.2361176,-4.096366,-4.990927,-5.253405,-4.298445,-5.0498147,-5.2655215,-4.984524,-5.6994205,-5.2648234,-10.366064,-16.86474,-14.186213,-17.844131,-21.120558,-19.976696,-20.015656,-17.5554,-8.674919,-6.164068,-10.68697,-12.073381,-14.782513,-14.330162,-11.390697,-8.608434,-7.0072265,-10.791224,-13.11975,-13.512664,-10.059394,-7.3449335,-8.020562,-4.164987,0.10050501,2.9440532,3.9333165,2.669497,0.8433564,-2.6977825,-3.443273,-3.9614928,-3.1716573,-0.8998736,-2.1361868,-3.436802,-6.782491,-11.375994,-12.672891,-14.8956375,-14.266188,-12.640103,-14.958848,-18.839693,-16.268093,-15.690714,-19.596247,-17.990627,-17.011024,-16.729084,-14.584471,-12.932772,-18.427004,-21.289982,-19.566505,-9.268004,-2.833346,-1.0385288,-4.1017013,-9.953246,-8.197891,-6.359694,-9.970867,-14.279833,-13.449574,-17.991238,-16.669664,-14.24296,-11.614648,-14.9580555,-18.594154,-21.7743,-24.38667,-21.012127,-20.357044,-22.548658,-24.516167,-28.948832,-29.129488,-25.239948,-17.89987,-18.59008,-19.360067,-21.62238,-17.89361,-10.131971,-10.939833,-14.929122,-10.774223,-10.03251,-9.505846,-10.140027,-11.657961,-10.816789,-9.545823,-10.013687,-11.6903305,-11.86837,-11.188935,-12.789321,-14.181024,-15.718089,-17.096762,-13.117128,-14.999341,-19.161108,-19.532017,-19.710821,-19.934858,-23.984962,-24.719002,-21.313602,-21.356968,-24.84948,-26.906584,-25.241873,-22.404366,-21.23376,-18.924488,-12.292987,-16.101263,-21.65843,-22.12178,-22.172665,-22.700546,-24.705204,-23.889572,-20.416592,-20.878048,-6.332069,0.7554693,1.4926409,-4.56691,-9.826378,-13.748367,-15.038638,-8.073992,-10.295496,-11.480789,1.1620889,5.6842413,3.8651612,-1.7994608,-3.8327167,3.2494159,4.1411242,3.8583329,1.2053096,-6.517955,-8.782288,-9.076547,-4.970311,-4.9735622,-4.538273,-4.2685604,-6.932436,-13.3792,-12.1078415,-11.153936,-11.986731,-13.238525,-13.332744,-8.431565,-9.460541,-12.411741,-13.976375,-13.356933,-13.277484,-16.858713,-18.270525,-14.358939,-13.429055,-12.685231,-14.949721,-17.510288,-18.00571,-16.852774,-18.076077,-20.382332,-20.4385,-19.079086,-19.372404,-19.701237,-19.90196,-19.627392,-21.541042,-26.464636,-21.310814,-15.063835,-18.52504,-25.21587,-24.895096,-23.684715,-21.655746,-21.119251,-22.861158,-20.742884,-20.985928,-25.490263,-23.777138,-24.955425,-24.312668,-25.549023,-26.25513,-24.116924,-12.651436,-11.660513,-15.633865,-20.265024,-24.084375,-24.371881,-20.10334,-19.917103,-21.081085,-22.540037,-20.772167,-23.544392,-24.86409,-23.627724,-25.506754,-17.837675,-14.1985235,-9.47065,-11.073122,-12.520703,-14.79464,-16.221607,-19.558125,-14.503102,-15.73513,-19.56147,-15.003622,-11.7172985,-9.9084015,-12.706253,-18.05505,-20.60534,-22.42905,-19.063726,-3.6808503,-2.0780098,-12.61449,-24.871464,-12.299499,-2.564058,-4.3950124,-11.307153,-14.900361,-20.19417,-9.906479,-8.961235,-15.057092,-14.082164,-16.782694,-17.106884,1.1522685,12.196764,15.086337,14.331342,8.143469,8.8417,12.017879,8.90891,5.805129,7.605419,5.7776194,1.9577767,1.3717153,3.7431917,1.2275028,1.2947117,5.395007,4.027174,1.0052279,2.381378,-1.4143986,-6.305317,-6.1239204,-1.4496768,-2.3244777,-2.8223405,-1.0833843,-2.3047175,1.6900148,-1.7700605,-8.720188,-5.7254963,-0.5131688,-1.5976765,-4.350898,-8.34448,-5.1091237,-7.8466153,-9.545933,-8.970366,-8.008238,-11.934424,-12.989159,-12.666825,-16.445066,-18.616413,-13.088216,-15.455103,-18.032547,-18.455742,-15.090618,-5.2041125,-3.0429125,-11.072473,-18.819954,-20.27071,-17.908405,-16.293331,-22.085028,-19.891064,-21.846342,-23.666613,-19.479279,-23.046915,-27.89258,-25.900024,-22.85699,-13.605727,-6.5016074,-2.554282,-2.1589217,-3.3906815,-8.368089,-13.787128,-16.850145,-18.200129,-17.420496,-17.04063,-19.397738,-19.161198,-20.390354,-20.461128,-19.358276,-21.298677,-20.392101,-13.447875,-6.7349296,-9.547628,-19.247118,-24.682854,-25.879843,-26.737183,-25.677605,-25.577871,-27.433681,-17.936127,-16.57927,-23.90094,-26.186829,-25.041767,-23.350107,-17.687166,-15.384882,-13.215473,-11.250148,-13.813116,-14.674438,-14.150652,-14.708488,-14.713884,-14.005827,-14.114494,-13.408962,-12.666865,-12.236276,-12.323813,-12.85553,-13.507177,-13.435531,-7.127376,-4.6315055,-11.764869,-14.777153,-15.665937,-16.202734,-16.765274,-17.730453,-19.07967,-19.755943,-18.575895,-16.411522,-19.422531,-25.075312,-23.947058,-27.700897,-20.063505,-6.198499,-1.5446622,-0.3888021,-6.049146,-12.939476,-17.00465,-18.087055,-21.73513,-17.71363,-11.916123,-12.407429,-16.661312,-18.613863,-22.086048,-18.163046,-17.981323,-16.490051,-11.216149,-8.427113,-11.333489,-20.13669,-26.235664,-24.970821,-24.51724,-20.213875,-17.813078,-16.394075,-9.535087,-7.0664644,-12.341929,-15.227885,-19.207956,-22.943975,-14.829955,-6.270467,-2.3490307,-4.5319953,-8.572626,-7.9927206,-9.536569,-9.544189,-9.424225,-9.341276,-8.557805,-9.12913,-10.268708,-9.938666,-10.2035475,-11.960941,-7.8787117,-3.8768375,-2.2485776,-4.401541,-4.2412467,-12.70993,-13.908391,-9.591704,-7.3955145,-1.7706056,-1.0479054,-8.671355,-12.749659,-10.524595,-9.67842,-10.30246,-11.738214,-15.129691,-15.45603,-16.744625,-4.2445593,0.7105681,1.1882116,-2.743231,-4.0035505,-4.485256,-5.9096165,-8.970918,-5.4235797,-4.0053005,-7.1214385,-7.2666245,-5.158085,-10.267501,-10.10667,-9.375065,-9.270816,-10.4304695,-1.8777035,-1.4297844,-6.147265,-10.97938,-13.491906,-7.3037777,5.817585,12.155453,12.927389,8.034817,-2.1926956,-9.501558,-5.982509,-4.022728,-4.1294284,-3.74118,-10.868439,-10.189827,-5.1504936,-4.388798,-6.8232336,-7.553486,-12.56686,-9.8681965,-7.656278,-7.7145233,-13.608843,-19.67889,-13.495313,-10.196294
-4.7944574,-7.113761,-12.246296,-11.508025,-10.677414,-9.442686,-12.429735,-11.131592,-8.262597,-4.468045,-8.062954,-12.1711235,-6.196277,-4.682893,-3.2102587,-2.0403657,-5.642779,-9.908878,-5.17847,-3.8817527,-6.9630694,-8.411766,-7.0802345,-11.0953,-8.999651,-4.3041463,-5.950202,-10.413149,-6.4891005,-3.7113595,-5.1144676,-7.925271,-9.938796,-14.65324,-9.069451,-6.877778,-9.418786,-14.500498,-10.5597315,-7.9363327,-13.41227,-16.43026,-9.922011,-11.319055,-11.823132,-11.411189,-9.987215,-8.18467,-11.691971,-10.449468,-13.999559,-12.012178,-13.1324625,-15.903554,-20.096401,-19.668486,-19.276245,-18.921097,-15.845711,-12.873759,-9.719678,-10.867235,-13.835674,-14.448018,-14.489443,-16.234428,-14.485046,-18.231949,-18.628944,-18.52385,-17.02098,-15.905322,-20.065964,-15.809759,-12.216645,-9.323329,-9.101107,-11.45277,-12.2655945,-10.545624,-11.112844,-14.240256,-9.579985,-8.700091,-12.844852,-18.251614,-15.128822,-12.46717,-12.935172,-16.255795,-21.442738,-13.716133,-5.661126,-5.634008,-9.144931,-18.943876,-18.359653,-17.516716,-18.281801,-11.7698,-9.574796,-8.746089,-7.6847606,-14.335909,-18.929823,-13.242435,-9.814915,-7.634076,-8.547815,-10.241269,-8.672194,-6.3333793,-3.0388644,-0.8288056,-3.7360673,-6.9508576,-7.4613256,-10.392803,-6.8959193,-2.7816157,0.07750883,-1.2462835,-3.718845,-3.9076624,-4.3777866,-2.525152,0.703474,-2.857061,-4.6986,-6.2139845,-4.107335,-1.5891521,-4.0701885,-9.01328,-1.3474205,-0.5632496,-7.7328324,-10.86083,-10.660634,-7.283549,-7.5167675,-7.8391623,-9.00541,-7.4219995,-7.4242043,-9.678465,-12.325374,-11.495247,-11.144665,-12.544023,-11.5950575,-9.299213,-10.087876,-6.43837,-1.339139,-3.8055272,-4.364948,-6.5844636,-9.122063,-6.931493,-7.6074357,-10.931176,-14.61735,-10.96763,-8.969372,-11.0188,-17.266518,-14.506153,-5.5556016,-2.1433058,-7.7155943,-15.566069,-12.996822,-12.780609,-12.92747,-9.048152,-11.308445,-13.244488,-8.677072,6.221468,9.210651,6.3631,7.9994717,11.2595215,12.082352,7.6572247,-2.8359509,-4.218629,-3.3636866,-6.265871,-9.926332,-6.864175,-10.996284,-8.726736,-8.059838,-2.6326263,-2.7289686,-4.259159,-7.201926,-9.412066,-12.165037,-18.25056,-8.554246,-4.911074,-7.1632237,-9.8503475,-6.0388417,-0.22364885,0.21058498,2.1393647,4.7538443,4.459132,3.566956,4.635282,3.570691,2.4480484,1.885845,-5.5595484,-7.631397,-6.941123,-6.9135995,-6.6148095,-6.3601885,-1.1498463,-1.1244543,-1.1640459,4.0209713,0.08329749,-10.978287,-10.820984,-14.293729,-12.79664,-13.542244,-13.742163,-14.558548,-18.801048,-16.838974,-11.12788,-11.2783,-14.353289,-18.653065,-10.966558,0.999203,1.1790382,-8.166045,-6.2614,-7.18133,-9.1902485,-11.112266,-13.803044,-16.087912,-21.156462,-13.573915,-7.734377,-8.717953,-3.8387604,-3.1065598,-8.800176,-6.7236876,-4.90418,-7.452938,-11.239956,-13.020707,-15.48862,-12.5997715,-10.939917,-16.214752,-10.816737,-8.155753,-5.8523993,-5.2922864,-2.6778693,-6.6202636,-14.894266,-18.636639,-17.324865,-17.213743,-21.569862,-23.054127,-19.976887,-21.049032,-21.34201,-21.1321,-22.509342,-21.817179,-25.700674,-22.807384,-19.516989,-14.434476,-17.908566,-31.099949,-31.329317,-29.042416,-33.074196,-34.549755,-35.072945,-34.637413,-34.072212,-30.506754,-26.204283,-25.74177,-17.015402,-9.860313,-13.769623,-17.85109,-9.845331,-13.619793,-25.930775,-25.85102,-27.38216,-32.840126,-34.57084,-34.009354,-36.784267,-37.583485,-34.02339,-34.115154,-28.17608,-25.568905,-28.416756,-28.35151,-22.504017,-16.148811,-13.101548,-20.688393,-37.190025,-39.097275,-31.758472,-30.810436,-35.207283,-32.095585,-33.17244,-35.223415,-32.488636,-32.10793,-29.022877,-32.03853,-34.21082,-22.129929,-9.752425,-10.453334,-18.232328,-25.32321,-29.399979,-33.13602,-33.223248,-34.959244,-36.50218,-34.38036,-36.425438,-36.39174,-27.576265,-26.058716,-31.050684,-33.677017,-26.930943,-12.168054,-11.9396305,-22.115744,-27.946321,-28.79694,-30.595016,-30.81275,-28.671562,-32.22899,-30.261984,-25.263308,-27.333029,-31.138474,-34.022938,-35.299202,-35.524033,-18.991283,-12.96811,-13.213581,-15.509506,-11.350565,-9.074373,-16.670277,-14.59482,-15.815092,-21.88119,-23.735855,-26.020058,-27.827215,-22.613728,-18.992615,-17.803799,-11.4042425,-6.847924,-9.186152,-13.804562,-10.989666,-8.985339,-7.8289137,-9.461613,-12.898016,-18.8029,-16.623596,-19.230917,-17.866798,-18.321692,-16.273977,-17.739235,-18.845116,-18.246153,-13.961278,-9.763542,-9.465191,-9.74674,-15.295014,-12.097539,-3.5395746,-0.58489984,-3.3313725,-4.9097915,-13.451447,-16.800972,-16.24356,-16.89721,-15.607187,-14.8603115,-15.041811,-13.393705,-14.693422,-19.003834,-19.489555,-17.344109,-16.314657,-9.770512,-0.14977473,4.1691985,4.2340617,3.7492716,0.2407089,-9.836681,-14.871286,-12.74824,-13.581272,-16.105408,-18.594046,-14.16177,-12.488611,-16.519226,-15.052281,-14.134049,-22.320198,-19.000008,-14.347434,-13.67652,-9.032269,-2.7496133,-1.8265855,-5.0812764,-4.5938787,0.998187,3.0201724,0.023030147,-4.661373,-10.877495,-13.06817,-16.502674,-13.219448,-13.849688,-20.31864,-22.338581,-20.715252,-15.889888,-12.718763,-15.709394,-20.243542,-22.86875,-17.338993,-15.848261,-22.16302,-12.496604,-10.686937,-16.526508,-20.221903,-20.929144,-25.437077,-12.621451,-9.492151,-13.379464,-21.579876,-25.570877,-23.057693,-22.18458,-21.39784,-25.82592,-29.796234,-19.84898,-16.572512,-18.131697,-19.198187,-21.099722,-21.243345,-21.015823,-20.65585,-19.697226,-20.932447,-23.125824,-10.461676,-3.0264995,-1.0210999,1.9454108,-3.1393166,-7.717374,-1.1030155,10.890438,16.029518,13.683672,5.3048544,0.79124045,0.07626217,-1.1306213,-0.90960985,-2.3047915,-7.2386055,-9.416446,-3.9758909,-2.421968,0.9318025,3.4551964,-2.101013,1.1979715,5.8454666,5.7173176,-0.76042944,-6.62395,-9.228812,-9.74036,-9.451251,-4.710291,-6.2422566,-10.464081,-9.168503,-9.061995,-8.871916,-12.511158,-14.636234,-12.715207,-15.351624,-17.148594,-9.579016,-6.004076,-8.696177,-20.557997,-23.024788,-18.10011,-17.534458,-21.29178,-21.311949,-23.896273,-23.088186,-13.691019,-13.326554,-20.185862,-14.132775,-11.937534,-13.976417,-14.595722,-10.236997,-10.0479355,-11.183452,-13.001932,-13.725718,-14.001355,-15.178694,-15.757657,-14.204685,-15.893031,-15.238084,-17.021214,-18.660097,-20.830566,-19.582499,-17.518522,-11.127287,-4.23954,-7.286241,-20.019978,-25.158382,-26.749016,-23.539726,-21.208982,-14.086185,-8.417483,-10.414366,-15.415311,-16.127367,-21.007956,-22.660143,-13.544439,-10.096439,-11.656872,-15.072022,-13.82395,-14.011951,-14.735717,-14.064187,-12.458969,-14.830637,-17.755816,-14.369051,-15.465497,-14.010826,-15.63872,-16.148006,-14.648975,-17.448658,-16.495667,-16.022503,-18.216732,-15.721026,-6.29554,-7.9661045,-17.756714,-19.844305,-19.392233,-16.155512,-16.789585,-15.706363,-16.581581,-17.272266,-21.228756,-27.069534,-25.98869,-17.904137,-14.921384,-12.044939,-13.773359,-13.43831,-13.351376,-16.790846,-17.243843,-18.529663,-15.120517,-10.257587,-9.74979,-2.416394,-0.7572794,-9.427969,-9.666893,-5.42098,-5.908304,0.21102294,4.294859,2.3531842,-4.9682326,-15.447974,-12.738071,-12.302047,-15.322769,-8.269987,6.520235,12.025845,9.995121,0.54942393,-1.6388288,-6.7386065,-10.241962,-10.028008,-10.6679535,-8.346981,-6.60441,-7.0493755,-6.8516855,-3.0964775,-8.162896,-9.822752,-11.729144,-12.892132,-10.990067,-12.292751,-12.187536,-8.391526,-6.410034,-10.08424,-11.938551,-15.05495,-14.626217,-13.356098,-15.721989,-20.379087,-17.90869,-18.339746,-25.001286,-24.712088,-20.912287,-19.841125,-26.057575,-23.136522,-17.208845,-19.489471,-22.83222,-21.657001,-14.967873,-8.198922,-7.160862,-11.484631,-12.688298,-13.715621,-13.666285,-13.400196,-15.087419,-16.943573,-15.68161,-16.249954,-14.765089,-14.059418,-15.644199,-14.951895,-16.61821,-16.351385,-12.480234,-9.9861965,-14.190222,-22.85409,-19.264431,-19.846025,-25.905148,-19.966797,-22.052546,-20.393648,-19.401518,-23.548122,-25.635818,-25.526028,-26.478619,-24.547167,-13.495985,-8.313027,-9.062422,-17.530748,-23.931932,-27.62835,-24.324781,-25.326775,-22.05465,-23.385695,-28.403984,-31.19318,-29.565151,-29.26979,-32.1074,-34.254635,-33.497803,-26.785309,-13.492643,-8.645736,-13.282417,-23.261452,-24.208658,-33.548054,-33.372463,-30.07008,-29.033297,-31.851816,-32.174362,-29.293495,-29.87593,-29.62368,-26.205387,-25.655012,-13.680279,-8.082004,-9.159504,-19.71112,-29.634186,-32.133213,-32.73251,-29.351671,-29.519522,-33.815453,-35.086815,-32.226242,-32.389713,-33.49789,-32.895283,-31.714012,-30.721703,-19.759577,-9.656787,-9.12828,-11.324184,-11.5481415,-12.13964,-11.578113,-11.610777,-11.742315,-11.535637,-10.103883,-6.40664,-9.415989,-17.737106,-21.080956,-22.09813,-15.393911,-11.356278,-1.7938702,0.598995,-3.029494,-0.6983795,-1.6847361,-5.5131717,-3.8146517,2.2431018,5.4293656,5.0179343,2.672597,2.729929,3.1834497,3.00522,4.130959,5.5648203,5.475969,4.211226,4.052908,5.5691094,2.3061447,-1.7457498,-1.3707368,-1.434734,-3.3882344,-5.134704,-4.9258347,-7.292709,-8.365112,-10.444442,-15.923104,-14.624517,-11.150312,-7.9926167,-4.619366,-4.1185164,-10.38788,-12.9007,-16.482738,-17.324923,-12.604923,-13.471576,-10.060846,-8.80003,-11.714966,-11.820258,-10.167921,-8.813603,-8.976454,-12.820524,-10.639084,-9.723429,-8.575024,-10.387978,-10.990678,-7.8057966,-9.023529,-11.88599,-10.020256,-8.915489,-14.666246,-18.705982,-15.008402,-10.806873,-10.317461,-10.340166,-8.472995,-12.1629095,-9.44899,-3.1348763,-4.8608227,-4.8485255,-5.1581526,-3.216652,-4.42769,-9.754144,-11.766171,-11.668121,-6.3133087,-6.8518953,-12.306549,-15.396663,-12.355599,-10.714775,-10.943096,-11.240211,-16.205433,-17.252861,-15.598086,-13.940993,-9.880792,-8.288854,-10.965998,-16.595285,-13.628244,-12.33376,-14.180824,-17.322987,-17.008186,-18.979042,-16.271933,-12.982201,-15.654911,-15.155898,-16.4171,-16.070467,-15.425306,-16.990917,-21.997414,-24.500582,-19.231932,-13.297754,-10.732194,-10.588421,-10.702578,-9.713702,-10.551546,-14.733729,-12.844025,-11.063717,-4.030493,-6.5564585,-13.75298,-0.44352558,-0.33649546,-10.305095,-6.124651,2.75254,3.1436207,-4.8243146,-11.916992,-14.736977,-10.765096,-3.3366642,-1.2011744,1.1932441,0.7601234,-9.471317,-13.193304,-8.772042,-7.50555,-11.139967,-16.010635,-16.701002,-20.456871,-15.372992,-12.448172,-11.942282,-11.447388,-7.3975506,-8.744732,-16.616959,-16.925156,-16.161757,-9.22124,-9.079004,-9.603568,-9.304634,-9.184427,-8.69302,-8.432589,-7.43699,-9.47783,-12.882191,-13.724126,-16.161526,-17.714615,-12.644873,-11.464941,-12.792864,-13.187456,-12.288876,-15.537673,-19.499842,-16.761816,-14.31992,-16.640348,-14.819326,-12.49257,-14.552545,-17.707981,-15.752066,-19.096043,-19.673931,-22.666006,-21.00578,-24.8057,-24.88167,-22.672958,-13.141242,-10.114317,-10.430369,-11.161299,-13.497586,-15.6021385,-11.76931,-10.588331,-12.089762,-17.21624,-17.80523,-19.560156,-17.275852,-16.27207,-18.706545,-15.88648,-12.431303,-6.640731,-5.201376,-8.672899,-11.483465,-11.12062,-6.3595076,-8.252872,-13.667574,-21.621035,-21.523129,-13.545404,-11.005546,-17.278591,-18.185007,-15.265054,-15.490566,-16.447405,-5.3998904,-2.6320255,-10.248049,-16.563799,-10.314008,-5.677864,-10.321877,-13.069873,-10.07441,-12.42258,-15.350634,-11.819867,-13.738321,-18.83998,-13.125792,-9.65241,6.387163,11.315969,5.077347,9.245039,14.911065,15.336546,13.06102,1.6156349,0.23361318,0.822632,-0.396688,-6.102787,-2.3957186,-0.46623588,-2.48983,-2.3791764,-1.060194,-3.8576057,-3.5000725,-0.8435838,-2.4755895,-2.5741432,-2.939273,-5.6874285,-5.6111197,-5.948267,-8.959906,-7.750385,0.93405277,-0.098269805,-9.841884,-13.686052,-5.8615584,-2.4552658,-4.258456,-5.0190187,-1.9729949,-3.2895808,-5.7995677,-6.550232,-10.693228,-15.3554735,-16.625708,-18.034203,-15.546025,-15.882332,-12.881485,-14.962815,-19.491245,-22.18071,-23.735273,-12.032279,-7.2164917,-12.418042,-19.742939,-20.394493,-14.515229,-16.14399,-22.85713,-23.367237,-21.414774,-22.124842,-22.884457,-24.86596,-27.582584,-31.62458,-22.80329,-18.42269,-14.147668,-11.744804,-15.898175,-22.355146,-21.04964,-25.12463,-25.924961,-28.246685,-31.312334,-34.852962,-35.50696,-35.047577,-34.442398,-34.677666,-31.385164,-23.940475,-19.63297,-17.763327,-14.70414,-16.133627,-21.384499,-28.575838,-41.150356,-33.329407,-31.797503,-30.843184,-26.756512,-14.930024,-14.906539,-27.365627,-33.26707,-24.533894,-22.417458,-15.660258,-12.442645,-11.945387,-13.067241,-16.136623,-15.603442,-16.116411,-17.389633,-16.976606,-16.444109,-16.42166,-15.440546,-14.223942,-14.391631,-14.653656,-14.720818,-15.331417,-15.641249,-12.6916895,-7.921609,-10.30973,-15.676611,-17.781387,-17.2277,-19.154888,-20.39566,-21.729645,-22.570646,-21.015038,-15.262509,-17.866455,-21.951023,-20.867441,-24.089142,-25.81137,-15.566253,-14.214024,-15.187321,-15.227284,-21.018229,-26.7313,-28.538109,-27.521116,-29.288368,-33.393944,-30.496265,-22.838932,-21.231297,-27.788605,-24.578993,-22.19261,-20.136635,-12.26308,-10.996963,-18.271347,-23.40802,-20.955095,-24.504097,-31.873688,-33.767822,-32.088627,-19.48512,-10.152697,-4.1446133,-6.988163,-20.115181,-24.812897,-21.523989,-13.298989,-5.4075527,-0.60149264,-3.792828,-11.146908,-8.47006,-7.124296,-4.2454567,-0.71833616,1.7563713,-0.9563676,-7.892527,-11.686969,-10.51289,-12.2975445,-11.131422,-0.8454839,5.3937664,6.484924,5.2098923,-0.8854314,-10.042761,-8.149002,-6.2067785,-1.850544,4.7213182,4.9175897,2.4483333,-4.4650955,-8.565646,-7.9281635,-6.229211,-8.826475,-12.356893,-10.713691,-11.730256,-6.128803,0.27852476,0.8744133,-3.6017394,-6.0583754,-5.7033663,-5.6670027,-8.885874,-5.7898407,-6.0820446,-9.219622,-9.338235,-11.424257,-13.540487,-12.516688,-11.186613,-11.583027,-12.921436,-6.745491,-5.3269787,-11.467844,-16.060522,-15.491053,-17.223858,-9.645614,-5.366808,-6.141203,-10.374699,-12.086245,-15.51054,-18.4576,-19.409063,-15.788563,-13.438459,-14.26894,-10.947319,-6.4813423,-12.75031,-20.101093,-16.566257,-17.570934,-21.917574,-20.505943,-17.627367,-18.689848,-26.713408,-27.098495,-20.523565
-20.033756,-15.071029,-11.599052,-9.393521,-8.073966,-9.389577,-16.121265,-11.182781,-7.411602,-6.5573792,-11.033744,-11.959999,-4.3882437,-2.0386493,-1.8838017,-2.5024729,-6.8222713,-8.828679,-5.26417,-4.890916,-9.429491,-10.308054,-7.844919,-11.345537,-8.964012,-4.8244376,-7.272295,-12.905258,-5.929755,-2.2347915,-2.891791,-7.607382,-9.131065,-15.531484,-12.28952,-8.6169195,-7.890432,-10.974025,-10.958147,-9.2819805,-12.62703,-14.645986,-10.688662,-13.472018,-12.323427,-8.69333,-7.953632,-6.2752304,-6.938727,-10.593487,-13.809183,-14.572676,-17.965174,-18.406153,-18.233263,-18.673105,-17.91793,-19.544819,-19.50728,-17.455824,-11.486465,-10.492148,-12.76642,-17.272333,-18.235128,-16.824669,-9.535627,-8.309572,-14.940005,-23.316502,-19.887285,-17.548294,-19.244717,-18.167665,-15.923641,-12.320437,-11.181509,-12.082358,-12.677048,-12.591367,-14.250393,-16.802551,-12.660034,-10.274056,-13.335373,-20.690945,-17.790142,-15.835666,-17.715815,-21.362354,-24.044117,-12.863325,-7.1297593,-6.9766464,-10.73465,-17.377914,-18.877672,-16.861494,-14.316997,-14.362912,-11.804089,-9.338232,-11.368675,-15.6997,-19.173811,-18.040949,-15.479469,-12.793097,-14.646783,-15.229211,-13.736971,-16.140623,-14.469124,-12.772574,-10.200308,-10.276358,-8.573223,-6.5799932,-4.7268243,-7.0302105,-6.5725636,-7.5955114,-7.306814,-7.844184,-10.65778,-5.723322,-2.5050428,-6.2340407,-5.886978,-5.650501,-7.037804,-4.902187,-5.421314,-9.799659,-7.977332,-3.5122523,-6.919175,-8.406184,-7.8214493,-8.281247,-10.2755165,-12.1884575,-7.749958,-5.5984883,-6.506884,-8.998629,-13.45346,-14.619197,-12.761455,-9.550649,-6.295621,-5.4922943,-6.1965723,-4.3464556,-2.9697423,-7.058264,-6.5707307,-4.9697814,-5.237265,-4.354665,-5.6154437,-9.744208,-16.623734,-12.800551,-11.537862,-12.383995,-12.591542,-9.285812,-2.788293,-2.6395562,-8.393957,-14.301659,-15.646342,-12.494902,-9.92242,-6.0789022,-7.180069,-11.264896,-10.258806,-2.160081,-1.002383,-4.692056,-9.390056,0.293943,8.893947,11.837548,10.685789,7.2451444,1.1952596,1.0588171,3.170877,-0.67484623,-3.7049534,-3.5639005,-8.456853,-4.4437947,-2.930035,-5.430066,-9.315746,-5.546894,-2.608768,-0.6565701,0.56084305,-0.7863188,-3.6713076,-7.4916573,-8.541895,-10.069219,-10.725294,-3.6816888,0.014531858,1.4000415,2.3669944,5.0009785,5.769559,6.2790513,2.407503,-7.434618,-3.133849,3.8848262,8.484535,10.641676,10.765278,10.367818,6.4867706,-1.0778954,1.7703224,6.8302374,5.2665987,-0.85921156,2.3840365,4.536893,-0.7602247,-0.7544393,4.524253,3.6406198,0.061829578,-5.4167824,-5.8655124,-10.194971,-10.381702,-7.259221,4.9503064,8.383835,2.951268,-5.9422054,-11.73677,-13.624946,-12.382721,-15.447781,-19.164589,-17.862076,-13.490458,-6.426984,-3.959885,6.0718784,9.899425,5.6861854,-3.5618975,-9.714397,-12.972316,-8.679379,-6.261408,-7.153449,-11.417513,-11.97448,-15.019742,-12.227329,-9.005711,-7.9338045,-4.7450027,-4.422242,-6.9363236,-11.584445,-16.427711,-14.669811,-15.830797,-16.866623,-14.761383,-14.940787,-19.391603,-23.753296,-19.902748,-19.418163,-21.435022,-18.866766,-16.509184,-18.757755,-14.446069,-17.073063,-22.006542,-20.402012,-18.991882,-17.698769,-18.01844,-22.70807,-25.5478,-23.569319,-28.792843,-30.112888,-27.482222,-21.003532,-13.337603,-15.592754,-14.673491,-9.442772,-15.180694,-20.974533,-17.077963,-18.731815,-19.25588,-21.897633,-25.518517,-23.890612,-23.58989,-23.689907,-27.377855,-23.968489,-22.960579,-23.370613,-24.194294,-25.618334,-16.353386,-12.258206,-18.870518,-26.26968,-26.179226,-25.682587,-22.192753,-21.193228,-21.34382,-22.29001,-22.648785,-24.535824,-24.255856,-23.370478,-24.637383,-24.551418,-18.270103,-8.107028,-8.036984,-15.157489,-22.67844,-23.259426,-24.84768,-23.540525,-25.69917,-28.532076,-33.676254,-24.346912,-23.382387,-24.611217,-24.055712,-25.544586,-28.86406,-22.116907,-11.479978,-11.970676,-22.056694,-23.518839,-25.925358,-28.126562,-30.490788,-30.075172,-27.918697,-27.36586,-24.32318,-22.85889,-23.427109,-25.504925,-28.415346,-27.101954,-14.33823,-8.534059,-13.099266,-13.676565,-12.213596,-5.252803,-5.991679,-8.221913,-9.275553,-13.947615,-21.376995,-24.228954,-22.533764,-15.562996,-9.558628,2.653708,10.949578,13.58758,11.13112,9.200196,8.999549,6.9001017,0.73139143,-2.2433476,0.61358434,2.633356,1.2175395,-5.819382,-4.9157753,-9.592305,-9.4017935,0.3625241,5.208526,8.1532345,7.740754,6.4057918,8.631864,5.2574425,-2.9842923,5.262608,12.226644,9.941223,10.113115,10.242595,4.0907726,-2.7294102,-6.9136186,-1.9962739,-1.1336522,-3.604596,-2.695592,0.14513445,-3.9639192,-7.8453236,-6.4518256,-5.150306,1.3488704,7.3306446,8.103416,2.3819249,-1.1136829,-1.4458829,-0.34040257,0.028048828,-1.9049292,-1.9979256,-4.676837,-9.763695,-10.925664,-10.63999,-6.4685707,-8.735696,-14.2087555,-13.495092,-14.383631,-14.417143,-14.210258,-13.379069,-5.788863,-2.1282544,-6.8698473,-17.084896,-16.830824,-12.70033,-9.387659,-11.119791,-12.810089,-12.358942,-13.506588,-17.035894,-14.671626,-18.197515,-22.506094,-23.576946,-25.212059,-25.83862,-21.232807,-21.472385,-24.897633,-23.544168,-25.957663,-22.437756,-24.184778,-19.42076,-19.58061,-20.785065,-20.679619,-21.23554,-19.839397,-13.4313755,-14.562817,-12.9792385,-16.341167,-24.788363,-24.01491,-26.60324,-26.997925,-28.3172,-28.388845,-22.259457,-21.422966,-19.300339,-17.766172,-23.577929,-26.137419,-25.743095,-25.361092,-29.883644,-31.117002,-27.080307,-9.8025675,-2.632646,-3.8783977,-4.2706246,-1.0403557,6.125161,6.605044,1.3306556,3.406495,1.8344657,-8.048135,-7.2516937,-9.510164,-8.562359,-11.387669,-15.654139,-10.003396,-9.335224,-13.254969,-3.623121,4.1758747,1.4707531,-8.659027,-12.793597,-1.8931605,6.267893,5.1919703,-3.0460417,-4.6741004,-8.920942,-14.111719,-10.235323,-1.3901545,-0.1461448,-5.394936,-10.82045,-19.356604,-16.197365,-11.279608,-12.014051,-10.834372,-9.390108,-8.660489,-11.102264,-11.067333,-18.81874,-16.275263,-15.859339,-15.217525,-21.571667,-23.35642,-20.991959,-18.04435,-17.702826,-15.962872,-20.089874,-15.013286,-13.788749,-21.35855,-15.513914,-12.866276,-19.630703,-21.468697,-22.603458,-26.60698,-24.062222,-25.896015,-22.352642,-22.17307,-22.616396,-16.957273,-18.611544,-22.95509,-23.457586,-21.076658,-15.200629,-10.227655,-6.532115,-11.470218,-20.085598,-24.381609,-25.168583,-29.266891,-24.306664,-24.863565,-27.30391,-28.165428,-29.341568,-21.386772,-17.024881,-16.250618,-13.923408,-17.349197,-23.67077,-12.661829,-12.637277,-16.32405,-16.92872,-17.433563,-18.031149,-20.324726,-21.998014,-20.799038,-23.452606,-26.902464,-25.11869,-23.517078,-20.250666,-20.81106,-21.787775,-14.201487,-9.848025,-10.846204,-7.7186275,-10.247463,-20.909973,-24.643005,-26.028332,-23.914717,-22.97375,-21.308006,-23.221294,-26.33585,-23.629381,-25.302902,-22.801086,-17.31598,-12.687742,-10.786919,-12.607368,-16.460289,-14.93846,-10.800461,-8.073022,-2.9410715,-6.733687,-13.883984,-8.051651,-1.0486486,-3.6621118,-12.48012,-7.9205847,-8.905936,-5.2241974,3.6140668,5.6108766,7.387603,7.575174,5.2158365,0.5220835,-2.7473526,-9.980513,-6.2216,7.983997,15.25034,16.249146,16.716116,17.377096,15.511183,11.46646,3.0519245,0.8557802,5.2082787,7.366402,7.880773,7.423246,5.819283,2.038659,1.601834,1.2442377,-3.5892847,-5.1789947,-2.8715923,-0.2765767,2.478287,0.56500924,-3.4223008,-5.652994,-5.997736,-1.9742925,-2.425862,-7.69553,-13.7996435,-8.870129,-5.505572,-6.9325905,-12.272654,-12.2736,-9.448943,-12.539687,-13.521394,-9.4304085,-8.6525,-11.375929,-14.191147,-15.74165,-17.288095,-13.715711,-13.704471,-17.546654,-18.658733,-21.093824,-25.144804,-21.444763,-20.044418,-23.832462,-25.225962,-20.674057,-23.847998,-30.142384,-33.081074,-24.376152,-14.551407,-10.447673,-8.54459,-12.142689,-20.309523,-21.830502,-23.222202,-24.139809,-24.855968,-25.838173,-25.337793,-18.48928,-15.53146,-20.458546,-21.294497,-21.16132,-22.43624,-15.106782,-13.319961,-11.017227,-13.923199,-17.270737,-19.306433,-22.583076,-23.737373,-22.906973,-23.824873,-25.535637,-28.327457,-30.870579,-29.67409,-26.465137,-25.824116,-26.130007,-19.409908,-9.164919,-5.005991,-10.609895,-20.4552,-21.751465,-34.691677,-32.307495,-28.00346,-28.073479,-30.817219,-22.233267,-15.77743,-19.05782,-27.741282,-22.422535,-22.27298,-17.319847,-11.702342,-12.223478,-21.156837,-21.022451,-23.51154,-20.846237,-19.135986,-17.69529,-16.38408,-17.635212,-17.655645,-22.307844,-22.188915,-19.772972,-19.085098,-17.627365,-14.349075,-12.548227,-13.48597,-13.497538,-13.965424,-14.866356,-14.104194,-13.705598,-14.066468,-14.922009,-10.820612,-6.6896443,-8.925234,-15.489949,-16.182783,-16.111683,-10.981828,-7.677584,-2.650639,1.3186381,0.7094047,-0.5914874,-2.3631454,-6.171238,-9.448807,-4.9833574,-6.378587,-9.709269,-12.01784,-9.950524,-12.625289,-8.829182,-6.4972696,-1.6910595,-2.802977,-9.491926,-6.9294305,-0.13030523,-0.03232473,-2.9766974,-4.8715744,-3.7578912,-4.9516907,-3.7641785,-3.5769734,-3.998671,-6.654027,-15.081416,-21.591896,-19.657349,-18.353325,-14.554099,-9.439644,-5.539078,-9.822892,-14.39027,-18.098175,-15.609682,-12.410756,-9.086878,-6.385925,-6.6584435,-9.463267,-10.497838,-13.699302,-12.619818,-9.603947,-8.8153,-8.349933,-10.121393,-12.2785425,-11.103898,-8.49373,-6.9856553,-8.626799,-11.632452,-11.245733,-10.026045,-14.966983,-15.754704,-12.759743,-11.416626,-10.725265,-9.960192,-8.290945,-12.56188,-11.937038,-6.104276,-4.649228,-5.839185,-11.321717,-7.2025833,-8.906711,-7.8169165,-7.120028,-11.0884075,-12.090426,-15.340765,-18.11775,-16.134268,-13.398285,-15.382282,-16.253448,-13.188982,-10.284739,-10.679332,-14.121002,-17.074669,-12.677572,-10.180326,-13.152031,-15.881311,-15.69839,-14.226078,-17.073685,-20.661507,-18.018955,-19.184088,-19.85731,-16.46162,-15.629038,-12.330587,-16.043861,-21.808308,-20.091284,-22.003845,-26.599005,-23.881824,-20.352182,-16.15123,-11.579126,-9.672643,-10.714669,-13.351375,-16.86438,-18.490313,-15.139687,-12.007848,-6.2342124,-8.919494,-14.163498,-3.8760605,-3.2367766,-7.673268,-2.0256944,1.2412491,-3.8144372,-11.801725,-10.724682,-9.228254,0.62656015,6.9044356,7.2461743,3.9217424,-1.8905638,-12.121902,-6.9268603,-2.3329375,-4.868858,-8.691069,-14.52979,-13.892728,-10.009465,-7.847386,-9.08732,-10.1275425,-9.212711,-6.587155,-6.407756,-12.521822,-14.810758,-9.90452,-8.925765,-13.430797,-14.063051,-10.24611,-11.159507,-10.475039,-9.041112,-8.77383,-11.396465,-13.049717,-12.868532,-17.461304,-16.828413,-14.341774,-14.568839,-14.739004,-14.033686,-14.710007,-16.971157,-15.48685,-17.863028,-16.411167,-17.891142,-16.674366,-15.605317,-17.811707,-19.31049,-19.15663,-24.970495,-20.861107,-21.541992,-24.048664,-27.116417,-26.067673,-17.857567,-9.86113,-10.207978,-14.241391,-15.750245,-13.741513,-15.581693,-15.768399,-14.892134,-12.536911,-14.36935,-17.73928,-20.6627,-21.79383,-20.625366,-20.246706,-14.913326,-14.579974,-12.075838,-6.218628,-8.31745,-3.3783057,-0.7093633,-2.9293332,-5.026024,-6.189007,-13.1725025,-19.525322,-18.830816,-19.002989,-21.853142,-20.326979,-18.779295,-19.64978,-20.768423,-11.985384,-9.592254,-14.249449,-14.138961,-10.598373,-10.991183,-12.316977,-17.010616,-14.907854,-13.262267,-4.2477665,-1.2637482,-6.5461926,-14.481388,-14.713496,-8.78105,8.636377,11.456972,2.8784795,6.900063,13.993178,14.31159,8.857695,-0.58078873,2.8298087,6.821807,5.3950663,-1.4226637,-6.392292,-5.8140135,-3.7304707,-3.4856668,-1.7470657,-6.33169,-7.6979256,-3.057294,-2.2747006,-5.389561,-4.0707345,-5.2646804,-7.6718354,-9.853521,-8.599835,-8.629697,-0.607348,1.387366,-3.3759782,-8.633405,-7.496738,-4.016088,-2.0509555,-0.32962298,-0.47853592,-1.0853177,-5.0894732,-11.601362,-16.56815,-11.345255,-11.003848,-16.50802,-20.899832,-16.996943,-17.807684,-23.31034,-23.113369,-19.102905,-18.613255,-11.62448,-11.303378,-15.511721,-20.57746,-21.586926,-20.039726,-19.499628,-19.821999,-24.513897,-28.212622,-15.714625,-13.411387,-19.722403,-19.435345,-19.812176,-24.708452,-18.760538,-15.585602,-15.418048,-20.369373,-18.818464,-12.963335,-18.286873,-24.212896,-26.18329,-28.221424,-28.130547,-25.173227,-26.002281,-27.368422,-26.98299,-26.687359,-22.593773,-16.59981,-11.090849,-8.917414,-12.683556,-18.883783,-22.730957,-24.961803,-25.746763,-25.728745,-26.196587,-20.399689,-10.628233,-9.856918,-18.164091,-18.586195,-12.258005,-13.924755,-16.0612,-12.248699,-11.427591,-11.428825,-24.087084,-31.386036,-30.30217,-29.489872,-32.884785,-31.240671,-30.668505,-34.615776,-32.278816,-33.948563,-32.8991,-34.012432,-36.822063,-29.198772,-15.17108,-14.855012,-21.704008,-26.314383,-27.705614,-30.002079,-30.64386,-32.087746,-30.502857,-29.613245,-20.710115,-10.973805,-13.136431,-21.945782,-20.85127,-20.549866,-23.022861,-18.433567,-15.338178,-13.164003,-9.954361,-16.906765,-22.640936,-24.738302,-28.17886,-31.57953,-30.766726,-31.153538,-28.22757,-24.12329,-23.061554,-26.987396,-26.194918,-22.408382,-13.272773,-10.5758295,-16.467764,-23.394098,-25.097095,-24.069365,-23.918652,-23.453754,-22.530537,-14.36412,-7.9693537,-6.431781,-7.7979746,-18.14179,-25.337986,-23.89579,-12.996431,-1.6786792,-1.6499498,-3.3209686,-11.656483,-6.109089,-1.4075732,0.7485569,4.7098517,5.181146,6.111264,3.464378,-4.3197265,-11.487523,-13.420153,-7.2087965,3.018123,3.1394358,0.1609035,5.857882,3.183646,-7.1788926,-9.735856,-5.8959765,3.7815332,3.1340609,-1.1719124,4.7618756,2.682285,-2.7351356,-0.9197916,-2.28541,-9.303828,-10.336858,-13.4508705,-12.929111,-9.937681,-2.6705716,3.652597,3.1003335,-1.5880524,-1.0823452,-3.281022,-4.9085245,-8.702415,-11.893328,-7.184779,-6.7332726,-10.527488,-13.249931,-12.534153,-14.370529,-15.732812,-14.948545,-10.938702,-8.676969,-13.727813,-18.993748,-21.303055,-19.23396,-21.433924,-15.810342,-18.035128,-18.50704,-20.79586,-20.64405,-20.716887,-19.728615,-22.827667,-15.885561,-14.231775,-14.084137,-11.225978,-17.7323,-23.2619,-25.403263,-30.547468,-23.443382,-20.918303,-23.67989,-28.262959,-28.631514,-30.16508,-22.173922
-20.377188,-14.073532,-9.038597,-7.6796966,-7.6338887,-9.656421,-11.795553,-10.171244,-8.658211,-9.245959,-11.020617,-12.805723,-14.777865,-15.685482,-13.043116,-12.97209,-14.12715,-14.060445,-18.23146,-12.3090315,-7.667882,-6.4090805,-8.624778,-14.877258,-20.00114,-17.851002,-17.55376,-17.03541,-14.284686,-13.638653,-5.4637423,1.3715332,0.54975194,-2.6982949,-1.3196933,-1.2515675,-1.5318959,-1.5863426,-1.4566576,-1.5014348,-2.2594442,-2.4215665,-1.312654,-1.8847461,-4.4638624,-4.1375422,-5.3699393,-7.047381,-7.3001947,-9.226431,-6.1365833,-9.583821,-10.988291,-7.2815905,-8.600911,-12.233311,-11.1348,-9.153441,-10.787622,-15.1395235,-13.767864,-14.092882,-14.168549,-9.732227,-9.769333,-7.6137056,-4.435039,-2.9962232,-7.1383386,-6.928106,-9.586699,-13.964582,-11.562947,-12.104148,-11.088141,-11.52822,-14.501272,-18.414501,-15.81464,-15.681358,-15.964109,-19.122704,-22.0782,-14.720759,-12.587639,-15.373368,-14.77647,-18.346163,-18.71898,-19.725569,-23.134567,-14.480068,-7.990324,-9.152245,-14.486266,-17.20317,-18.489208,-10.166236,-3.284688,-3.2890203,-5.060044,-4.7157707,-4.655216,-5.65384,-3.8580413,-2.741759,-2.5074568,-4.310053,-7.0296354,-10.432917,-10.380697,-11.6374,-10.9646225,-9.204129,-10.568438,-12.194324,-13.275527,-12.211686,-10.0208235,-11.326704,-11.864433,-8.658164,-6.611378,-5.7936616,-3.9496768,-3.5015373,-3.2556672,-2.952249,-3.0190394,-2.99018,-3.827062,-5.5428,-7.946108,-7.26371,-4.6169567,-4.972615,-8.482207,-7.3766937,-8.259763,-8.704144,-7.356044,-7.145886,-7.0564394,-5.5502796,-7.1010375,-10.695277,-11.351056,-13.520316,-14.120675,-16.01643,-12.738569,-11.37045,-14.807743,-18.648973,-17.82706,-16.560215,-17.684252,-18.994568,-15.949999,-10.441631,-10.893238,-16.150484,-19.280933,-22.470331,-24.668722,-21.214064,-15.222069,-12.576038,-8.529184,-7.678591,-12.073885,-11.938684,-12.7220335,-14.118647,-13.418009,-11.872288,-14.451403,-13.872913,-11.818073,-1.7040656,-1.1802884,-7.645669,-8.255071,-10.145401,-3.700406,6.6307254,10.627712,9.130187,2.5330174,4.4245014,9.510772,8.770663,7.7585845,4.1281953,1.1351492,0.8173696,-4.2944913,-8.435213,-5.8593316,0.1976608,4.4163904,4.103309,2.5226755,2.0369525,-3.063141,-3.7982204,-2.3233037,-1.0676769,-0.5662852,-3.1848538,-3.2541919,-2.2759902,-4.9105587,-8.013552,-6.8197055,-2.2966943,-2.0082679,-2.6825347,-2.1782384,7.2236137,10.861483,11.974822,11.754976,7.5869274,0.6682641,-5.7421,0.9713758,5.426945,7.4838724,6.432352,8.021733,7.608552,6.2719183,8.18662,8.022942,8.056238,3.7757998,1.9875532,-0.8583992,-3.1586132,-0.01090053,-0.92799896,3.8461971,8.1510105,6.816844,1.0119662,-4.216476,-5.941174,1.9039361,4.786846,2.8085928,-4.1136622,-12.174376,-10.368538,-5.9785075,6.4738746,10.897536,10.989611,7.1580696,2.2257876,-0.37195507,4.1041126,3.3378103,0.77305317,4.9022217,6.6904774,3.7861898,1.4278288,2.2753766,2.2716763,2.4933085,-0.36072236,-0.86367136,2.8786886,2.3529632,1.224179,0.45066005,0.057144634,1.882824,-0.1451573,-4.5039554,-6.3625693,1.3410814,4.309203,1.7743907,-0.93417734,1.8724543,2.5080652,0.8570809,-0.97594744,2.1097734,2.398141,5.212351,7.4204354,5.919836,0.28036898,-8.32793,-10.601591,-5.9637938,-0.6294418,0.8271294,-1.7522874,-4.540842,0.114288464,0.9595362,1.958972,5.1173058,6.21808,6.702568,6.982095,4.430112,-2.23403,-7.353938,-0.33798993,2.1930382,1.3131797,1.6149093,3.4457946,4.0117035,2.9776516,1.9191768,2.3530626,3.6734533,3.759036,3.3529005,1.4564672,-2.8585334,-2.3838868,2.3399484,6.221984,7.000704,5.2565556,4.3591795,5.598008,5.7214794,4.6638412,4.716064,5.107974,4.3870444,2.9906082,-1.1923717,-4.212304,-3.0805328,-0.48086283,-1.4496479,-1.2030808,3.067749,3.7681863,2.7015557,0.23004942,-4.2941017,-5.659497,-5.7669234,0.51243126,3.131921,3.0944796,3.1445525,2.2231612,0.073164046,-5.6437902,-6.994414,-4.0947523,-5.983276,-12.783055,-11.559698,-3.2383144,-1.1108416,-2.9865756,-2.3207278,1.3132609,2.4927351,-0.33479932,-5.1870556,-6.849857,-9.847004,-8.31324,-4.8871536,-1.395432,-3.1849265,-4.2720275,-10.521763,-10.841772,-10.834473,-6.7664247,1.5465426,5.865107,11.304617,16.587545,20.02855,20.677221,19.835497,21.223852,20.70803,17.350069,11.00955,9.610341,17.931149,20.833586,18.1148,11.0623665,9.3678465,11.39543,14.897097,17.569567,21.724318,22.477236,18.232689,17.876,19.43539,14.245677,15.607004,18.850285,20.836937,17.31043,14.735987,15.537038,9.493259,11.740066,15.558152,15.731486,15.469505,15.784719,15.629683,15.383987,13.192967,11.705035,13.3427725,11.898871,8.707441,11.450865,13.575432,10.020628,10.864219,11.70286,11.20833,12.23982,13.221512,12.861488,13.840321,13.8004875,12.824077,12.638478,12.223032,8.981382,5.0227365,3.4966068,2.096345,-1.1695038,1.9311243,4.144147,2.9989722,3.1869283,2.9400017,0.73614156,-0.862581,1.010093,-0.4556231,-4.5583744,-3.359988,-2.8560395,-5.419988,-0.322184,3.3062794,3.154345,1.6701841,0.8842348,-2.1882818,-9.219444,-8.358984,-9.457088,-5.1128225,-3.3823297,-7.258931,-12.614019,-10.8349905,-12.812176,-5.9759994,-0.8034781,-0.33048186,-3.692714,-4.497012,-7.39958,-9.822215,-6.3048606,-10.188216,-11.662121,-13.319075,-14.617492,-11.901487,-15.632841,-14.057011,-10.306388,-10.406309,-7.6631203,-4.4667478,-3.086116,-2.7802954,-4.042632,-8.424093,-16.623459,-16.916595,-20.331419,-12.154456,-0.44442475,3.2375703,0.53406036,0.1719941,10.44109,11.6719265,4.0739098,-4.4872518,-2.266066,-0.37398177,-0.9435679,-7.1534834,-6.3677,-4.455865,-1.2653701,0.65861404,-0.7295483,0.7202754,2.0931597,0.43950588,-1.9626813,-5.9499073,-6.228528,-1.8669899,2.8353868,7.603893,4.7022634,5.91912,5.99853,6.770174,8.880533,7.8417225,2.7257614,2.3228464,-1.7472692,-8.28979,-6.1889987,-2.3681467,-0.33743593,-0.8280052,0.35797632,0.5705795,-3.176701,-6.345243,-3.6110094,-6.5050135,-1.6675752,0.820565,-2.9592738,-10.346144,-7.293359,-5.3767037,-6.3885922,-6.308737,-10.200195,-13.615718,-13.061162,-12.861304,-13.082639,-11.271396,-13.643282,-10.049665,-2.8388658,0.44204625,1.8749318,1.1545808,-0.54239124,-1.0212905,-2.8557827,-7.952256,-8.19179,-5.543315,-5.2169538,-9.211386,-7.191112,-3.4137878,-0.0058254004,-0.24974781,-1.0893081,-3.7613366,-11.749489,-9.978531,-5.6648407,-6.042137,-6.938324,-8.964547,-9.710595,-4.23123,-2.7785516,-4.823211,-6.84953,-9.628735,-15.114393,-9.416034,3.0636244,7.1088552,6.572637,5.7349567,5.0576425,2.5164485,-1.4149439,-5.7400036,-8.498636,-1.6374695,-0.49628633,-2.9644907,1.2913215,0.9094545,-0.652754,-0.8244277,-4.4777684,0.7044637,0.92238474,-1.6151726,-3.7100368,-5.4078846,-5.7138395,-7.6908374,-7.990833,-7.8841486,-3.134707,-3.777064,-5.547431,-3.2090762,-7.354152,-10.822496,-3.492104,2.187966,2.9327602,0.8742982,-3.50251,2.318679,7.811892,8.235476,1.2517259,-5.2212214,-2.6575427,1.1711348,2.0438974,-0.99941164,-5.141206,-5.6585865,-1.2623394,2.383315,4.181913,3.3703592,6.617423,8.414595,6.395395,2.9434803,-2.0958514,0.1465337,4.903627,9.121412,10.093341,14.101847,16.279861,16.395262,14.929967,11.733795,6.281661,8.559295,8.613769,10.128719,6.755191,1.6778694,-0.021524366,2.3297768,0.7857572,-0.723074,1.6204089,3.2959766,3.131703,2.078623,-0.13414538,-3.4658716,-4.098236,1.5076938,0.9937377,-0.89767015,-5.016744,-6.0569353,-7.740843,-4.670796,0.30008823,-0.9424328,-4.599795,-4.643536,-0.8869317,-0.39819288,-1.4997525,-3.4855554,-5.4097123,-0.39317006,0.36317605,-0.55138355,-0.594802,-2.1003327,-2.4940286,-6.7727633,-2.4503374,0.5386027,0.29373443,-3.0852122,-8.15807,-13.95027,-13.769427,-8.396075,-7.3054104,-9.339603,-7.72941,-3.7660093,-0.74853,0.26630256,1.3685648,-1.1510609,1.234658,3.4450831,0.20751512,-7.6688647,-5.3073187,-6.694751,-9.6912155,-2.7533696,2.6124177,4.0766935,3.2143,1.797565,-0.71320355,-7.3289003,-6.5779424,-3.1568918,-2.0316164,-0.38315955,0.43303296,-0.9418366,-0.86312723,-1.2353162,-4.50201,-7.469227,-11.526907,-9.717246,-3.7717252,-1.4135497,-2.1649559,-4.247517,-1.657871,-0.7830833,-4.478912,-12.83497,-14.919731,-14.5985775,-18.421686,-19.156193,-12.76296,-9.830064,-8.108467,-9.400124,-6.819505,-7.0508795,-8.407897,-10.216483,-12.597923,-8.07728,-6.7176895,-6.476071,-5.208437,-2.9048028,-4.428938,-5.6915283,-6.75952,-9.624597,-6.173398,-9.549876,-11.04377,-10.137691,-7.1878095,-7.9667397,-10.300457,-6.777024,-8.886702,-15.738546,-18.307543,-15.771872,-10.5249605,-12.736277,-17.2685,-14.527077,-14.238861,-5.916769,-1.6059906,-5.0933657,-10.685648,-11.28272,-13.56678,-9.629678,-4.7433558,-4.4497833,-5.756257,-7.495787,-9.522866,-13.176918,-15.496654,-10.792192,-9.366017,-5.446536,-6.2293034,-4.4352403,-1.8490708,-4.9899635,-9.2163105,-6.4419956,-5.2089396,-5.8911085,-6.1027813,-5.7883554,-4.1064334,-5.4715014,-7.48368,-6.0967345,-8.069716,-12.005875,-3.8639534,-0.8663424,-3.2211652,-9.164534,-14.186349,-7.8267736,-7.1033406,-9.799804,-9.528862,-9.447731,-7.041357,-6.210275,-9.60263,-11.0390625,-9.352009,-12.672029,-12.818731,-10.095691,-10.979733,-13.293067,-14.98226,-12.323772,-10.0791645,-9.708499,-11.3056755,-13.035908,-8.490376,-8.097666,-10.21964,-12.636819,-14.041566,-11.270553,-10.694226,-13.532507,-13.287545,-9.878989,-12.584982,-11.53916,-7.989884,-7.0554214,-8.8454,-13.971592,-21.140463,-17.861416,-10.162297,-9.558928,-10.045829,-10.262374,-9.7417555,-7.4964304,-7.810356,-10.076099,-14.222614,-15.816769,-15.365544,-12.332947,-12.302266,-12.277899,-6.437193,-4.3267193,-1.1995342,1.494545,0.34584072,-1.8771315,-5.9714866,-11.464763,-6.943495,-4.973201,-8.892242,-9.057074,-3.4410176,-3.1342533,-4.9951487,-2.9015687,-1.6061008,-5.3644524,-11.097187,-10.716524,-10.464695,-13.670711,-14.391396,-7.1883106,-4.5104194,-6.1437206,-10.165114,-8.510516,-7.505944,-7.3580894,-4.85553,-8.447474,-8.632349,-8.8998995,-14.343374,-11.420393,-9.408769,-6.5506964,-5.951339,-8.606033,-7.7962103,-4.7678146,-2.5739498,-1.3640612,-3.4685926,-4.718736,-7.038309,-1.1400183,3.9194088,5.6461134,4.478549,0.364949,-6.526868,-9.091204,-4.529354,0.3973722,-0.0048858766,-1.0104017,-4.7528343,-2.6594665,-3.1086183,-3.785938,-3.3951364,-5.3075657,-4.876676,-3.3200243,-2.6941724,-2.8925805,-4.135248,-7.3503375,-11.62175,-10.455251,-4.7716584,-6.4065905,-6.605693,-3.3460965,-4.2041593,-5.946846,-7.043795,-4.3178625,-3.3404615,-3.8742697,-5.16823,-6.462762,-7.896828,-8.755075,-12.887857,-12.953337,-8.8811035,-8.4839115,-10.465783,-6.6510572,-7.1498065,-13.044746,-11.134514,-8.945882,-9.808071,-5.37646,-4.826392,-7.3517923,-5.213084,-5.8976316,-4.955812,-5.7798185,-8.762401,-8.139793,-5.9461336,-10.090294,-13.853173,-9.961814,-10.850309,-12.114777,-7.2047305,-3.6851585,-5.1127872,-10.222628,-8.370423,-9.218079,-6.6826506,-5.73524,-4.946969,-4.3236413,-8.891441,-14.006178,-3.9486914,1.1696634,0.5286842,-1.7390938,-2.3059573,-5.5195274,-3.0260575,-1.7915561,-5.8440027,-13.061951,-13.92941,-9.4206705,-9.867621,-14.899974,-10.207445,-7.920309,-9.591371,-10.105574,-12.082027,-14.370234,-16.437729,-15.301938,-8.120889,-9.727746,-9.311211,-5.080428,5.9912486,12.725693,11.644518,4.419665,2.1051335,3.6842701,11.211405,10.739561,9.296123,8.728688,4.862192,7.078991,8.895153,5.189802,10.4204,12.2305565,10.251831,10.261961,7.5910015,3.7732368,1.0148327,1.2312382,0.9023187,1.8217146,1.8335025,-3.738083,-8.319752,-7.0563545,-1.4833851,-0.49176455,-2.2354567,-2.5819745,-5.15961,-2.284856,3.0241191,5.9223466,4.7298055,6.5400515,7.3307967,4.2158685,1.0698267,2.64163,-0.8879554,-4.7715697,-2.2259567,-2.6488008,-3.530182,-4.593225,-7.7271986,-4.562231,-3.1586661,-5.469072,-8.156222,-10.285044,-12.347454,-15.025744,-6.876526,-5.019313,-7.916396,-12.151894,-10.090981,-9.043669,-12.27715,-12.768422,-8.929803,-5.85424,-4.564738,-1.1716727,1.772021,0.2233582,-2.178494,-6.4540553,-4.8031363,-4.114938,-4.676868,-11.342442,-10.139311,-9.1782,-6.057667,-3.588036,-5.3113484,-6.4235663,-7.095621,-8.531547,-8.335646,-6.969369,-7.8710084,-8.120513,-6.3806796,-7.3366714,-4.0588846,-0.678995,-5.021594,-6.1369205,-4.703947,-3.6454034,-1.8139758,-1.3179051,-2.481051,-4.1439476,-8.5885515,-3.4074097,1.5531039,1.6812779,1.9324726,-0.5162449,-9.150676,-6.6582017,-4.4954658,-5.401861,-6.2832932,-12.686004,-14.348563,-10.670973,-10.6596985,-9.859371,-9.469755,-12.06936,-13.719719,-12.669952,-9.691141,-8.776745,-10.797184,-15.780002,-22.867283,-13.443995,-5.470605,-5.191639,-6.926184,-7.4929647,-8.88171,-10.068964,-10.932384,-8.863586,-7.672064,-9.394281,-2.5864341,1.6805372,1.0030968,0.4862571,-0.75727725,-2.591354,-6.8095417,-10.945881,-11.298994,-2.151499,-0.46427342,-1.3124583,-2.8076048,-5.3220367,-6.6871233,-10.340962,-11.016472,-7.838194,-7.7781982,-8.317531,-9.628502,-12.451205,-12.476291,-11.184946,-9.587113,-7.0299525,-10.829488,-17.96988,-8.983958,-3.0657814,-0.3738737,-0.81371474,-2.1666827,2.9259539,2.2124937,-2.5413654,-3.973467,-6.0149355,-5.007799,-2.7194963,6.0851235,9.385197,9.4779415,6.4154906,1.7505517,4.970015,3.1193302,3.386477,4.9241695,7.7822704,5.6192417,2.8780112,2.8944783,1.8455927,3.7463152,3.4150484,-1.433621,-0.31728196,3.2144442,4.6543374,2.9010031,5.875704,8.920303,9.5446,3.9722505,1.3520718,1.0424722,5.046806,0.74000907,2.308432,6.6098633,5.542634,5.3453608,5.5333233,6.231299,7.6675425,8.235409,9.650294,8.9178,7.596255,6.342516,6.403759,7.2178125,7.691099,9.1143265,8.936011,9.401728,9.389144,9.544195,9.256274,8.132377,6.76975,6.5526624,5.6688614,3.8970897,3.7223973,1.7638822,1.1058878,-0.47968116,-5.0264544,-9.740659,-5.0657244,-6.3272142,-6.407781,-3.9618597,-1.65933,-1.2229671,-1.3632724,-1.3177037,-0.7328314,-2.1027265,-2.7398906,-3.6677089,-5.3548455,-9.045776,-11.314794,-10.632157,-8.030396,-6.1941185,-8.016883,-4.3219247,-1.2063723,-2.0744076
-12.098894,-10.534777,-8.680889,-8.367799,-6.46469,-7.9064393,-8.88296,-8.936661,-8.953984,-9.220818,-9.925763,-11.483773,-13.561069,-17.564232,-15.801846,-13.25502,-11.496382,-14.487587,-16.592733,-11.845345,-7.2499447,-4.884881,-7.6598854,-13.948464,-19.113346,-18.354483,-17.73937,-13.242092,-8.87847,-8.205452,-7.0349665,-0.39067242,-1.2932596,-3.5560071,-4.046979,-2.809615,-3.961747,-4.927348,-3.8614736,-3.429422,-5.822823,-3.8902235,-2.3973742,-3.5592008,-7.278548,-5.5343714,-4.917831,-11.588574,-7.318874,-8.392876,-6.5251846,-9.37141,-9.888454,-5.5931797,-8.292859,-15.28406,-13.763512,-9.888015,-9.854839,-14.759122,-13.200224,-12.567532,-12.084768,-7.62641,-9.223154,-7.249854,-4.439099,-7.7459674,-9.98426,-7.632239,-8.388904,-11.081586,-11.191583,-15.146999,-13.37014,-14.667224,-13.399606,-11.327515,-10.548658,-13.667913,-14.3728075,-16.564373,-16.208838,-9.856169,-8.300876,-9.465431,-8.57704,-8.966952,-13.37361,-14.15801,-23.124424,-17.060183,-8.404676,-10.151529,-15.577201,-14.426458,-14.129786,-10.584525,-5.214179,-6.2676563,-7.308378,-2.5818756,-3.441702,-5.0093102,-2.8057199,-1.974751,-4.0813866,-6.3745937,-9.507741,-8.867742,-8.3102045,-12.249926,-10.977412,-9.976369,-15.065402,-13.134161,-11.044508,-6.971488,-6.6012926,-10.345093,-11.703699,-10.559471,-9.023207,-8.4281,-5.607297,-5.3814073,-6.156084,-4.793321,-3.95441,-4.787391,-5.9477353,-7.62456,-11.722403,-9.181139,-7.1418214,-6.25294,-8.467088,-7.9344835,-11.691059,-11.35159,-9.749316,-9.096516,-9.247759,-4.020793,-5.3736043,-10.5023,-10.329484,-15.526763,-12.5549555,-14.28297,-13.452389,-10.509874,-14.422692,-21.254911,-20.453693,-18.731846,-19.622475,-18.682667,-13.9173565,-6.9703383,-5.687875,-9.899668,-13.795323,-18.323706,-18.690496,-18.745884,-12.936565,-12.281425,-7.4113283,-3.771385,-5.167226,-10.323572,-16.72095,-16.34182,-14.226022,-9.807209,-10.111567,-10.538805,-12.977863,-4.2281575,-2.0661063,-8.702072,-8.385393,-11.382475,-12.590788,-7.047019,-6.4821343,-6.615949,-7.773271,-1.859753,0.54829514,3.3208406,4.087295,1.8368328,3.1160557,-2.8844156,-9.555719,-10.453487,-6.2478666,-1.1082084,-1.196621,-5.443015,-7.5190206,-3.5533924,-1.1143169,-2.61577,-1.4004507,0.32926142,2.9552078,0.061794363,-1.955826,-1.6459979,-8.249332,-12.881345,-5.0035715,-1.4300896,-0.1636186,-2.686226,-3.7934806,0.41796422,-0.50584203,-6.9784207,-7.9030266,-4.611296,-5.4384336,-4.714976,-0.35732442,0.15952137,-1.4209248,-4.8050747,-1.3536574,-3.7809606,1.5176122,7.789335,8.012138,5.8313293,2.0495539,1.5238355,-2.051342,-1.2893456,4.5114875,4.6634617,3.078735,3.9595256,8.13178,7.528902,5.5523963,4.178885,8.870197,11.577452,8.80271,1.5438056,-8.442711,-7.5289907,-2.7525048,3.838441,8.960982,12.295365,12.647424,7.6910477,7.503234,4.513974,0.52017564,1.6795666,7.347734,9.378751,8.039925,5.1498327,3.5010366,1.5360289,1.363421,3.7142465,5.2146525,8.589171,8.370308,5.2068477,0.5815022,0.14796801,3.1777356,0.4456823,-3.0180874,-0.09201773,6.5151386,8.487881,5.2793574,0.024276225,-0.056969367,2.3920655,3.2161834,3.5638733,6.320894,5.7349358,6.1676235,8.1488495,6.9024725,1.9167048,-3.2713003,-2.4503515,0.74789405,4.026357,4.341509,1.3779836,-0.45556185,2.326643,1.0777059,4.1665044,9.086416,10.147787,9.038838,7.234229,5.079363,0.6466555,-5.4770517,1.2359719,3.2600951,2.905435,4.469915,5.859046,5.078965,3.160337,3.1025448,4.9613776,6.1365814,5.5706267,5.0483255,3.0330582,0.7805307,-0.022202881,2.1886098,7.880447,9.106177,6.1518087,6.0022473,8.448741,8.103743,5.8990912,6.4378123,7.8658943,6.7489223,3.1798296,1.2165874,-0.4377766,-3.4281921,-0.21809205,-0.4476967,0.99447244,8.013682,9.918397,8.774328,5.1272917,-1.6178024,-1.2520264,-0.45902228,5.1272826,7.422733,6.129795,4.5696697,4.453067,1.9463089,-4.310876,-5.2516913,-0.3588441,-0.40427405,-4.099936,-5.017209,0.07849279,1.7870548,-1.5008698,0.18353887,5.769122,7.3104978,4.1161447,-5.2536016,-6.964902,-6.944929,-4.051775,-2.2215753,-2.3708057,-3.221784,-5.90673,-12.439708,-7.3135834,-2.0869374,7.2931194,11.822239,11.391325,13.5110655,14.175505,11.650939,8.937944,7.0525255,14.594226,13.429222,12.931708,17.426235,17.701399,21.914713,19.938604,17.329632,16.781004,16.071169,15.138612,16.574024,15.44529,18.382343,17.980389,14.82423,15.593426,17.10757,14.891356,15.076723,13.500017,14.081687,8.462714,7.723488,13.733168,13.195555,16.338144,16.891426,17.85477,17.390102,15.442657,13.375941,16.949612,16.507143,13.148957,14.5074005,15.577536,13.201875,12.937861,11.426106,10.390503,12.689447,12.892222,12.979636,13.2547035,13.43389,14.909407,16.009401,15.741482,14.389881,14.367462,14.622087,11.705238,6.3704734,4.8634596,2.8582132,0.9519501,2.8886232,4.797242,5.2663794,6.3078265,4.957042,1.3499272,2.6268814,3.7334893,0.8374591,-3.7110438,-1.9088577,-2.1233163,-4.1985283,3.0736876,5.7393737,3.4227657,2.186654,2.6413968,0.0654871,-4.9261956,-3.402134,-2.4742584,-0.7545785,-0.20396766,-2.566501,-9.109791,-6.988138,-6.069295,-2.457294,2.7194407,1.8053502,-3.8484118,-4.071635,-4.083,-4.6676893,-3.3253386,-7.7771306,-11.077282,-12.614165,-10.886175,-8.043861,-11.616244,-11.132775,-6.59391,-3.7379942,-0.5469849,-0.47156617,-1.9264963,-3.3196619,-4.718545,-7.2287025,-13.079662,-12.510514,-13.821409,-13.831808,-5.949048,-0.1009423,0.4256126,-1.249112,1.7256377,5.2132034,5.984558,2.2373457,4.4379206,2.8123128,1.4487832,0.8846803,-1.7266192,-0.9121337,3.4962492,1.6935827,-0.23765486,3.9505723,2.2252126,-4.839444,-7.74611,-8.387331,-5.272752,-3.5467103,3.4103525,5.502302,2.9179714,4.2463865,4.3062396,9.345321,11.824196,7.3186655,2.1991944,5.683727,5.6846814,0.1644018,0.7934293,2.8648067,1.1984484,0.24193862,2.9166973,1.4292376,-2.231643,-0.17906456,-0.3396204,-4.2324147,-1.4853222,3.108122,0.8575568,-7.7920413,-6.114743,-7.339075,-4.3669834,1.5927058,3.0192554,4.2492156,5.8546,1.208519,-7.0750833,-4.201231,-7.9119616,-5.1154685,1.7646613,5.47552,5.9430785,4.586097,-0.6621441,-0.00966881,-0.72328246,-5.536188,-5.906777,-4.5366406,-5.3264613,-7.515292,-6.859892,-1.668746,1.4713733,-0.749501,1.2684038,-0.6577165,-10.312338,-4.842694,-3.6163971,-6.8516464,-4.6014876,-6.897009,-6.560075,-1.2351844,0.85430473,-1.9313629,-2.9532013,-6.497497,-13.93973,-10.123266,4.6938725,7.9300785,5.4883857,4.2827787,4.2033715,2.2984447,-3.103434,-5.3075705,-4.8910465,2.933736,6.5630045,4.063594,5.0396147,2.14013,0.5415753,3.2295263,1.657937,4.330173,5.2573876,-0.1407408,-3.6812973,-5.1069684,-3.6673381,-2.6707335,-4.9185886,-1.927124,2.7884822,2.811335,2.835444,3.1165812,0.39264652,-2.7992785,1.6988326,6.4194202,7.579384,4.4686217,-2.3655777,2.0313046,5.830465,6.1559086,2.1374302,0.64747715,4.674667,7.2304845,6.139219,3.2244549,-2.5102007,-2.4519625,5.158138,7.085113,7.801661,5.063944,0.16360912,1.8747503,1.4087672,-0.2529767,-2.1719947,2.0951042,6.868312,9.370722,6.5371675,2.490203,-0.022269228,-1.1098114,1.302469,4.195744,3.2500374,3.9613357,4.546419,-0.6844634,-3.5687466,-1.9647839,-1.5407348,2.0164747,-0.89316636,2.4102292,4.899482,4.2483635,1.4259607,0.4671133,-0.32079193,-5.8707995,-3.2904687,2.652515,3.940023,1.216148,-4.95413,-3.7140927,-5.8734274,-2.8209617,2.7616134,2.6507463,-2.4551258,-3.2100744,0.3858565,-1.3942039,-2.7147868,-3.5903425,-1.1739017,4.0352182,5.1147385,4.495455,1.6522163,-2.2366467,0.02942768,-2.0747468,1.9817879,5.670874,5.581235,2.5024154,-2.615025,-10.008234,-8.601445,-1.8898902,-0.52407205,-4.3929806,-2.8540554,1.6497858,0.37279576,-2.4989495,1.683349,0.05887744,4.055553,7.6489563,5.2639866,-0.64004093,-0.68826467,-3.0536237,-6.606185,-1.0168167,4.0363083,5.577218,3.4994316,2.2511759,-0.80036676,-5.332287,-4.895907,-3.9095373,-1.1911955,0.009781121,1.8756723,-0.7902528,-1.4617012,-0.22132525,-5.1126003,-7.5102997,-10.100022,-10.213524,-4.47014,-1.5963601,-2.8649724,-4.6947174,-4.4444485,-4.418697,-4.539983,-9.513304,-9.464618,-9.552017,-13.6439085,-14.428016,-11.762614,-9.997933,-8.828209,-7.3505597,-4.8796473,-8.327909,-11.65885,-14.832094,-12.2897,-5.099998,-3.9827359,-4.94572,-4.5166535,-4.3609304,-4.1304426,-5.1232595,-8.830198,-12.316298,-11.043061,-11.798977,-10.789614,-9.731581,-9.195425,-10.995599,-12.474798,-9.403945,-10.280099,-15.822927,-16.591955,-15.189564,-12.140236,-14.989708,-22.357918,-22.843838,-21.586155,-3.8702106,0.7399916,-5.113258,-14.922924,-13.167717,-10.567787,-13.523164,-7.5303593,-5.6007957,-6.947854,-10.945712,-10.132473,-13.757376,-13.979054,-11.702403,-8.453541,-1.3420349,1.4115523,2.6170251,3.1490245,0.11150852,-6.4819236,-4.7559924,-6.1380553,-7.6045995,-3.3421407,-0.58530563,0.7021776,-3.0052848,-10.055777,-10.475466,-10.600494,-7.5280504,-0.8662176,2.499892,0.7775831,-3.7056599,-6.5514975,-3.8124716,-4.6753616,-11.168752,-8.948645,-7.2742386,-3.339384,-3.5281565,-9.166601,-10.079128,-7.322344,-10.639629,-10.578335,-4.8850703,-4.030849,-5.130269,-7.130293,-9.07597,-8.675208,-7.841481,-9.255289,-7.5054665,-5.7215853,-7.8579216,-11.100606,-10.836644,-8.929628,-9.775288,-10.619617,-10.860533,-7.8214245,-5.1392884,-6.9923854,-8.404153,-8.053057,-6.0887146,-5.545416,-9.755378,-17.667942,-16.386263,-11.349783,-8.029528,-9.307533,-10.663947,-10.597438,-4.6925373,-4.0518985,-5.6754217,-7.9404993,-10.355929,-11.430992,-10.606507,-7.8692265,-4.225928,-0.09149346,1.7722386,2.8039556,3.081389,0.057848163,-1.4810504,-4.8149185,-6.4174867,-1.324653,0.6399607,-2.6924348,-4.291681,-0.88820255,-1.8242127,-2.534102,1.5322664,2.692501,-1.209616,-5.8399434,-4.1493387,-8.6428995,-12.960199,-9.540246,-3.8693569,0.2286891,-1.8445373,-8.251675,-7.6091366,-5.8905563,-5.5068016,0.7592006,0.84761775,0.6699115,-3.446424,-11.083218,-14.172411,-10.492273,-8.462732,-11.285935,-8.856241,-2.524477,0.4340422,0.1861749,-3.7787209,-6.626766,-5.6759796,-6.2898736,-1.6024595,0.760796,-4.1019444,-8.105734,-13.010768,-9.188653,-0.9276012,-1.599558,-3.4528852,-0.0019053663,-0.39691833,-3.5810747,-2.6291194,-5.801691,-4.576666,-5.382156,-6.339222,-6.8351107,-3.76725,-1.3949337,-4.9153523,-2.5716105,-4.0688286,-10.850315,-7.9579477,-3.0635188,-2.974969,-2.6401463,-1.3377059,-4.688019,-9.67111,-11.235865,-5.5960035,-3.7666068,-5.261383,-4.8788414,-6.8023663,-8.169454,-7.3091965,-11.8074045,-12.401646,-8.255388,-4.7753243,-1.6435969,-0.726915,-2.5402932,-8.118876,-10.68204,-7.192007,-7.3231273,-1.4166801,1.2034119,-0.29564384,-2.2122982,-6.7727413,-4.5256786,-4.6002917,-9.987344,-7.492839,-10.674057,-13.792332,-12.995887,-8.047134,-10.911678,-14.145002,-7.5669594,-1.1861117,-0.17346291,-2.582785,-3.9617217,-8.326357,-4.9565563,-5.2159653,-3.9266634,-1.570593,-5.644063,-12.305838,-7.1590514,-5.3719835,-6.3546553,-5.1592426,-3.5277781,-6.9150357,-0.24682435,2.2877452,-0.08756246,-8.478839,-12.295639,-7.2595363,-7.6338935,-8.763054,-3.2464123,-4.214421,-8.208021,-8.910585,-8.64603,-10.529879,-15.611125,-9.729971,-2.08209,2.2792916,3.5204062,0.5258968,2.933754,12.070688,15.959111,16.393198,12.167656,9.109978,10.868459,12.401849,11.522121,6.955955,6.437171,5.0731115,6.0425854,4.611998,5.6042175,2.4617379,-0.32824922,7.573717,9.449945,6.9283624,6.2448683,5.205247,4.4020157,3.1052089,4.3092732,0.013358855,-6.871414,-7.371893,0.23040342,2.094074,1.5668788,0.5987455,-2.3053665,1.3032918,4.2582407,6.6368623,7.147997,2.158398,4.2856045,0.68374395,-4.9441175,-2.0909414,-6.0738335,-4.495788,-1.0556045,-2.1682043,-1.8907123,-3.0410264,-6.363908,-3.1208196,-1.6800492,-3.4061112,-5.390565,-5.421831,-7.6520596,-10.370626,-5.552369,-8.534513,-8.367207,-7.969501,-5.5084476,-4.5391564,-8.006118,-11.001063,-5.581836,-4.404054,-3.6610274,-1.8153219,0.3447228,-0.93082535,-2.4308515,-3.5794127,-2.7251015,-4.091604,-2.5985324,-5.1138153,-7.3402524,-5.851262,-5.2845144,-3.6885679,-6.4162397,-7.2359962,-9.063123,-9.904231,-8.907112,-6.6439443,-6.707666,-10.698927,-7.2604346,-7.421127,-3.8590956,-1.469019,-6.0986357,-6.9755645,-6.1177545,-3.8511946,-1.4810603,-1.9454994,-3.8938875,-5.4119473,-9.413523,-2.6771107,2.6066246,0.6092008,-0.18076435,-1.8303407,-8.123567,-7.3505154,-4.274301,-1.4225368,-3.4877996,-9.093483,-12.019967,-10.062746,-9.018296,-8.850818,-9.045009,-9.769313,-10.387777,-10.259596,-9.093934,-8.541852,-10.870308,-15.928976,-18.59474,-13.85541,-7.7453775,-8.202598,-9.538698,-8.783869,-10.876322,-11.910962,-13.298031,-10.622844,-7.4091425,-7.780416,-1.8012056,2.1545901,0.583768,-1.3775368,-3.0712225,-4.102928,-4.038599,-7.8174024,-10.540805,-4.54627,-1.801877,-2.0483565,-4.139689,-6.599379,-5.3979483,-7.3628473,-8.379204,-6.2827377,-8.504192,-10.228832,-11.021139,-13.6491375,-12.865206,-10.996451,-14.913523,-12.231389,-13.134758,-16.393984,-9.058852,-4.0554876,-1.3295652,-0.98244405,-1.1400096,3.0727098,1.8532724,-4.0405703,-6.9574223,-7.34597,-5.5411825,-1.7658582,4.4839964,9.648464,9.157968,6.707801,2.6482768,1.7004668,0.9773444,1.7648596,5.0857277,4.607231,-1.6918279,4.0526156,6.9840574,3.217546,3.4160218,0.565607,-2.0041788,0.5149073,-0.7854741,5.882797,6.4456244,4.655945,6.5640597,5.45975,1.4103749,-0.849731,-0.50991565,3.1467304,4.9566426,4.1143513,3.2609084,0.030748518,1.4654758,1.5476753,2.3611054,4.4618745,6.6476717,5.882477,4.2735972,5.4367375,3.413865,5.4682493,5.9488583,5.7868524,7.680277,8.025671,8.771109,8.964628,9.055626,9.081994,7.125415,6.0763383,6.037748,5.1267195,3.4857078,2.6699967,1.8484275,1.8443282,0.7233471,-4.3115625,-7.4345093,-4.374401,-7.184171,-8.031786,-5.9497013,-1.5964867,-1.058059,-2.096054,-0.7295158,-1.5354116,-2.9182174,-2.1788552,-4.638854,-5.3230076,-9.889487,-10.723385,-9.136241,-8.037311,-6.4110765,-9.35166,-2.4349024,2.3079226,1.6560643
-19.719093,-21.15757,-24.259464,-18.841396,-13.552752,-16.402079,-21.072964,-20.238846,-22.417747,-26.03527,-22.08689,-23.70684,-25.128014,-26.7568,-16.907019,-13.242023,-16.317469,-15.972537,-13.584368,-13.175502,-15.357705,-17.658644,-22.57838,-18.075773,-17.161322,-18.210644,-21.911308,-22.852264,-18.630363,-17.450329,-14.242736,-9.561687,-6.439434,-6.936416,-18.86103,-21.53076,-24.11947,-23.526684,-24.541359,-26.1257,-25.183567,-22.312204,-23.130325,-24.00698,-21.703293,-17.692543,-17.136185,-18.110344,-14.148354,-14.140371,-15.399648,-18.716442,-21.258204,-19.285301,-19.153538,-25.295458,-30.849041,-27.38698,-27.207306,-24.712002,-23.200623,-22.675905,-20.89759,-21.12814,-20.9398,-15.866709,-11.65866,-16.76327,-25.729162,-22.726652,-19.863277,-19.714085,-24.382494,-30.508163,-27.08661,-23.994488,-22.901737,-21.089838,-20.423977,-20.080297,-21.191895,-19.279222,-12.453923,-6.8751674,-5.404607,-7.750552,-9.025307,-8.444048,-11.057568,-14.105934,-20.559002,-12.695219,-7.1072583,-9.133678,-14.72328,-17.427631,-19.601173,-17.3769,-12.675629,-11.871991,-8.887772,-6.4107776,-3.4510543,-2.89842,-2.5299814,-4.4976664,-12.362947,-20.153145,-17.772701,-8.297751,-5.486751,-11.899967,-14.817026,-17.3591,-20.223984,-14.091717,-9.101347,-11.400037,-14.018679,-12.611003,-15.160032,-9.042752,-5.596243,-6.0372066,-12.338443,-20.10265,-18.479359,-15.035248,-16.844814,-9.368341,-7.910176,-9.624581,-16.191418,-14.75492,-10.151501,-5.4889793,-10.17205,-16.735332,-18.28618,-19.245916,-19.068151,-21.45402,-19.770576,-14.415879,-14.477282,-17.210802,-21.545979,-24.062521,-22.22327,-18.870897,-19.934055,-15.741372,-14.036764,-18.371195,-17.335169,-15.494589,-14.915222,-13.342428,-15.281109,-14.512205,-14.453965,-17.516012,-19.57944,-24.021732,-24.62067,-23.42695,-20.676386,-19.499807,-9.684433,-6.1773133,-8.389486,-17.702837,-23.036634,-24.094734,-23.527344,-20.141573,-17.50447,-20.342749,-15.957886,-3.073988,2.6792934,3.4717216,-2.1948175,-6.1246996,-8.295234,-8.239237,-6.791872,-7.924532,-12.5490265,-12.63232,-13.345519,-9.7941065,-8.607549,-6.208017,-8.146732,-11.828771,-11.873714,-12.651282,-11.992475,-9.093126,-10.3791065,-11.857491,-16.271925,-11.906477,-10.51425,-5.028029,-0.85682106,-5.8373713,-7.628724,-7.9125686,-11.537834,-15.327902,-15.60844,-16.954157,-13.742785,-11.4170475,-7.8311367,-5.942978,-8.64154,-6.282644,-9.447963,-14.189414,-16.907057,-17.768631,-16.43953,-8.41605,-7.900239,-14.688706,-15.73538,-18.953465,-15.810176,-12.27734,-7.917211,-5.5710535,-4.9512463,-7.845282,-13.960976,-15.567704,-16.080347,-11.192791,-5.261309,-3.503457,-1.8363785,-4.3558164,-0.98491895,5.0510483,5.323778,3.841761,4.064839,3.2063353,-0.855172,-3.9360044,-8.40974,-9.762981,-8.0012,-3.662859,-0.36752367,1.7087591,6.5206127,6.4451246,4.9405675,-3.0848951,-7.6278744,-4.068243,-6.703203,-5.575547,-2.442377,-6.5568085,-8.480419,-8.448178,-4.3983192,-2.817763,-4.5278625,-1.4786797,-1.9814664,-6.3014765,-9.55185,-8.749038,-9.662022,-13.114122,-11.199321,-5.6822686,-2.9765205,-3.2736263,-4.2325926,-7.332404,-11.266304,-10.089857,-6.488195,-4.1402745,-5.638652,-9.264966,-13.577734,-10.719496,-11.542456,-14.74152,-14.257811,-9.83703,-8.344223,-7.995742,-9.148683,-13.290932,-15.93151,-11.970128,-9.175247,-2.6160517,-1.8053693,-3.6408038,-8.191265,-14.190981,-13.125719,-11.636821,-14.139135,-11.684934,-13.9900055,-16.23918,-12.3238125,-10.584326,-14.23374,-21.47023,-18.694921,-11.839918,-9.130423,-8.798374,-11.08224,-15.458318,-14.296549,-14.298866,-13.406717,-7.3197465,-6.5960813,-11.925581,-11.29271,-7.2514334,-8.597535,-15.277142,-12.717087,-8.323352,-9.364986,-15.998308,-13.867779,-12.344593,-16.024458,-14.9446335,-11.548618,-7.035164,-2.415632,-0.68083316,-2.1032803,-5.2849555,-8.127856,-8.766519,-7.302668,-6.041457,-5.412238,-8.960735,-14.962078,-12.0906725,-13.733502,-18.89019,-18.061617,-12.426176,-10.48247,-11.816131,-12.295705,-12.162777,-12.025066,-13.719496,-11.767593,-6.432041,-4.2265615,-5.7474413,-11.214652,-16.359627,-17.959969,-13.963809,-13.999558,-15.364456,-14.147543,-15.828839,-17.722906,-15.968153,1.2879739,10.323452,9.972896,3.918444,2.4126344,1.1712842,3.9711652,-0.1345723,-3.1484866,-3.1024265,-2.5812168,3.0894775,14.8141775,19.875538,18.69506,11.294691,7.46455,11.495086,11.348643,6.302552,5.170898,4.9830775,4.1776843,6.0116873,9.187428,6.4846234,7.8949,6.9995794,4.0875034,2.191811,3.9488912,5.9709687,7.611147,7.227792,10.002951,13.765531,12.58545,9.250208,13.606834,14.543083,14.220505,13.9760475,11.889507,10.490704,5.1588793,7.342706,5.9497824,3.5442605,-3.0998564,-4.1201024,-2.0162053,-2.1531706,-2.4140053,-2.9847977,-3.944875,-1.8422875,-1.1709137,-2.6031992,-2.3655603,-3.4746962,-0.8640772,-2.9890058,-6.4090056,-7.9927053,-9.401233,-14.28966,-15.984352,-13.857842,-11.747664,-5.2123256,-6.4322405,-12.067446,-8.486763,-8.118805,-8.692655,-11.26713,-8.734445,-5.4172997,-8.129375,-8.448867,-8.017327,-12.437539,-14.347322,-11.953479,-11.332484,-12.753754,-9.954602,-7.7417855,-7.516884,-8.1387615,-7.7116413,-8.371061,-9.677701,-9.500135,-8.029453,-8.746828,-11.957518,-11.054054,-12.956157,-14.532549,-12.3258095,-12.005778,-12.161694,-16.694687,-15.277596,-13.825676,-13.563898,-13.982872,-13.723549,-16.703,-11.712887,-8.161518,-12.501121,-21.838055,-21.711838,-18.411648,-16.77836,-16.011166,-17.042002,-18.134598,-14.280957,-7.2135777,-0.41416678,1.3652439,-2.883968,-7.4109087,-0.5825994,7.897937,7.7048407,9.394423,6.13446,3.342349,0.43228173,-4.707242,-3.6530523,-0.66760397,0.14190923,-5.851901,-5.0311403,-2.8599393,-2.910962,-5.7450557,-7.96982,-4.87758,-5.078314,-3.5205028,-0.30824247,3.8429394,-0.41073108,0.8551964,5.0559826,2.459477,-1.8210852,-2.102202,-0.36060196,2.8415189,-2.2075608,-6.9862423,-6.8671217,-8.55797,-8.332041,-10.899415,-7.3723116,-1.4862858,4.9162436,5.8949347,5.6234837,1.4883337,-3.3158586,-2.1125748,-2.3518684,-0.76459074,0.083737805,-1.040101,-1.193512,2.4835494,4.232511,7.894739,8.042648,6.202276,4.7697477,1.3844353,-4.8934555,-3.0739417,-0.59831524,-3.6024926,-5.885289,-8.806457,-14.83865,-9.560846,-7.4323015,-4.1378284,-5.1790485,-6.598206,-11.820946,-11.265602,-0.28645343,5.1413736,2.5973597,-4.0802217,-3.255289,-4.2598433,0.10461583,0.028445402,-5.742342,-9.254215,-8.479237,-7.387892,-5.96839,-5.3946447,-7.8084416,-6.925599,-7.9380994,-11.650192,-10.282692,0.09829427,1.2691548,-2.108247,-7.3247056,-4.237307,-1.012456,-4.7092853,-3.5626783,-0.30341747,0.3391638,1.2574564,-1.1534796,-3.6283722,-8.878693,-4.3994493,-2.1933274,-1.1088817,-5.0160623,1.1649333,4.382231,-0.63506436,-7.246133,-5.525256,-4.660557,-6.0157943,-9.199774,-4.408666,-4.2137957,-4.014883,-4.835626,-5.2737527,-5.499275,-6.6685653,-4.8564754,-2.7307937,-5.8741136,-10.53852,-9.989367,-6.145631,-1.4811223,-3.5814943,-2.5528803,4.8731084,5.602254,2.8485417,-0.27473974,-5.166228,-1.8961806,3.5790057,1.5346076,1.2756823,1.7701175,-0.29314986,-2.7410924,-3.7219286,-7.0067806,-10.488868,-10.383207,-3.733429,-1.5933825,-7.9991918,-13.547164,-15.765869,-11.791107,-12.868,-10.14338,-9.490289,-7.574818,-6.9816484,-11.927724,-12.917319,-12.027611,-8.631396,-5.117733,-3.124566,-4.737755,-6.6052837,-6.277608,-10.51948,-18.10705,-14.917343,-16.587088,-14.438905,-9.966713,-5.849205,-6.9356594,-10.294821,-12.815947,-13.16957,-11.531256,-9.378913,-10.005844,-14.681369,-14.757633,-13.284234,-19.15993,-21.583477,-16.866018,-10.1211605,-7.1548367,-7.277259,-6.8237658,-8.199962,-10.793433,-11.937531,-10.660948,-8.79871,-5.8412857,-5.986272,-8.873642,-13.2094,-16.503845,-13.873211,-10.037092,-9.428457,-10.764416,-10.296388,-7.4468555,-9.187488,-9.976624,-8.254224,-8.163804,-6.263468,-3.7834563,-4.3214602,-7.86274,-11.769853,-14.731501,-15.194141,-14.216643,-12.7251425,-11.252841,-16.626957,-16.353725,-10.800295,-5.9634547,-9.981908,-16.449749,-17.125011,-18.17438,-13.942637,-15.253024,-16.232132,-14.940148,-17.660381,-21.334211,-20.723663,-24.86597,-26.616615,-22.594908,-21.839874,-18.649776,-9.722096,-6.5380077,-12.713417,-23.058674,-19.7222,-19.317657,-21.654972,-23.957262,-27.586887,-27.803297,-18.418354,-9.76354,-11.178995,-22.459736,-16.708084,-18.245087,-12.248153,-11.348278,-18.146748,-23.965786,-25.165981,-28.337353,-25.215458,-25.28624,-27.181671,-28.849285,-29.220867,-31.5616,-30.123796,-30.01786,-32.62023,-36.811584,-30.155546,-10.104095,-2.5737028,-3.5758595,-7.152379,-9.035658,-10.1757345,-10.253697,-9.853934,-9.9347105,-11.186939,-9.206413,-3.2256746,-6.691837,-13.219318,-17.418005,-15.06475,-10.240869,-11.217905,-16.90189,-20.035374,-15.169076,-15.139093,-19.030527,-12.930078,-13.153862,-19.213453,-11.6741085,-7.1963096,-6.7206774,-7.995443,-10.194731,-13.13184,-16.275646,-19.441399,-18.243683,-11.58964,-7.427172,-7.753953,-13.761577,-19.775095,-21.796389,-19.402939,-16.097885,-13.420191,-10.283537,-9.726736,-11.406271,-12.260994,-13.018479,-15.609837,-17.484985,-14.927979,-9.371933,-6.4365697,-10.525206,-12.732098,-11.537512,-14.314198,-15.705901,-19.335705,-12.143944,-11.207417,-12.043493,-11.619891,-17.081718,-12.05682,-11.799029,-16.144728,-12.420258,-15.127564,-12.223291,-10.589305,-17.291302,-18.39947,-22.855627,-25.048763,-18.54248,-15.4208355,-15.93238,-17.332378,-21.131016,-27.625793,-22.35652,-16.593754,-13.235225,-16.534512,-14.772372,-11.18733,-11.052603,-15.509186,-16.339182,-16.597305,-13.976921,-14.793048,-14.557752,-15.966166,-19.520805,-20.410297,-24.292048,-18.056675,-12.709103,-9.523569,-8.964436,-11.437635,-11.946473,-11.42892,-14.358205,-19.265392,-17.504208,-11.568074,-9.123223,-11.060089,-13.254558,-14.9741535,-18.655922,-16.669195,-11.009491,-9.07721,-9.74937,-12.101343,-11.428513,-10.024423,-12.034468,-10.814154,-10.457534,-9.007598,-13.290677,-15.07601,-17.212755,-15.720325,-9.754951,1.2723936,5.2499986,2.9251194,-6.3307257,-8.648749,-11.472541,-10.458331,-5.9790697,-8.694897,-15.915998,-10.461767,-8.831505,-13.130272,-10.375416,-7.176657,-7.0959864,-13.496321,-15.579502,-15.071247,-12.140342,-10.319978,-9.362731,-2.2681565,1.7849826,-3.030043,-8.236881,-4.8345633,-5.592523,-8.730131,-11.789927,-12.01355,-12.736472,-12.981233,-13.218713,-9.455461,-10.346535,-10.103033,-12.543631,-16.05255,-13.053581,-15.999752,-14.287247,-10.067611,-10.896544,-8.9482975,-13.423337,-18.779425,-19.691248,-21.426487,-17.954723,-17.80169,-18.836966,-20.437706,-21.772396,-16.173025,-17.212828,-18.458454,-19.178255,-19.221773,-12.1485195,-7.438821,-10.215872,-13.423435,-18.896187,-24.892103,-17.572836,-14.429567,-10.843116,-7.702189,-9.568932,-14.396313,-19.83239,-19.340574,-15.934532,-18.612497,-16.860922,-12.119825,-10.524342,-14.770882,-18.96922,-19.19055,-21.09523,-20.303452,-14.127393,-9.750698,-10.64624,-13.231405,-14.051611,-13.332711,-10.594396,-12.480368,-11.955164,-13.319697,-16.131037,-11.29388,-10.733685,-9.9651575,-12.746361,-9.952479,-11.521061,-10.22004,-8.126551,-6.392789,-10.7321205,-11.764454,-8.172613,-5.284865,-7.9449325,-8.30498,-10.657509,-12.998415,-10.5336275,-9.638306,-10.103676,-11.3191595,-7.491804,0.5544729,6.8326325,5.524765,-1.0585637,-2.0313165,-0.3705388,11.205076,17.996414,16.750027,9.684015,3.9523733,4.472036,3.0356379,5.870681,5.401134,3.98735,-0.15356483,1.7129523,2.7271252,1.4824731,-0.13412616,-0.3963877,2.9133263,5.6435685,3.9317694,4.028239,3.452722,-0.8457276,-1.5439904,-2.372385,-7.3305235,-6.2452817,-5.696509,-8.441392,-7.9616113,-3.9663358,-4.5003643,-6.168313,-6.7148275,-4.779241,-1.03356,-4.8724627,-10.144333,-9.568502,-9.049438,-6.18041,-3.5383682,-5.8452682,-8.01079,-7.072954,-6.486558,-5.6923847,-3.2525182,-3.949067,-4.8272696,-7.5826674,-11.311126,-12.172112,-11.345764,-14.630853,-11.265541,-4.211315,-3.8637817,-8.166798,-11.009269,-14.038972,-15.226144,-13.316444,-10.956097,-10.325576,-12.096366,-11.510124,-9.544977,-11.464534,-7.785442,-6.8876696,-13.298536,-11.614035,-7.5782137,-9.008568,-12.3893175,-11.074394,-9.536878,-10.98897,-8.724561,-7.3743296,-8.544376,-9.2784605,-9.069786,-11.006157,-16.013329,-14.379331,-12.58038,-9.065523,-4.0974174,-4.977494,-4.6838365,-5.1199093,-5.6196074,-6.8044815,-6.739883,-5.682789,-4.8391705,-4.654463,-5.1007504,-6.3141274,-5.4062433,-13.219949,-10.281297,-7.2781157,-6.2406893,-6.336895,-7.87643,-8.341927,-8.074478,-15.745801,-19.70456,-16.886795,-17.34944,-15.768364,-14.430426,-15.621594,-17.47809,-19.92296,-15.97466,-11.841028,-10.65507,-11.501569,-13.322477,-19.250454,-21.629698,-16.898916,-16.772755,-20.196695,-22.127682,-25.386753,-24.235271,-25.45576,-24.47179,-15.803475,-6.8482256,-8.1749325,-18.157112,-16.993551,-19.612207,-16.363226,-10.337249,-10.119,-11.082965,-17.319754,-22.709114,-20.343208,-18.008884,-18.682571,-19.070902,-16.964636,-16.389017,-16.089998,-14.236832,-14.56313,-13.846338,-15.732745,-14.721422,-8.303608,-5.269248,-6.7447476,-12.670513,-17.97488,-17.268917,-17.249643,-13.969404,-14.951592,-9.550599,-4.059492,-4.334341,-7.0171013,-4.9672174,-5.1702547,-6.586726,-4.783169,-3.8232234,1.8776424,2.0486016,-0.5447004,-3.9197025,-10.046983,-12.534464,-12.004462,-8.724453,-7.844753,-9.485436,-0.1836323,7.049518,7.8856096,3.6822307,-1.7062563,-3.410098,-1.4902942,0.3174523,4.260887,7.3119287,4.5684385,0.25874132,-10.304028,-9.854912,-3.1310458,-0.42951345,2.8861997,7.578309,5.046367,-1.6667765,-3.1928954,-7.7627697,-3.9572504,-0.792085,0.5352158,-3.9385614,-7.62435,-8.000251,-12.034822,-10.77188,-9.012875,-7.8962517,-7.028757,-7.278842,-8.828335,-8.949324,-10.035706,-14.372131,-12.5850315,-8.814518,-1.5931864,-2.9964395,-5.0323086,-6.23887,-6.578286,-2.1602807,-3.1304097,-4.810307,-6.630352,-4.957554,-4.847329,-4.4605026,3.5807896,7.784546,9.098364,9.108139,9.04388,7.890825,5.8352942,5.0759335,1.0527753,-8.186796,-10.781251,-8.654704,-6.9981384,-1.6056074,2.8726957,3.5494413,1.9204347,-1.1802728,-0.6265629,0.9431467
-22.984272,-25.656254,-28.521652,-25.26606,-26.020348,-25.689304,-27.56987,-28.740513,-31.024902,-31.000307,-27.43554,-30.931767,-29.44176,-27.78917,-18.71627,-12.787296,-17.374804,-29.402386,-30.127731,-30.53889,-33.365227,-35.887856,-34.32161,-32.02928,-24.770756,-28.429466,-37.283936,-35.03016,-34.138626,-31.009586,-13.230856,-10.542145,-5.9144793,-7.0001125,-17.339085,-23.229801,-25.209702,-28.013943,-29.691769,-29.112762,-24.622654,-22.94013,-25.420044,-27.948149,-28.508598,-29.081362,-34.98096,-24.97038,-15.595648,-12.491341,-14.130472,-21.813696,-28.095522,-31.62097,-31.504087,-35.20228,-33.26288,-34.470165,-35.846622,-34.680553,-38.67354,-38.254345,-42.189056,-40.94111,-30.948725,-19.415375,-11.758886,-14.1748705,-24.214394,-31.842821,-30.384483,-34.64398,-36.2727,-34.417213,-25.811377,-23.886469,-27.383701,-30.521679,-33.86809,-26.571732,-24.48999,-26.646969,-20.492632,-18.541588,-16.86459,-20.755386,-24.711796,-27.574078,-28.476715,-30.471193,-26.263985,-15.890431,-10.86362,-9.205064,-9.941135,-14.730578,-20.898335,-18.394405,-17.051485,-9.865877,-8.755131,-10.468125,-9.707396,-10.81998,-12.814841,-12.955345,-13.773513,-12.580465,-12.924042,-11.285608,-4.7382345,-2.090727,-1.3834376,0.43197897,-0.39033824,-3.9612217,-3.1713371,-8.02945,-6.807351,-8.397229,-7.6847115,-4.256015,-0.65966535,-1.5058845,-5.7440033,-7.3903093,-4.8928638,-6.375635,-4.213421,-3.6284182,-12.505288,-14.131067,-15.227017,-14.393033,-14.381584,-7.9198513,-8.671168,-10.336127,-8.964432,-12.4499035,-11.206911,-10.76579,-12.395431,-12.650721,-15.668631,-20.391949,-20.036554,-21.704334,-20.454685,-17.994234,-18.96327,-18.546503,-13.039804,-14.322941,-10.274199,-7.50482,-9.698398,-10.958871,-13.927872,-15.239733,-17.35529,-13.473465,-16.865156,-22.174343,-22.052858,-23.840137,-21.358473,-24.778904,-13.917003,-7.3854446,-9.319971,-20.687563,-28.703367,-24.619125,-20.399256,-22.730066,-23.509502,-20.329027,-11.516099,4.412286,10.12833,9.303938,6.996583,6.4357147,4.6071897,-0.12761089,-0.65916723,-0.811836,-6.755622,-7.542942,-9.194003,-11.275978,-10.311958,-9.011737,-12.715678,-8.058159,-7.6668267,-9.26375,-8.974818,-10.340442,-8.412621,-11.0176325,-12.1818495,-11.773868,-12.413818,-9.042085,1.2137074,5.8098125,6.804616,4.876881,0.20288846,-3.9267704,-4.7749715,-8.87323,-4.39611,-0.97513825,0.076277934,-4.122591,-6.0794063,-7.1687346,-12.398871,-13.802902,-7.6026397,-3.894694,-2.3775218,-4.6575227,-5.6467066,-8.306306,-10.299355,-9.928645,-8.0908985,-10.031944,-10.760672,-11.291499,-17.362535,-19.331924,-16.623724,-10.182541,-11.394462,-16.751707,-14.784048,-9.617727,-0.16130404,2.9671302,-3.3785162,-9.774943,-13.030975,-11.998728,-13.9254055,-14.911842,-16.858204,-19.923594,-19.797209,-15.607704,-12.196001,-0.9294803,3.9854975,0.68868876,-5.2100096,-7.980135,-6.314895,-12.969737,-9.775791,-8.47752,-12.87383,-18.194231,-18.125378,-18.809875,-8.4382925,-7.580393,-5.0383196,-3.3326244,-8.791676,-14.992375,-13.986112,-14.392227,-13.66522,-14.52832,-13.649577,-15.983243,-20.641306,-19.372875,-16.702122,-15.959958,-16.611197,-17.795126,-19.631392,-17.417294,-12.440796,-16.6236,-17.468506,-18.993084,-18.942028,-22.04754,-28.50378,-27.14344,-24.312202,-21.490768,-21.186914,-21.23144,-21.397095,-23.509848,-25.970371,-26.434326,-18.330124,-4.881822,-3.8438416,-14.183112,-22.299694,-21.820194,-20.247057,-22.48793,-24.622215,-22.882395,-23.57707,-23.801697,-23.454493,-22.017162,-26.463842,-26.414848,-25.105707,-20.757437,-15.735737,-14.408637,-18.651436,-24.147324,-24.980473,-24.710825,-22.965899,-24.891138,-28.336676,-26.868595,-25.174856,-24.934155,-24.65783,-24.174248,-26.585768,-32.244255,-28.033363,-17.26694,-11.882254,-16.156631,-21.589087,-26.230433,-29.559927,-28.429989,-27.59737,-28.866293,-29.756384,-33.217827,-28.88623,-24.130526,-24.393421,-25.33932,-32.79356,-31.46009,-21.666153,-17.916458,-19.321125,-22.703268,-28.114151,-32.354027,-32.22737,-28.052841,-27.152365,-24.125767,-27.346762,-31.149761,-28.928144,-32.04137,-27.285378,-28.3956,-19.407822,-12.936698,-13.835331,-15.363756,-14.977423,-22.840408,-24.505257,-20.58907,-18.806585,-23.524954,-3.9592485,0.9168558,-2.520494,-9.771364,-8.093805,-9.896512,-15.402401,-9.735669,-2.638029,-4.8536973,-14.921431,-8.493725,2.3701165,11.512142,12.221297,9.882927,12.305195,11.311635,4.2864347,-2.0309837,3.2720182,7.933719,8.864705,8.577671,2.2408624,-2.6623414,-3.577114,-2.9643586,-4.3926373,-0.76846623,1.4213752,-1.9755032,-4.3920913,-0.5962138,6.1176867,6.0677404,3.1064725,-4.5100675,-5.949123,-3.2071447,4.5372267,7.423201,4.2872424,-1.1017959,-5.197599,-10.20632,-7.921577,-6.627135,-8.014398,-10.690642,4.5028744,11.197666,10.789584,5.8825073,-1.1645994,-4.538038,-4.9690123,-6.3884478,-4.1602097,-6.041822,-14.090641,-14.144564,-11.378889,-10.450021,-8.257522,-9.228326,-7.5944176,-5.3995233,-2.5056624,3.7798917,6.1018105,1.6045136,6.2413573,10.851022,11.708325,8.16103,2.736764,2.6080494,-1.7970839,-4.6417994,-5.452571,-7.3845167,-9.202306,-12.473162,-8.506631,-7.2380543,-9.021697,-7.921496,-5.798039,-5.86107,-5.0929666,-6.549299,-9.850005,-9.837629,-15.459498,-14.33241,-7.6119413,-6.455842,-13.419472,-19.009424,-17.953123,-15.854148,-15.806986,-15.415775,-13.473502,-18.189821,-19.308187,-17.74077,-17.925144,-19.97128,-11.890821,-11.141338,-22.436789,-22.663628,-18.293373,-17.379961,-16.110098,-14.608832,-14.469539,-14.636859,-12.431412,-3.3127472,-1.4973986,-5.2805033,-3.3395123,-1.7340705,-5.3187795,4.423353,9.365197,6.680361,-5.9088635,-12.230988,-4.964761,-6.1829224,-7.961945,-6.995655,-8.577987,-10.401064,-12.189821,-7.9413357,-6.974649,-6.4991283,-7.8307943,-7.269673,-7.9516487,-5.0514965,-3.1458964,6.476372,9.954993,9.695719,4.998338,-3.6432657,-5.0193043,-6.241517,-3.107464,1.0754805,-0.58284307,-8.90541,-9.345222,-8.684057,-10.836285,-13.748971,-8.917707,-3.638431,0.1388927,3.835517,6.515314,1.8170667,-7.371789,-4.973184,-7.6807446,-5.928964,-3.3234074,-8.382862,-9.923526,-6.492612,-6.8686924,-3.5919394,-0.2031107,1.4190099,3.550157,2.5102947,-7.098177,-12.23741,-9.162323,-10.085721,-10.731248,-11.403905,-15.297152,-12.738862,-11.072428,-9.217415,-10.934306,-9.937325,-13.268944,-14.707021,-8.111991,-2.820655,-4.286358,-9.491314,-9.41907,-12.344509,-9.494312,-2.465075,-4.549573,-13.041792,-17.732447,-7.1835475,-2.8767738,-8.30151,-10.47821,-1.3886681,-0.042925883,-2.221091,-4.2910905,-4.434154,-4.7505236,-5.599854,-6.5962057,-5.3708897,-2.1206899,-0.21010134,1.2616405,-1.8791078,-3.9910188,-4.192283,-7.4189563,-8.448953,-13.134603,-13.005227,-9.554475,-7.851224,-7.4310875,0.3809831,3.478061,-2.3844972,-9.691497,-10.068539,-9.678696,-9.714654,-10.899599,-7.4478793,-10.4063425,-17.066635,-15.038649,-14.64964,-12.693731,-12.892893,-9.084309,-6.9116163,-8.448549,-17.374613,-17.09929,-11.724614,-5.730179,-9.199652,-11.13781,-5.8988075,-6.0758343,0.920014,5.1932006,6.263223,6.612297,3.7459931,-6.553071,-3.6197255,-3.2161453,-4.7318034,-9.551066,-10.398075,-12.040369,-12.804342,-9.888205,-9.042783,-2.940191,0.7650319,-0.9962765,-6.804476,-11.0592785,-11.713312,-12.314304,-5.364799,-4.4027457,-7.335642,-11.701121,-17.427559,-18.170563,-18.62484,-11.9650545,-5.0142736,-3.4130683,-5.5584145,-9.174767,-14.977243,-15.284061,-14.252249,-14.837132,-13.659029,-14.038921,-10.3194275,-10.422937,-18.127975,-18.792072,-21.905787,-24.707218,-23.452034,-25.285852,-22.360538,-16.338049,-17.19621,-21.661615,-22.295225,-21.56513,-16.941196,-19.242544,-17.323631,-10.158588,-6.0014086,-7.846522,-9.342687,-9.237153,-9.989429,-10.933938,-10.93685,-11.481953,-11.94992,-12.670734,-13.485596,-14.143566,-15.780135,-17.46165,-18.807123,-16.692778,-11.753522,-7.819415,-10.792053,-15.273451,-17.02029,-20.251577,-19.206383,-18.910618,-21.049255,-22.954264,-17.894516,-14.914856,-20.57377,-22.386705,-22.850792,-19.521717,-11.255371,-8.880021,-11.57299,-17.623306,-21.964119,-21.46678,-20.601418,-20.50699,-21.42153,-22.803123,-23.065855,-26.292582,-30.223864,-39.213017,-36.60688,-34.37871,-30.019287,-19.944174,-8.3398695,-6.9468365,-10.166681,-18.644703,-21.157484,-22.137985,-23.656414,-23.953915,-24.18605,-24.538076,-27.683668,-15.4848585,-14.689419,-23.650225,-19.410275,-19.222797,-16.364227,-13.750402,-12.895443,-19.2157,-25.181704,-28.180246,-29.259398,-27.338858,-21.241783,-22.646599,-31.39027,-32.581135,-30.80605,-28.239838,-27.83986,-27.667711,-27.026352,-15.170704,-4.341176,-2.2279496,-4.428106,-5.357667,-5.956128,-6.1993246,-6.6922665,-7.2788005,-8.046419,-5.4483604,-4.150615,-5.73717,-7.5902414,-13.990803,-19.651487,-13.646321,-12.887152,-11.146179,-15.014145,-22.498348,-19.311874,-16.166134,-10.385288,-10.112647,-12.028114,-16.929287,-15.596567,-13.896216,-16.675259,-15.787163,-13.607224,-16.83114,-24.47174,-23.669598,-12.778208,-10.702172,-15.061953,-22.969847,-22.39918,-23.64092,-25.989086,-23.914997,-25.755264,-31.763897,-26.314392,-23.086136,-22.53078,-15.9156,-13.265618,-15.785169,-16.750538,-19.75385,-15.338955,-11.591682,-9.75175,-4.731373,-4.819372,-11.186272,-18.032396,-13.455272,-13.989801,-15.415506,-17.186354,-17.626001,-13.633476,-14.921127,-24.842737,-29.90835,-16.982494,-7.446723,-8.06317,-15.80907,-20.374537,-21.56111,-21.28402,-22.119175,-21.768826,-22.926075,-21.343906,-19.399025,-24.896698,-23.515305,-21.44863,-22.270348,-22.295296,-18.234554,-13.554884,-11.20659,-12.349426,-13.622924,-12.274345,-12.606321,-13.817917,-12.698778,-13.576297,-14.068805,-15.994352,-16.320732,-16.22906,-17.788256,-17.04282,-16.610706,-17.561005,-13.862497,-10.433669,-15.869403,-18.745224,-19.309782,-20.045479,-19.813538,-20.927395,-21.115112,-21.412075,-20.941496,-20.928242,-20.802044,-20.356787,-22.67782,-23.04789,-18.7286,-14.229989,-19.47799,-21.291086,-22.019558,-22.939243,-23.982267,-25.339605,-23.986076,-24.038334,-15.945173,-10.980665,-5.010167,-0.7508652,-5.387542,-17.797737,-20.068363,-12.561382,-9.933243,-9.675766,-12.239228,-15.987268,-18.287128,-19.01885,-12.956351,-7.764574,-12.101592,-14.864979,-15.39916,-18.600674,-14.233135,-7.147624,-4.946059,-3.8197348,-4.9895067,-8.450428,-2.3235729,-1.9300652,-7.0427284,-12.544037,-12.6851635,-14.581369,-14.579206,-12.215079,-13.383284,-11.811332,-10.634834,-15.781264,-18.954756,-19.24015,-16.987123,-16.042336,-15.572009,-10.98514,-16.213554,-18.448769,-20.802649,-19.004393,-17.492067,-23.89214,-19.640686,-20.23154,-22.018581,-20.661407,-21.243843,-21.05933,-20.998714,-20.189465,-21.546124,-22.785103,-22.465418,-22.099422,-27.114172,-23.35424,-23.285685,-24.03657,-25.614473,-25.875404,-22.466936,-23.622547,-24.040602,-24.431894,-27.94746,-27.66225,-23.749666,-24.952625,-24.77127,-13.188421,-7.490732,-12.956564,-22.960417,-23.38282,-26.913107,-26.860542,-26.18832,-26.857254,-23.409292,-21.491066,-25.22125,-28.952276,-29.924154,-22.289438,-17.21799,-15.860897,-10.0326805,-9.550712,-11.128951,-12.374272,-16.28789,-13.198842,-12.89897,-14.37873,-14.984613,-10.530147,-3.4233842,-1.478346,0.47389174,-4.22955,-16.754381,-13.213003,-14.7385025,-14.538337,-12.691821,-14.528943,-13.185198,-9.480769,-0.5836623,8.047438,7.5833135,-1.7022202,-10.087247,-7.9545665,-9.303409,-4.89956,6.7132955,10.219284,4.8061824,-6.807644,0.26392472,6.6049047,6.7908053,2.3235602,-5.496702,-1.6561414,-3.7270882,-7.809934,-6.146138,-3.0498145,-4.476259,-7.3487234,-5.7589436,-1.1101607,-0.3211838,-5.0552087,-7.9576845,-4.81656,-6.979726,-12.40123,-12.07357,-12.951074,-10.260918,-12.12804,-11.124018,-12.196225,-14.2930975,-10.609322,-13.329387,-13.140076,-14.545445,-13.192102,-6.3333635,-3.9974868,-4.075485,-5.439117,-7.152946,-8.1954975,-6.0255003,-8.292872,-6.0427074,-4.888193,-6.056427,-7.3931036,-6.8265824,-8.961919,-10.6269655,-13.103235,-12.133806,-10.603756,-6.002707,-4.025028,-9.007266,-12.665235,-12.851742,-12.744259,-13.167563,-13.52309,-13.223315,-12.938815,-9.797662,-10.7441025,-13.081099,-8.229783,-11.965023,-19.021145,-14.285912,-11.357349,-10.696602,-14.498429,-11.283909,-10.17686,-13.229574,-9.54283,-8.890084,-12.131756,-13.302452,-10.699163,-12.565478,-18.834995,-15.233618,-12.935871,-12.092001,-10.28987,-9.357455,-7.0801725,-8.110931,-9.33456,-11.826437,-10.857492,-10.038553,-9.90781,-9.038189,-8.886956,-8.776386,-12.037518,-17.55198,-11.781192,-8.897226,-12.305443,-10.916952,-7.128995,-6.593387,-5.760845,-5.1110973,-6.2338095,-6.721583,-7.3455863,-7.7827764,-7.996049,-8.420836,-8.1816845,-9.499675,-9.506342,-9.573265,-10.445966,-12.522116,-12.995432,-13.965522,-11.616165,-15.36981,-15.859757,-17.080322,-18.093756,-18.294998,-18.045708,-17.132523,-20.718533,-15.59943,-11.884159,-12.162336,-20.524132,-19.48682,-21.169987,-18.02271,-16.724508,-12.030979,-15.169693,-19.760649,-19.135555,-19.322973,-20.370447,-19.601261,-20.856836,-24.899046,-20.034561,-15.324911,-14.107999,-17.40396,-17.890594,-15.58947,-13.859835,-12.907076,-7.2606874,-8.394878,-15.427536,-18.947153,-16.765472,-18.081785,-17.507553,-15.487864,-12.989297,-11.572832,-6.3064117,-5.1254873,-8.018383,-7.907676,-10.486416,-10.732335,-7.367008,-5.9027762,-12.989422,-18.100595,-18.74668,-18.512875,-18.397354,-17.41206,-15.627563,-15.607489,-17.3122,-11.785464,-3.4636059,-2.5790014,-7.9339294,-9.763352,-9.082672,-7.141796,-7.905655,-7.297267,-0.21596922,2.5501232,-3.3253345,-12.543563,-15.631002,-7.7069955,-7.992463,-6.2380986,-4.753873,-6.7365084,-10.834194,-11.797243,-13.038726,-10.465642,-7.1329885,-8.284523,-10.955463,-9.806728,-9.148902,-9.819957,-8.980413,-9.928648,-10.286602,-10.753683,-14.4530525,-13.124199,-11.217675,-11.848746,-13.778275,-7.502794,-5.4358125,0.82003266,5.0005717,6.296911,5.2656755,0.9661701,1.2194972,-2.0604062,-0.43845353,1.0785263,-2.9645226,-0.2166143,7.8220897,10.945472,7.967847,5.9261456,5.573513,7.139929,6.860306,4.4240246,4.296261,2.851768,-3.312347,-0.6109396,-2.633175,-1.7939566,-2.7004325,0.3800194,2.8959293,2.7270164,-0.19080481,-2.1601346,-0.12120041
-16.946396,-14.780503,-8.551157,-10.531621,-17.727339,-12.387901,-10.287642,-12.859307,-18.38942,-18.628973,-13.525081,-17.661129,-21.806019,-17.529562,-14.708271,-13.018541,-14.970877,-16.514757,-14.947063,-19.514605,-25.12862,-23.149767,-25.95356,-25.19265,-16.171074,-12.14136,-11.446636,-13.232583,-15.980835,-19.045206,-10.040773,-7.9950056,-3.4207363,-4.010875,-5.7732368,-8.0539055,-8.714054,-8.009376,-8.083405,-8.420293,-9.036413,-10.529926,-13.682123,-14.868003,-14.797066,-15.070415,-17.214678,-17.336899,-12.805258,-7.8340964,-9.15461,-14.376563,-15.813721,-14.905737,-12.018734,-11.939746,-14.068182,-15.92967,-12.703938,-13.051556,-17.93349,-19.95869,-13.918914,-12.647344,-15.267543,-18.397991,-10.988883,-11.383666,-13.96092,-12.011729,-11.483482,-16.005669,-21.142939,-17.213024,-18.645422,-18.095623,-15.010115,-17.681883,-21.963436,-15.566644,-11.934568,-14.605169,-18.554886,-16.121143,-12.483015,-16.82465,-21.945866,-19.751226,-17.740877,-18.472792,-18.526564,-12.595398,-7.11237,-5.7847447,-9.020786,-12.481598,-16.683617,-17.24275,-17.646845,-11.257068,-5.7117414,-1.9661409,-0.14668965,0.32318714,-0.9655542,-0.9106524,-1.4672375,-0.58363056,-1.4594767,-2.0959952,-3.0269122,0.19077131,-0.65008426,0.92043626,1.5275251,-1.7433159,0.39764148,-0.5882331,-2.2252808,-2.0616946,-5.315438,-5.3941364,-6.7945046,-6.291223,-5.023287,-6.8752203,-2.1035576,-2.2236629,-5.508163,-3.4315648,-7.862742,-7.052644,-9.085796,-7.5581193,-8.031161,-7.9504538,-7.3054547,-7.62617,-7.6925535,-10.458306,-8.740621,-5.5798335,-8.921391,-9.03974,-10.257112,-11.345344,-11.3657675,-14.161665,-12.937571,-10.92147,-12.983959,-12.172408,-9.279996,-9.336102,-12.031805,-12.314789,-13.411136,-15.637009,-15.464253,-16.48607,-16.754997,-13.4921465,-18.724644,-17.081062,-18.241037,-17.716125,-16.211756,-16.99635,-10.8533945,-7.641225,-9.436301,-12.767053,-17.286602,-20.45305,-18.288769,-14.222897,-15.526979,-18.100958,-14.359565,0.7894874,4.1631107,0.3340383,-0.7257012,3.316208,4.2962637,-0.9094912,-4.0462503,-4.9366803,-5.8126125,-4.4078627,-4.3305225,-3.4156938,-5.487838,-4.424851,-5.8144255,-3.897933,-4.924296,-9.916419,-8.846586,-8.109877,-12.195406,-11.102016,-7.8959756,-9.478786,-8.894378,-12.132917,-5.2792864,2.6944983,5.6145544,7.034218,6.5100737,4.469978,5.899162,4.9473042,5.3700013,7.681997,6.326694,-1.691866,-3.5452123,-0.6118133,-1.9544357,-4.5102243,-1.5421114,-2.7570267,-2.060418,-3.8196108,-6.2205496,-6.4925137,-5.5792866,-7.7276354,-3.6382208,-3.857217,-5.517398,-6.1749024,-9.038245,-6.003856,-5.762129,-2.6630175,-4.467453,-6.630812,-10.700867,-10.270108,2.9929705,9.1205845,6.3303165,-2.3885193,-9.489941,-8.388705,-10.097084,-13.994966,-15.723795,-13.051257,-12.226825,-7.507897,-5.779048,1.7998621,9.79463,8.223248,1.0694633,-3.682122,-5.039305,-4.847559,-2.135908,-4.5672693,-8.753821,-8.459681,-4.9367642,-5.790789,-7.468066,-5.1815777,-7.8471756,-3.98594,-6.9561048,-15.458595,-14.097622,-10.644269,-11.284327,-11.9620495,-9.884955,-13.669282,-21.811108,-16.890991,-18.318962,-21.070393,-18.949127,-15.745832,-18.323486,-13.993311,-8.869712,-11.318808,-14.1187725,-17.629221,-18.988188,-20.538994,-21.37782,-29.163809,-22.868788,-18.101059,-21.182821,-19.14515,-18.59395,-20.08584,-20.142649,-25.319174,-21.470583,-9.981216,-7.2504497,-13.092843,-20.979671,-21.223719,-21.115992,-17.456133,-20.172207,-23.962042,-23.407267,-25.132908,-28.51474,-25.256388,-26.908176,-23.819391,-21.860096,-22.513855,-24.091702,-19.724155,-18.726204,-20.169548,-24.801327,-26.91962,-24.162186,-25.017366,-26.11825,-22.206024,-21.513174,-22.428787,-23.368738,-24.33569,-27.133415,-31.222342,-29.399345,-14.524801,-10.247141,-17.647682,-25.474693,-23.85503,-26.178492,-27.729462,-28.760565,-29.975037,-28.940742,-30.134289,-26.03447,-25.704472,-25.648201,-23.124525,-26.866148,-21.597242,-10.506883,-10.096233,-9.316517,-10.610756,-11.4104,-12.371893,-13.634098,-13.253887,-12.299905,-13.335233,-13.831852,-13.70057,-13.04284,-12.806543,-13.5815735,-13.130365,-13.529232,-9.864492,-7.867825,-11.257868,-10.934706,-13.722828,-15.592964,-13.9365635,-13.328522,-15.175747,-12.929468,-12.136072,-13.567987,-14.644561,-13.4313755,-12.407465,-7.325774,-5.992648,-1.7426921,-1.163757,-10.335899,-8.574664,-2.778771,3.8600974,4.612575,7.1912026,8.234383,2.2341151,-6.8763237,-7.974779,-7.3899837,1.8335832,6.1587715,3.8372602,-4.174516,-9.451654,-9.857353,-12.49198,-13.242844,-12.539223,-12.126497,-13.524494,-15.061969,-8.994158,-2.0334125,-3.4548855,-8.771864,-7.5304947,-6.7068834,-7.66267,-11.414656,-15.931839,-12.348929,-9.342642,-13.953067,-14.964598,-14.560675,-12.57403,-14.772978,-12.820433,4.7402954,11.834465,9.961159,7.957305,3.7062721,-0.48286346,0.5413971,-1.1703572,1.0356326,-0.65848553,-3.5359607,-2.3624482,-4.683483,-8.560533,-6.3025336,-7.7556047,-5.8538585,4.876773,8.864405,11.702328,14.622566,13.028467,10.541336,10.318294,13.151339,11.881769,6.6362257,3.8150465,-1.556942,-2.4950473,-4.705872,-7.4553604,-4.4903607,-5.797948,-5.1953263,-5.194226,-6.7116885,-4.011764,-2.4381278,-3.7927115,-3.3326287,-4.840117,-8.620136,-7.0115943,-10.705012,-8.883354,-3.277182,-4.005428,-9.703397,-10.573729,-6.8019204,-9.322654,-14.3977165,-11.202407,-10.948,-13.120512,-18.23902,-14.589827,-15.579319,-18.173279,-10.465391,-8.641957,-10.285494,-11.832452,-11.01886,-10.83303,-10.282967,-9.386566,-9.210519,-8.913296,-9.029395,-2.690327,-0.39230072,-5.018181,-0.26505437,7.1548867,8.329629,3.3989537,-0.8055904,-1.5326188,-7.196946,-8.757795,-10.370618,-9.719436,-9.678593,-10.736645,-11.229316,-10.263691,-13.398478,-13.880051,-12.847931,-7.853539,-2.7739367,-5.015314,-7.1552176,-2.8948832,-2.264919,2.8657832,7.331007,7.185693,0.5264678,-5.7868457,-6.839226,-8.272229,-8.502717,-5.5326853,-4.56211,-8.98011,-8.234614,-8.650369,-15.20279,-13.761626,-10.146865,-8.57995,-11.814627,-8.864569,-5.6130342,-10.68926,-18.339123,-16.634901,-17.456726,-18.32076,-17.551624,-17.285608,-12.781282,-7.1152143,-5.2622557,-4.549505,-4.7826376,-6.133668,-8.295399,-5.9662485,-7.366137,-10.624191,-10.920056,-11.390897,-11.18739,-11.00741,-12.2626915,-12.667936,-14.980114,-15.660228,-16.394768,-16.564003,-18.944344,-14.503286,-14.173834,-10.244669,-13.964076,-20.354973,-24.047253,-22.753256,-20.325651,-7.3623176,-3.5279698,-8.246874,-7.252807,-5.1292987,-8.235703,-13.20217,-16.544521,-4.2565165,0.43240684,0.18532617,-0.6625014,-3.9128594,-7.5387864,-6.690424,-6.5298147,-7.3822565,-7.395767,-2.5859013,-1.4894981,-3.777793,-5.9533362,-6.137354,-10.812268,-11.733761,-11.029671,-11.068206,-13.298364,-10.077751,-12.225859,-7.170954,-4.113333,-11.447437,-17.97108,-22.410378,-15.187548,-16.409796,-16.569096,-16.227802,-21.170523,-22.33389,-24.837378,-18.52261,-14.413782,-7.1925964,-4.636392,-5.668288,-7.6689453,-8.551739,-9.507656,-9.898506,-7.884087,-8.49333,-11.792916,-11.087816,-2.4316947,4.46118,5.4206886,5.598137,5.603414,0.6659722,-2.0439816,0.10666221,-1.3854355,-4.786021,-8.859102,-11.932116,-9.278661,-4.054976,0.54600066,5.3864536,10.053186,10.039427,7.0459566,3.9308815,1.6694915,0.15418075,-0.7638283,-2.9216816,-0.08851951,0.05685594,2.9819286,1.7954788,-5.497596,-9.142924,-3.3673275,-3.4304366,-5.699774,-1.498707,-0.82358307,-1.769008,-3.8977532,-1.5626976,-1.5706627,-2.752154,-5.405878,-3.381991,-1.1324173,-3.6756291,-5.3443866,-7.2392807,-8.9425745,-4.757753,-4.4633093,-8.231282,-14.203109,-14.08955,-13.061868,-12.1615505,-10.077473,-7.896882,-8.559474,-12.028175,-4.532625,-2.099636,-5.6510878,-6.627991,-6.994169,-7.7873445,-7.63548,-7.7251906,-9.14777,-7.9342504,-8.99954,-9.98336,-11.50193,-11.707412,-14.444359,-15.299024,-8.580295,-2.2787304,-0.9238453,0.4640125,-2.992568,-3.5644076,-0.9176656,-2.7369845,-6.8524547,-1.4437666,-2.1904507,-7.8800974,-6.43451,-6.694584,-8.3661785,-10.403772,-6.503008,-4.422447,-2.410055,-1.3047184,-4.8243036,-6.0859766,-1.0761671,2.2869854,3.1250503,2.2766476,1.4846342,0.49841106,-1.9389532,-4.7330832,-7.327586,-8.626892,-6.9417295,-6.5030055,-5.314928,1.6560395,3.9134023,3.4460618,1.0862435,1.5192537,3.2357497,1.6633111,-1.7792516,-5.4245605,-12.479847,-21.981613,-14.668918,-5.753416,-4.3253355,-8.164714,-13.758992,-13.676566,-6.9290457,-0.6997734,-1.2138286,-2.7815533,-3.9931827,-4.228943,-2.790399,-2.5456955,-4.747806,-5.944226,-7.0187216,-9.373889,-8.828533,-6.127498,-4.080101,-3.9726171,-5.6102996,-8.862451,-8.438847,-8.70624,-10.874611,-15.020658,-15.064315,-9.849208,-9.702221,-14.432306,-1.8633105,2.3674016,-3.648403,-6.919691,-9.9203005,-9.857542,-9.21944,-2.646004,-0.3312129,-0.3125985,-2.6340091,-4.1828833,-4.781848,-2.1491847,-3.2473984,-8.414677,-4.2587223,3.1864815,4.018537,-1.4289016,-1.2336655,1.3850036,0.9508172,-2.0807655,-4.139039,-4.2579303,-2.808932,-5.960481,-7.1810246,-11.497984,-15.406494,-13.935465,-12.152051,-10.332409,-17.612057,-19.573141,-15.842671,-17.198427,-12.512615,-12.276453,-15.395376,-14.188828,-13.921242,-12.813496,-12.335613,-12.587513,-7.926982,-3.5897815,-7.356657,-7.488591,-2.8856173,-3.339466,-3.301078,-2.5539947,-3.2574484,-5.3397646,-10.67819,-16.965714,-24.609032,-18.006468,-10.894812,-8.559126,-7.5809584,-9.209082,-8.993192,-10.0357065,-10.6275,-9.198435,-10.440691,-10.113819,-11.022253,-12.836912,-13.324627,-13.267197,-11.549049,-12.098927,-10.550193,-2.2743497,0.06929186,-0.32155007,-0.80188215,-0.27067822,-0.2503612,-2.0793083,-0.7534662,-0.59527284,-0.8383828,-3.51807,-3.4938252,-3.669884,-5.090414,-5.9433937,-4.5999913,-5.297313,-7.7955856,-6.17852,-4.5307055,-5.940749,-6.6087127,-8.333991,-5.4763193,-7.288183,-8.263649,-9.303507,-6.2964907,-8.011825,-9.578583,-9.748391,-8.54751,-9.793237,-11.5774145,-10.595075,-9.515231,-9.527671,-11.048852,-10.493481,-10.639167,-9.573703,-12.334929,-11.525727,-9.6482525,-8.453192,-10.443956,-10.679918,-9.483649,-12.986111,-15.023546,-11.621527,-7.8411417,-5.637063,-10.114836,-13.890004,-10.751982,-7.544385,-6.824525,-6.419634,-7.9602532,-7.978387,-11.664146,-12.829772,-11.055812,-8.172285,-11.965327,-15.931391,-6.4595604,0.33136296,2.1950693,-1.015126,-6.187002,-9.729548,-13.378631,-13.875876,-10.634937,-12.017498,-12.727977,-10.080286,-10.196562,-11.34178,-13.764895,-10.47673,-11.478233,-13.968215,-14.195758,-10.710883,-13.2053585,-12.104954,-13.708085,-12.243929,-14.396219,-16.322104,-14.707914,-14.019215,-16.563416,-15.740422,-16.025967,-15.116596,-13.849582,-13.336578,-12.572025,-13.511845,-12.32791,-14.655958,-16.17725,-17.121069,-15.527478,-17.609865,-20.855797,-21.841097,-17.567291,-20.15507,-27.589685,-18.541414,-16.2486,-20.954397,-23.053009,-19.37093,-20.053288,-14.636659,-10.418688,-14.946217,-16.25202,-16.57241,-17.372213,-15.097312,-16.146317,-16.656391,-15.112698,-17.249245,-21.033516,-17.78548,-15.612658,-17.504902,-14.376188,-12.048279,-6.179657,-4.933806,-9.4343195,-12.118786,-15.407133,-16.827944,-15.074149,-14.265853,-15.635391,-12.192568,-7.043666,-2.369586,-2.4886832,-7.693408,-13.455945,-14.037704,-17.00327,-15.996242,-10.778627,-10.965054,-11.554031,-8.975159,3.4557378,5.5175924,3.0266805,-1.6617951,-8.198272,-11.043629,-11.7281475,-12.304988,-8.339058,-10.2536125,-11.144306,-6.0872364,3.4140663,5.858308,6.800002,1.6807337,-5.0248375,-5.6054726,-5.0458784,-6.6317964,-6.4698095,-6.4703417,-9.701014,-11.340401,-11.164385,-8.116772,-11.568643,-14.351566,-11.145383,-7.59076,-6.8162766,-8.151005,-10.749826,-14.034927,-7.645366,-7.6441526,-7.946033,-12.919917,-9.647266,-5.1796465,-4.05803,-8.4176235,-10.886432,-9.467081,-8.889314,-8.939134,-10.824556,-5.884371,-5.1880984,-6.6506176,-12.303853,-8.246557,-5.0945516,-6.751152,-11.728282,-14.171332,-7.9275637,-6.68488,-10.267391,-17.327282,-10.008353,-7.7668867,-9.254959,-11.762561,-14.2126045,-13.592041,-11.047256,-11.934654,-14.990916,-15.992747,-12.698948,-11.879869,-15.143794,-20.762302,-15.6562195,-15.74255,-18.043541,-15.801987,-15.619497,-4.8188696,0.14274043,0.9376225,-0.43160576,-1.2300763,-4.509446,-12.068233,-11.637497,-9.291836,-8.377604,-11.242199,-10.793719,-8.240295,-10.488576,-10.497474,-9.6259165,-10.36385,-10.389408,-11.60589,-14.207851,-14.506485,-14.21185,-13.221816,-12.9754305,-12.531489,-13.324556,-13.735241,-14.480347,-12.676632,-15.7205715,-17.431356,-15.6087675,-15.5450325,-14.57591,-8.665775,-6.1531262,-4.147101,-2.307821,-3.125966,-3.5470505,-4.0418196,-5.0983267,-6.33352,-6.6752267,-6.708109,-7.8935614,-9.201703,-9.943477,-10.776575,-12.419147,-14.182991,-12.337439,-8.24588,-13.201344,-17.74441,-15.435868,-15.438653,-17.51099,-16.67207,-15.788002,-18.92922,-19.962849,-19.751095,-19.230883,-22.970776,-25.191654,-25.102339,-21.432198,-13.583067,-5.933376,-4.133336,-5.9667735,-10.435353,-15.127531,-14.388798,-17.83249,-19.172108,-18.274422,-19.366177,-20.97332,-21.375134,-19.314419,-21.751091,-19.131641,-17.879074,-16.896328,-13.912937,-13.263473,-15.350242,-15.533169,-14.856311,-17.14548,-16.339214,-13.727261,-9.3121395,-10.858184,-10.020512,-9.973384,-12.006481,-16.571743,-14.401007,-10.068314,-10.889907,-13.432339,-14.627,-22.374506,-22.001911,-22.233376,-19.455906,-18.60358,-21.418915,-22.843681,-24.822487,-22.61493,-23.805035,-27.155695,-20.6302,-14.176308,-16.718563,-20.471544,-17.536867,-17.376135,-17.331673,-12.954548,-14.580617,-17.148129,-16.270296,-14.333596,-13.373594,-14.143454,-14.3200445,-9.119334,-11.617042,-20.460754,-20.80904,-16.143934,-15.0287,-14.227471,-8.665181,-10.198147,-11.692755,-9.52233,-12.663748,-15.767516,-16.582396,-17.464203,-16.010689,-6.0062103,1.4790132,4.544674,5.108122,5.3676596,2.0602438,0.11446546,5.0601864,7.257967,7.698961,6.303894,0.32212877,-2.669939,2.3240235,7.8315063,8.603297,9.839132,11.238975,6.956464,3.2406478,0.5462604,-3.776755,-2.9162598,-3.2214088,-3.3108928,-0.8801527,0.84457266,-1.2214347,1.2635405,-1.4180491,-2.74124,-2.8763566,-1.462053,-1.6383512,-2.6990154,-3.332889,-4.6931686,-8.199693
-8.111384,-6.1488204,-2.9468164,-4.1244473,-6.194292,-5.6642604,-8.347694,-12.541723,-13.490962,-12.841911,-8.404054,-10.227699,-11.292448,-10.362377,-14.540448,-16.617891,-14.531636,-10.283968,-10.783859,-12.908832,-15.609932,-16.11838,-19.51324,-16.259474,-9.131147,-5.693066,-5.3143983,-6.316759,-8.295866,-11.636309,-4.2308803,0.32184947,-0.3318407,0.89768934,0.34292814,-1.502414,-2.342146,-2.6244168,-2.6833668,-3.113679,-3.563639,-4.8582273,-6.720812,-8.297878,-8.356396,-8.435954,-9.628886,-12.17011,-15.270391,-13.0086155,-11.990727,-11.441585,-15.222057,-16.170013,-11.431846,-10.1005945,-12.108693,-14.47517,-10.964676,-9.578945,-13.225942,-17.7198,-9.3222,-7.0293736,-9.181414,-9.206083,-6.988446,-7.266665,-5.5783887,-5.855567,-6.1076097,-7.9844856,-12.209636,-11.161707,-14.420371,-17.285698,-12.2834,-12.275714,-13.061894,-10.066957,-7.3254943,-7.324448,-9.562327,-12.290288,-11.248374,-10.793093,-16.48094,-15.258812,-11.733841,-9.487682,-9.237686,-8.480198,-6.963168,-6.2562923,-6.344165,-12.088186,-20.575706,-14.553977,-12.608944,-12.550997,-3.4179869,-2.504861,-6.6313844,-5.612156,-7.829913,-6.4882684,-7.757657,-6.4962397,-8.498148,-6.9887614,-8.275946,-5.7468486,-5.9655085,-4.648108,-4.389143,-2.2105339,-1.7277502,-0.44895205,-2.1501546,-5.843625,-8.843435,-8.759912,-9.422625,-5.242244,-5.1999454,-9.765228,-11.671282,-8.694829,-9.417854,-9.201391,-8.97087,-6.660363,-7.9376545,-7.915478,-10.61919,-8.394238,-4.918689,-5.519791,-8.265353,-9.589305,-11.757189,-13.690137,-13.098957,-16.517395,-19.275534,-13.7527895,-14.916851,-16.386036,-15.7865925,-12.066856,-11.529225,-11.824428,-10.161091,-9.957902,-11.705402,-17.905289,-18.6833,-12.65299,-11.562958,-14.774984,-21.42749,-18.129879,-21.283358,-19.75148,-19.60779,-15.750746,-12.628994,-12.50856,-5.6399975,-1.0582386,-5.5085177,-11.504986,-14.094345,-11.929949,-11.376933,-10.989418,-11.531087,-14.346508,-12.872771,-8.282606,-12.762142,-12.258497,-12.4256935,-12.8067,-3.7059817,1.2061486,0.14493467,-4.5120683,-10.236017,-4.2648234,0.9841063,1.6579007,1.644319,-1.1658,-4.7472043,-5.5346737,-6.433663,-7.0499444,-3.1148348,1.5547038,-0.130588,-6.520577,-6.1305404,-5.165943,-5.927274,-8.135224,-8.549108,-7.059863,-5.0519114,-3.6546226,-2.0307307,0.8411824,1.6806076,1.1210428,4.426897,7.0638847,4.1806498,-1.5651017,-8.210575,-4.545142,-1.9813716,-4.6176605,-6.7252345,-12.183281,-16.360802,-9.118324,-8.270031,-7.762213,-4.3372526,-5.7884607,-3.251072,-1.1720562,-1.7133751,-2.9404986,-4.119508,-2.1008143,-1.3479501,-4.687293,-6.3255854,-6.0371084,-8.332175,-11.694245,-3.6812809,7.772809,10.482116,5.1237698,-2.290364,-2.254176,-0.64843243,-2.7600932,-3.8750834,-4.139986,-9.540426,-5.928223,-2.5027516,-0.34573612,7.726031,10.880936,6.632017,0.35980955,1.8158641,2.385504,-0.6874567,-1.4498568,-4.8357697,-5.8155084,-2.1688783,-0.39109755,-1.959737,-5.847972,-8.257318,-7.4743137,-8.245468,-9.046945,-8.930739,-8.605117,-9.235438,-9.505369,-9.479982,-14.639505,-14.782709,-14.34239,-15.836939,-15.288134,-11.97763,-12.812356,-14.473749,-16.38958,-8.621927,-7.9913225,-13.894735,-14.312302,-12.674204,-14.965801,-17.274952,-16.09482,-17.369888,-19.370783,-17.902378,-19.834187,-24.187412,-22.74761,-20.233202,-26.035376,-26.59732,-18.53736,-17.638699,-21.43717,-23.490711,-24.439735,-25.195072,-22.115578,-23.115688,-24.723156,-25.131119,-22.653563,-28.192377,-30.627253,-27.452059,-28.86565,-29.654278,-21.836681,-19.327763,-15.972063,-17.31991,-20.669537,-21.69991,-24.027199,-26.311796,-24.95721,-25.652159,-25.760279,-26.068676,-23.97064,-26.682022,-27.002695,-25.292452,-28.964193,-27.398792,-12.381601,-8.564836,-14.8626175,-25.642817,-28.450462,-29.66969,-27.489092,-29.119915,-30.428179,-30.079277,-30.26503,-28.956127,-28.101027,-25.541931,-27.849289,-31.485497,-17.940289,-4.246423,-0.49107987,-1.4746048,-3.0740201,-1.6684666,-2.5107183,-5.3205433,-4.592304,-3.4176753,-4.611723,-4.877772,-3.9064767,-3.9772277,-4.7751865,-4.925853,-4.5898705,-4.8920846,-5.1681037,-4.2439475,-4.1604004,-3.4644604,-4.251115,-6.000686,-7.2333746,-6.2933187,-5.8866067,-7.7801375,-7.313122,-3.8871965,-5.4540386,-8.299085,-8.795449,-6.785462,-10.227245,-12.367501,-4.849743,-3.6279783,-4.5374823,-9.370735,-15.211419,-12.688206,-15.613625,-17.098,-17.234682,-16.451736,-18.991371,-19.69406,-16.657518,-15.691228,-19.426538,-22.399303,-11.109029,-10.38928,-21.151985,-21.68558,-18.56845,-15.887083,-18.397228,-18.147738,-18.02087,-17.142616,-20.806194,-18.507244,-19.6965,-21.432371,-22.296124,-19.453718,-16.79584,-10.8161545,-11.043213,-9.941043,-11.728011,-16.223059,-13.337656,-12.761703,-6.1256857,1.6879585,6.6361275,2.046396,-8.406603,-9.553462,-6.8099737,-7.799483,-6.1973276,-1.8627253,1.1095968,2.321927,-1.7816817,-7.0917797,-14.598466,-13.241093,-13.189217,-12.119484,2.486473,4.9547176,5.2561336,8.151984,6.1177516,0.9944963,-3.5278342,-3.096285,5.0788236,5.346349,-1.3303764,-4.1937037,-2.2892423,-7.988223,-10.937289,-6.910382,-4.8266788,-5.2358527,-5.2360935,-3.9154768,-4.0655518,-8.271237,-6.3989997,-5.493941,-4.8734016,-5.21761,-5.3742533,-8.233665,-7.5029635,-6.63444,-6.9153996,-7.458627,-4.048484,-1.1430748,-2.1832762,-7.7911286,-9.752475,-11.170088,-15.045386,-19.043325,-14.210463,-10.467831,-11.694952,-9.578336,-5.0786695,-4.028725,-5.065316,-2.7019386,-2.4742935,-3.5740635,-2.3835175,-1.7237172,-2.6184134,-3.3329365,-5.419993,-0.4471925,2.167892,-1.8786747,3.8886225,10.967535,8.96724,-1.6374038,-1.9010359,0.3779906,-3.9994237,-8.3003025,-4.8095484,-3.8327875,-4.8094854,-4.115598,-6.17784,-11.453598,-12.257999,-9.716793,-7.7980824,-4.9010115,-6.4447126,-8.462978,-10.653881,-13.398229,-13.996998,-11.735148,-14.4576645,-15.145979,-11.84702,-14.313384,-20.947357,-18.422707,-18.142012,-18.480942,-21.668316,-18.639456,-18.600851,-16.348295,-16.71172,-6.869939,-5.8571577,-15.280682,-17.889837,-17.17158,-21.168577,-22.167255,-20.164392,-18.500597,-19.641281,-22.79779,-20.271452,-19.228384,-20.97356,-7.249691,-4.711946,-10.794044,-10.7035265,-10.113692,-11.522721,-14.559137,-14.5529785,-15.215215,-22.112743,-16.532017,-13.714529,-17.751871,-18.841133,-18.34354,-20.56183,-17.517263,-17.796062,-22.349396,-16.941544,-10.821277,-6.1831923,-9.873482,-18.029839,-22.266758,-18.74221,-17.768353,-14.597831,-5.1113596,-2.1878505,-2.7173285,-6.7454906,-17.145945,-17.264486,-14.087641,-7.6502204,-5.431165,-3.0609198,-3.0527225,-7.9307504,-15.290822,-15.626976,-17.702312,-18.100256,-17.854803,-20.717314,-23.530956,-20.836985,-22.935993,-21.246368,-23.141775,-23.389778,-20.267889,-17.28347,-16.948189,-8.001626,-6.6005573,-11.511562,-11.0793,-17.949709,-21.408749,-28.114697,-25.059696,-22.86979,-18.391926,-19.317524,-25.69296,-28.092964,-30.718296,-29.550436,-12.783293,-2.2383778,-1.1198912,-3.1638327,-0.4515067,-0.27677315,-2.1374395,-1.8720644,-1.8335264,-3.3021636,-4.914919,-3.6856964,2.848905,3.3047702,-1.6599315,0.5535414,-4.4263964,-2.306182,1.926331,-0.6665277,1.308063,1.1575198,-4.083935,-3.973977,-3.2782958,-6.0107737,-1.963896,2.5563507,13.427119,17.43216,15.130204,12.038299,8.0169,7.5484695,3.634052,4.10567,0.4207832,-0.013469143,7.5657682,9.205455,4.4039254,-1.2226105,0.9331817,4.965206,3.553465,2.490832,-0.11464655,2.5572708,1.5163456,1.9535123,-0.66579705,-3.507129,-3.403953,-0.051732216,2.9671898,0.39125437,0.07789125,0.6830243,1.1321808,1.4775163,0.20374365,-1.9369847,-5.1760645,-5.3254595,-6.208627,-9.85099,-11.278056,-5.894275,-6.8174276,-11.917814,-11.06895,-9.770216,-14.098149,-12.881599,-16.901344,-12.217813,-8.396616,-9.760324,-13.241333,-10.867228,-10.849247,-14.840045,-14.199612,-9.290558,-12.515482,-17.341873,-9.864965,-4.2368526,-0.8842283,1.5987961,-0.6362026,-2.2617443,1.4495188,0.58542156,-1.5313302,1.052646,0.18501511,-5.668321,-7.519917,-7.8792553,-9.784006,-12.750382,-8.59275,-6.342908,-3.0000787,-2.7299044,-3.54331,-5.0020504,-0.13271594,2.7060819,3.436519,1.8122325,0.9470174,0.8084048,-1.9588624,-3.9071617,-5.506381,-7.0020514,-4.0919585,-5.6726418,-7.267799,-0.5649368,3.9876432,4.331388,0.0066724163,1.827549,4.729827,2.6247444,-2.9012249,-5.8942327,-9.287383,-13.22536,-10.458813,-3.7600393,-2.3948536,-6.741037,-13.940848,-9.749754,-2.4865344,0.51533353,0.5408966,-1.7629021,-4.3961806,-2.1120062,-1.001622,-3.5679529,-6.64208,-4.9202137,-5.891726,-10.427933,-10.997783,-6.1107516,-3.992989,-4.2980957,-5.8557343,-7.7944226,-4.882078,-4.5895586,-7.663127,-12.148994,-11.782198,-6.759519,-5.490358,-7.4956465,-0.3021016,5.666952,2.106622,-10.231226,-10.954039,-10.410513,-3.1008637,3.5165086,5.766983,5.679287,4.0941253,3.4154305,1.1315002,2.3867626,2.5137994,-2.0557306,-2.2023911,3.5928416,4.121868,-0.59313226,1.2095128,3.1211462,3.4999754,3.39767,2.7883208,0.88244236,-0.69374233,0.74557316,0.8233769,-3.229632,-6.3865657,-4.390584,-4.4114013,-6.2805705,-10.467743,-11.453449,-11.482701,-14.303578,-8.528774,-7.6036024,-8.340532,-9.533859,-6.1560297,-4.189784,-2.362086,-3.1289017,-5.6111293,-9.629586,-9.733627,-5.366125,-4.223068,-9.01787,-8.332203,-4.832635,-6.010269,-4.371583,-5.9362173,-9.698209,-16.167406,-16.488874,-13.486984,-12.778892,-9.588689,-12.762093,-13.166321,-15.197428,-15.053712,-12.890022,-15.459062,-15.642142,-19.113123,-18.108128,-19.415316,-17.308231,-12.1872635,-12.172832,-14.488537,-5.510992,-5.464099,-4.628483,-4.848343,-6.297905,-5.589608,-7.780745,-4.6597176,-6.0714383,-5.2393255,-6.428547,-7.087346,-8.415088,-9.423765,-12.287535,-9.419621,-8.843407,-9.675794,-10.546905,-5.67522,-7.3731923,-7.702052,-7.761784,-5.366383,-8.030069,-8.5440235,-9.11538,-8.290917,-12.701508,-16.777798,-15.524234,-11.364423,-14.053817,-17.14112,-9.139852,-8.494772,-12.496382,-12.075588,-10.303139,-8.203632,-6.3815765,-9.562768,-12.809876,-10.184192,-2.6905262,-3.842859,-11.613278,-14.87163,-11.780821,-11.778464,-13.209572,-12.15383,-9.676863,-9.365608,-11.140708,-10.558369,-8.435553,-10.2145195,-15.777794,-12.360817,-13.448968,-14.184232,-10.189018,-10.563761,-11.939369,-10.340389,-4.277279,-0.12857895,1.0485085,-0.91949886,-3.115501,-4.3616056,-4.0029464,-4.6822042,-4.8641815,-2.5163639,-2.7643104,-2.7049267,-3.2985666,-5.544086,-6.47186,-8.161374,-7.125621,-6.4781384,-7.336256,-7.9036922,-5.7720284,-7.6804543,-7.1689277,-6.708143,-8.384429,-10.136308,-10.540436,-11.934366,-15.648846,-20.567593,-15.50996,-12.8502035,-10.9443245,-8.510337,-7.6500373,-7.536487,-6.8869715,-5.2025013,-6.7667,-6.7954164,-7.120614,-8.713536,-11.395797,-14.938713,-14.813714,-15.164099,-17.164902,-14.6943,-13.108032,-12.092452,-13.527068,-16.311613,-18.111408,-15.897959,-13.574724,-16.22222,-16.677969,-10.524441,-9.1254015,-9.811285,-8.875996,-8.788172,-8.080986,-8.70763,-12.044128,-11.676786,-8.993472,-8.342764,-9.592042,-9.699731,-9.490196,-3.2381897,-0.9712421,-4.2174644,-4.615682,-4.6032662,-4.7347455,-7.5685396,-7.2569494,-6.977771,-6.343484,-6.832632,-6.9600163,-7.8623514,-7.4363413,-7.252286,-7.485489,-7.4895678,-7.4868383,-4.7058496,-4.9667077,-4.8820825,-3.4200513,1.5791838,-0.48982558,-7.2536974,-7.692325,-8.267828,-10.030122,-11.210732,-13.034358,-14.202441,-15.161466,-11.173078,-4.301865,1.2406718,-2.9907165,-1.9986115,2.7200997,0.51108205,-6.0476155,-7.6048822,-4.03626,-1.4527811,-3.7473698,-3.5345373,-8.29489,-18.98133,-13.479615,-10.561799,-15.973255,-11.490797,-7.9085617,-6.869387,-8.790405,-7.848124,-7.8040905,-7.022005,-8.459044,-12.757847,-14.169721,-7.804859,-3.737547,-3.7796948,-6.6369486,-4.001485,-1.9724879,-2.6551998,-5.2275333,-7.724826,-9.442396,-11.684017,-11.875069,-10.121541,-7.2847133,-6.813169,-8.433892,-10.367243,-14.107181,-17.086098,-14.151593,-15.734146,-15.620911,-15.50395,-14.484505,-10.629881,-8.257493,-14.400416,-20.331978,-22.693178,-20.11307,-16.252615,-17.774035,-19.382904,-21.36118,-18.490412,-15.482899,-20.020344,-16.402822,-16.535433,-20.591682,-12.237472,-0.5662248,2.8681948,1.6774118,0.049650688,-0.9234495,-1.7101703,-3.9345431,-4.348788,-1.8822978,-1.6664816,-3.1639326,-2.96818,-2.513665,-3.3498015,-3.2169535,-2.9508681,-3.922994,-5.2413125,-8.4767275,-8.356764,-7.421143,-6.602625,-6.2237415,-5.9970884,-5.799059,-6.3833876,-6.6580744,-7.356228,-8.074164,-8.973669,-10.65817,-10.628549,-9.387282,-8.36168,-8.875331,-10.954204,-11.8018055,-16.557924,-24.27273,-23.552582,-24.36235,-26.931385,-28.830786,-25.75581,-27.287312,-28.539188,-28.397991,-29.55138,-30.234297,-29.692204,-30.375654,-15.694991,-9.170802,-13.208531,-26.636234,-30.027645,-29.242195,-32.22193,-34.058296,-33.557602,-35.18815,-31.719326,-23.676037,-24.42492,-30.200325,-28.307302,-28.88705,-23.024273,-12.999854,-6.4823194,-4.43503,-3.0628726,-3.0743108,-6.5880895,-8.862377,-10.02967,-12.861695,-12.802578,-14.218025,-22.246494,-21.562473,-15.984193,-13.582148,-11.911239,-10.461512,-8.508402,-8.058775,-8.449746,-8.027246,-7.966343,-7.8662634,-8.44171,-8.592635,-6.5968947,-4.1616235,-5.607976,-6.032619,-5.3847866,-6.835517,-8.54666,-8.659874,-6.8079166,-7.900793,-7.0787754,-9.452311,-17.074911,-18.349085,-19.162992,-18.10574,-21.159801,-24.834007,-26.778793,-26.32715,-22.502926,-24.53744,-23.807192,-21.42782,-14.378009,-10.586714,-12.084686,-14.643469,-12.8017845,-15.786314,-18.710066,-20.00145,-15.652414,-11.329732,-10.216312,-13.816136,-18.73667,-18.264372,-8.63365,-8.690959,-19.234661,-18.228495,-17.91774,-14.506536,-12.745083,-8.83231,-12.385055,-17.457483,-12.856112,-11.767421,-17.085968,-14.310322,-2.2538478,4.528913,7.38385,8.586943,8.7162075,7.9192657,4.2330246,-0.5897288,-6.5821414,-6.070488,-6.1307263,-3.1924024,-3.6016963,-6.844038,-10.3095875,-3.0206003,8.961135,12.965258,11.282343,6.1921463,-0.49938357,0.042768233,1.5378411,1.8201696,3.608192,2.0773358,-0.13948855,2.0646033,4.5624747,4.756164,5.3846354,3.3721757,0.26968148,0.67876256,2.181938,2.6980212,2.6694174,1.859339,-0.6125364,-2.6234148
-13.703612,-15.22738,-16.509007,-16.453459,-16.154005,-17.531643,-22.919558,-26.919107,-24.245033,-20.940067,-19.057882,-18.157251,-19.720823,-20.15239,-17.899244,-16.555244,-16.99658,-18.354448,-25.47269,-24.26649,-21.940533,-22.38108,-26.418453,-25.271755,-20.345507,-19.763004,-21.022514,-21.280813,-21.923115,-24.446604,-6.933223,-3.4031353,-7.3663325,-10.450039,-15.052805,-17.983423,-18.707424,-19.888422,-19.290274,-21.411303,-20.670029,-21.640179,-21.876987,-25.082567,-24.099003,-23.546925,-21.841154,-22.5329,-16.28443,-10.964558,-14.884343,-21.423843,-25.934258,-28.101976,-29.485052,-30.561264,-26.058607,-22.607616,-26.488613,-24.864462,-22.873117,-24.196234,-22.1968,-21.570396,-24.581373,-19.896652,-14.353621,-12.036043,-15.462631,-20.163736,-20.516216,-19.09116,-24.158962,-21.975443,-22.83503,-23.036463,-26.018059,-27.096855,-25.01965,-25.423122,-23.290558,-19.81778,-18.122433,-15.650555,-12.892947,-16.376669,-20.723516,-25.605312,-26.318588,-20.210867,-20.037325,-18.155685,-12.540647,-11.399311,-16.850521,-20.953693,-24.00304,-21.186342,-21.075027,-14.555788,-7.3332553,-0.91549814,-0.7161004,-2.1987853,-1.7557323,-2.462998,-7.9269543,-12.603437,-11.561145,-14.295274,-13.532417,-15.425457,-13.233294,-17.282642,-16.812342,-14.744614,-15.020356,-11.639585,-10.337935,-15.68091,-16.781965,-15.697712,-21.530447,-15.834005,-15.94273,-20.822535,-27.381721,-19.881618,-20.037077,-20.62622,-18.579916,-19.097963,-20.356339,-18.022879,-10.442236,-11.884794,-17.45666,-19.755732,-20.420395,-22.903793,-22.910686,-25.166262,-28.245018,-28.010265,-29.833796,-28.387096,-25.713276,-27.969486,-27.404434,-23.369263,-19.854366,-17.413942,-12.232311,-13.586447,-16.565117,-23.60101,-23.919086,-20.134504,-19.575596,-23.952143,-27.871918,-27.685387,-23.482363,-22.077755,-29.555475,-30.4262,-25.79787,-25.734478,-7.5820503,-4.380347,-9.819902,-17.394096,-24.24768,-23.044846,-22.670742,-26.035542,-25.48808,-27.935354,-20.704845,-14.732887,-17.85352,-24.804356,-23.882473,-26.343279,-19.844852,-8.204797,-2.6284423,-5.9344525,-13.544849,-0.5013018,7.881789,10.043291,9.933702,9.493772,7.8233523,1.0190005,-6.6152287,-5.461027,2.161974,5.7783146,3.80826,-3.0406034,-3.2191203,-1.1510376,-1.4461733,-0.949733,0.34293818,-2.628365,-1.9635286,-1.6386914,-0.49600545,-1.1712103,-3.3281682,-5.68725,-7.205587,-3.1426558,0.12954664,-1.9619924,-7.880514,-6.384363,-6.9310694,-5.0198817,-5.156498,-11.281309,-15.963945,-7.8656693,-7.628295,-10.755158,-13.39737,-12.318736,-12.867893,-11.835854,-10.42749,-12.033192,-13.187273,-13.701507,-11.804768,-10.966111,-9.709814,-13.579984,-15.094404,-14.059221,-7.25243,-3.6608508,4.8316994,9.4643345,8.341788,4.174487,0.8038317,-2.3065498,-1.3390417,-5.966237,-9.717219,-3.1064157,2.274763,1.260839,1.0861806,5.5971556,8.81504,9.9903555,6.3482895,-0.55892754,-3.9332035,-5.730315,-1.4075105,0.41950014,1.5737175,3.7647355,3.9960396,1.1101787,-3.1998482,-7.423517,-3.0426464,-1.1289713,-4.3017597,-6.3860044,-2.868763,-4.996479,-4.838313,-4.921744,-6.1564455,-8.164331,-10.536905,-6.7989864,-6.515165,-10.118776,-8.648831,-8.880543,-8.671831,-10.316772,-11.432433,-10.365714,-12.553947,-13.891476,-13.999019,-13.209349,-18.696209,-19.064548,-14.827977,-17.882826,-20.905575,-16.568256,-16.501066,-23.243,-22.085041,-17.912317,-16.3252,-18.217386,-22.392082,-24.55713,-29.685667,-21.492573,-19.600712,-23.656971,-24.723366,-23.282684,-25.89714,-26.222778,-25.955994,-26.77027,-28.164618,-21.024128,-10.906567,-2.4316466,-0.2617632,0.15078472,0.0011114012,-0.6985129,-1.412515,-1.5440462,-1.5671537,-1.4922881,-1.2347503,-1.3307331,-1.3267097,-1.1612054,-1.2524306,-1.8744519,-2.4472895,-3.4063082,-3.9908693,-2.9992535,-4.0371714,-4.625371,-5.0417147,-5.636707,-6.54805,-6.952754,-7.1909018,-7.3690996,-7.661197,-8.216913,-8.003084,-8.286315,-8.833653,-9.531936,-8.427759,-6.513543,-7.8711205,-10.218369,-9.420451,-10.428837,-13.266124,-12.503662,-11.8906555,-12.9566555,-13.298538,-13.128704,-13.678823,-15.294646,-15.339615,-14.749289,-14.291944,-11.010932,-12.987943,-13.653916,-10.015592,-10.151139,-14.481466,-19.335552,-17.319695,-14.957054,-17.052034,-12.885122,-8.709536,-14.419175,-15.121553,-14.977112,-18.72217,-19.52695,-16.639181,-11.300216,-7.5411425,-6.1352644,-8.649928,-7.4842973,-5.817039,-6.6285067,-7.7299213,-6.8638783,-8.912186,-10.449872,-9.015581,-6.694016,-8.327978,-9.32453,-12.128769,-8.961345,-8.809852,-16.758957,-18.594942,-17.55858,-16.093102,-14.400602,-10.99559,-8.90828,-8.555675,-9.426688,-10.577959,-15.17045,-10.360976,-11.872264,-15.065569,-12.896952,-11.962839,-15.564698,-16.11306,-16.892565,-14.632493,-11.470975,-13.133869,-11.3419,-7.97114,0.33192846,-3.141692,-11.791024,-3.1331253,-1.727894,-9.270393,-12.529078,-12.710442,-9.98292,-6.107781,-9.481918,-13.903741,-17.030447,-20.317583,-14.898401,-13.9992895,-7.304787,-4.535877,-3.215361,-1.4281712,-6.219015,-15.314752,-16.337717,-16.288631,-12.557445,-12.208363,-14.1782675,-11.206098,-10.193601,-10.081616,-10.574683,-11.660593,-12.699522,-13.130765,-14.662989,-13.362423,-12.8250675,-16.828245,-18.529818,-19.478971,-16.393314,-16.477665,-12.256096,-9.906892,-11.481773,-13.953173,-16.013374,-16.785332,-11.004797,-13.0048485,-9.41732,-11.68733,-17.029726,-19.638231,-20.382877,-22.351257,-19.289526,-16.771849,-10.966152,-5.4225025,-5.444009,-9.204838,-10.435847,-8.714325,-10.466014,-11.847626,-9.725638,-9.885244,-10.954781,-12.113439,-8.459183,-4.1404448,-3.2350054,-8.365496,-9.140367,3.7219608,9.350457,6.423338,5.943782,6.727664,0.14354692,-8.435915,-8.779622,-7.759926,-8.755144,-7.6552033,-6.7733727,-11.121771,-5.962398,-3.7695327,-6.987692,-6.562771,-4.9087896,-2.025703,0.18880138,-1.3134311,-2.369525,-2.0466783,-2.1667478,0.23627146,1.906376,1.440001,-5.5635285,-5.1955156,-5.5251455,-6.7381916,-7.336164,-8.673246,-12.161202,-10.820759,-7.3160224,-5.5902805,-1.972794,-2.5427322,-5.1978154,-7.8358374,-11.033951,-10.761196,-11.312286,-11.252628,-11.890498,-14.000774,-17.632177,-19.731462,-11.712662,-5.041842,-4.5559177,-5.390424,-5.921872,-7.09227,-8.274133,-9.315227,-11.536206,-13.747568,-16.956095,-19.666594,-18.094498,-21.24104,-22.285444,-21.281487,-16.364481,-14.017749,-13.845302,-14.796599,-16.329561,-10.302291,-5.9424634,-7.890296,-11.849611,-14.873459,-17.873701,-17.515133,-19.428724,-15.503179,-9.342209,-10.181207,-18.825966,-19.573706,-18.032362,-15.358875,-5.5440607,-3.1561768,-4.311513,-7.379963,-8.5409975,-7.0875,-7.3980517,-6.244466,-5.5955763,-2.2769167,-2.5849366,-6.747628,-6.326996,-7.7704706,-8.913312,-12.579163,-15.458735,-14.700748,-12.330669,-13.85194,-10.407158,-9.135286,-13.64833,-13.526316,-11.442076,-9.856702,-11.298804,-13.38582,-14.0313015,-13.33922,-14.847175,-22.6293,-19.59473,-16.162704,-17.871294,-15.8232975,-9.289378,-7.1113005,-11.34551,-11.060856,-10.515694,-10.145605,-6.4670916,-3.4625413,-7.0899396,-13.310861,-2.4689865,1.9967002,-2.8320243,0.4211751,-1.0219603,-10.351727,-4.5420213,-1.5333583,-1.4031072,-0.5159353,-0.3529014,1.0011637,2.511698,0.028468033,-1.7697976,-2.5251927,-1.7422336,4.821053,8.954207,8.647664,7.268694,6.229166,7.473118,7.003245,8.73217,6.4983344,0.29902178,-0.4778152,-0.20536973,-4.7008324,-2.9976287,-1.578713,2.3425543,0.9569004,-0.69082475,-2.1097019,-1.692168,-4.963705,-9.457926,-11.47735,-9.91023,-6.494025,-6.91243,-4.4955363,-4.981366,-5.8221254,-7.0810776,-7.7490926,-11.18986,-13.013245,-9.960047,-11.750254,-9.787349,-10.421948,-12.912736,-14.326658,-16.53057,-16.311548,-10.083715,-5.505622,-0.95270836,-1.9668888,-2.4253454,-3.0772638,-5.3646636,-5.1668825,-5.420821,-7.786572,-9.916529,-11.553683,-15.681877,-14.535241,-12.854786,-12.595244,-13.027147,-10.381503,-7.4953527,-7.47827,-10.082569,-14.514804,-15.9776535,-17.063932,-12.899904,-13.5431595,-17.44551,-17.922588,-17.982975,-15.671629,-10.171071,-9.224337,-10.407533,-12.785325,-7.605605,-6.690581,-5.521652,-4.2399993,-5.495751,-7.3574185,-8.538483,-6.7937417,-6.361463,-5.8803654,-5.9886274,-5.7263393,-3.070737,-1.3294345,-2.063181,-2.2961762,-1.4523153,-0.3892163,-2.2532294,-5.1098228,-5.670243,-6.907556,-6.6789365,-8.061483,-8.927256,-10.157046,-11.188375,-9.384698,-8.645624,-9.010746,-8.518639,-8.407982,-11.042017,-11.687134,-11.311213,-10.51599,-14.625206,-17.238937,-18.78424,-23.490438,-19.039072,-19.049181,-20.252207,-21.5228,-23.16906,-20.181538,-19.09562,-19.854713,-23.075335,-24.18699,-21.046688,-10.710354,-6.0929327,-6.824462,-6.4270515,-7.867553,-11.222657,-11.271994,-8.192467,-6.8836164,-7.7075043,-7.304902,0.13697684,-0.63115704,-7.434675,-18.418186,-19.341145,-9.001096,-7.4520216,-8.656295,-5.4979677,-6.6517835,-8.347004,-14.487602,-14.305403,-10.827851,-13.031608,-13.594404,-13.204659,-10.62904,-7.7036495,-11.831532,-15.5025,-16.319979,-14.043609,-11.169139,-8.718777,-8.629475,-12.2186575,-10.065077,-12.548422,-12.621922,-12.180592,-10.145989,-12.129106,-14.909476,-13.110925,-14.534758,-22.366121,-19.428871,-18.79253,-17.3831,-12.210224,-10.167841,-10.263082,-10.718242,-13.832211,-15.130466,-16.082657,-18.612804,-22.436596,-22.871716,-22.530535,-21.386223,-22.298489,-20.614464,-19.006933,-20.499565,-18.92645,-20.93269,-19.57344,-17.004581,-15.942102,-20.099709,-29.704529,-33.371513,-37.04598,-36.40962,-31.694643,-28.987186,-32.42837,-33.362614,-33.63159,-29.02906,-25.537437,-23.372097,-24.500063,-18.033087,-10.410313,-11.164037,-14.764733,-15.117407,-18.182089,-15.661908,-12.341415,-15.702668,-21.206255,-22.848127,-19.822182,-24.271828,-21.92828,-20.9668,-20.274803,-18.207003,-19.490791,-15.6135645,-11.595409,-13.234066,-21.503963,-22.676947,-23.525959,-20.612438,-21.421644,-23.150303,-24.080248,-27.58596,-30.421597,-30.058386,-27.674362,-29.09758,-29.474644,-21.537886,-13.419329,-16.087906,-21.762506,-24.148956,-25.059517,-20.026554,-18.906609,-23.286007,-27.265923,-5.3971167,4.5022855,6.0627747,0.8954294,-7.223051,-8.59223,-12.259617,-16.192944,-13.544311,-9.075493,-10.011058,-11.176462,-9.086821,-12.992853,-19.62833,-16.547836,-15.177194,-17.448414,-19.53372,-19.610844,-14.965053,-12.72647,-10.941764,-7.0851846,-9.6492605,-10.434927,-4.6679444,-2.6010218,-8.298629,-13.601673,-13.750965,-15.210255,-13.207215,-12.568682,-10.919706,-9.435092,-8.426615,-9.956612,-17.841217,-20.791082,-19.067537,-18.449615,-16.191217,-14.441548,-20.016756,-19.247658,-18.536978,-21.897009,-21.05652,-22.616137,-22.513046,-24.313183,-24.634153,-24.572445,-25.315159,-23.488304,-21.071264,-20.329033,-20.754318,-18.136242,-12.237869,-13.934041,-15.310821,-15.421115,-15.996723,-19.637762,-25.59179,-25.964174,-23.429398,-20.814644,-20.372707,-24.371641,-27.582058,-25.729046,-26.221882,-30.313166,-23.976545,-18.74766,-16.965258,-17.800129,-19.508652,-19.88754,-23.41761,-24.237526,-24.091255,-19.901876,-20.535751,-21.42005,-21.067703,-19.728355,-21.563185,-20.998089,-21.86269,-20.75476,-9.469383,-4.662926,-6.592775,-6.09922,-6.2212667,-9.681178,-12.269486,-10.3623905,-13.863067,-17.468315,-19.668686,-19.335806,-19.145588,-17.533754,-14.953554,-16.037281,-15.112825,-10.138941,-7.1151567,-13.71211,-18.213808,-17.129627,-10.945119,-11.211147,-10.740329,-8.6332,-11.615597,-12.929476,-8.026773,-7.543568,-7.1587567,0.74842185,5.0708985,6.806284,5.303897,2.1661632,-2.3512447,-4.372596,-4.500152,-10.735293,-2.7013202,-0.8206749,-1.8434817,-1.106732,-0.41106823,-0.21790124,0.29317456,-0.6046224,-2.5945783,-8.007686,-7.345394,-5.106208,-8.178724,-9.831266,-12.162481,-11.294051,-10.822351,-16.785719,-14.9702835,-14.809174,-21.117247,-5.8547916,3.7866762,7.3748074,8.645038,8.061142,4.1414585,-1.4178979,-3.4869714,-3.0542145,-2.6607785,-5.9980516,-7.5168095,-1.723544,-1.1323931,-3.6979008,-2.4643815,-3.8778133,-4.005806,-4.238779,-10.723835,-7.2675047,-6.5129666,-7.211101,-5.5536737,-6.0619345,-12.081945,-13.500849,-8.986479,-7.893935,-10.16653,-14.085299,-14.767457,-16.651236,-10.384518,-10.040367,-14.847307,-16.463722,-17.677082,-13.161068,-8.187851,-4.4698715,-8.373476,-13.10557,-14.935183,-12.063955,-10.242186,-11.137113,-14.355814,-10.227007,-8.484717,-11.411572,-13.122711,-16.369598,-17.099972,-16.791462,-16.574448,-18.724787,-15.154713,-10.186552,-10.649214,-16.329418,-19.277117,-18.244366,-16.616213,-16.589281,-17.766071,-17.298185,-18.352583,-18.82101,-19.435934,-22.344942,-22.387009,-18.85862,-18.480907,-10.663853,-4.4456415,-4.5125327,-5.5892086,-5.700767,-5.5049725,-6.711995,-7.1409893,-6.599819,-6.5880423,-7.7300353,-8.014329,-6.672737,-5.326746,-4.9718757,-5.3254457,-6.3137445,-6.95094,-7.3105903,-9.742385,-13.730077,-12.491432,-12.279371,-14.779064,-18.086382,-18.662704,-15.742546,-14.735334,-16.64554,-18.934612,-21.981102,-17.175034,-15.477087,-14.960056,-12.452894,-14.054855,-16.403196,-15.439964,-12.783976,-14.288574,-15.841599,-15.243694,-15.705248,-18.035904,-21.1305,-25.564024,-20.779764,-17.282578,-16.043024,-17.165571,-19.4153,-15.643987,-15.139893,-16.131071,-16.352785,-19.804695,-20.6402,-21.35477,-21.787811,-17.136591,-12.264217,-7.3228974,0.7792917,0.5625785,-9.017775,-12.928522,-12.696852,-5.152565,-2.438716,-4.226568,-3.450468,-5.4120116,-3.6974475,-2.2447698,-1.9996339,-6.0813546,-5.396705,-9.980114,-20.450705,-21.83275,-14.021811,-12.420071,-14.448424,-8.098225,2.036733,3.5252886,0.6503155,-5.7206306,-11.999688,-12.875174,-11.235214,-7.07924,2.654722,5.2009344,2.601595,-1.6434593,-2.2928848,-3.993629,-4.96165,-8.541304,-8.990878,-9.346763,-9.828253,-6.3595605,-2.4801652,1.4911242,0.53204554,-1.0558398,-2.660966,-2.346832,0.8354995,8.666082,8.431314,3.7651958,1.4600383,-1.1219335,-6.2287097,-7.4324684,-7.049426,-4.818412,-2.18885,-3.0284927,0.38867936,-2.9164839,-12.94805,-12.327577,-5.272026,-3.1221292,-1.0432945,-2.2160926,-8.369496,-8.009736,-7.073698,-5.970221,-8.267029,-8.067079,-7.2534733,-6.1813602,-4.3887167,-3.6497078,-4.5027266,-5.4780893,-7.3442793,-7.80929,-9.549531,-10.478072,-8.505022,-7.4863043,-8.430773,-10.083374,-11.140459
-21.831234,-27.625944,-33.741337,-32.133125,-29.8874,-30.182861,-32.360867,-32.349552,-35.26757,-30.207886,-29.557276,-35.16272,-31.75214,-30.38422,-18.567583,-13.3230095,-15.627535,-19.474937,-20.893124,-20.829247,-22.356073,-23.881794,-27.282677,-29.318707,-30.827951,-25.99882,-24.751938,-30.57534,-33.329666,-26.134073,-10.65178,-6.649379,-6.4938126,-12.07296,-22.559088,-24.082386,-25.876486,-26.931429,-28.310661,-30.88126,-34.02629,-30.849218,-31.501568,-33.428963,-33.175007,-35.273342,-34.609943,-27.168755,-15.381102,-13.224973,-18.531103,-29.904045,-32.35569,-31.039038,-31.62436,-32.313988,-36.093746,-38.57391,-41.30229,-40.237392,-36.771782,-40.27161,-39.18073,-38.829704,-34.245266,-19.198128,-10.267363,-10.688523,-21.429638,-28.294506,-27.84341,-33.199474,-33.986847,-31.35115,-24.736845,-21.693817,-28.485126,-39.03238,-32.14599,-31.27923,-30.101982,-28.403242,-21.02783,-11.445353,-10.274673,-18.184368,-20.89647,-22.744617,-26.27795,-31.833603,-27.7493,-20.479408,-11.174618,-9.444293,-15.591875,-23.50101,-24.245506,-22.567852,-19.99097,-13.873831,-7.7160454,-1.9968842,2.9200242,3.407458,0.7375332,-2.8941844,-8.296528,-8.525072,-10.573185,-12.3062725,-9.54471,-13.796773,-18.375967,-19.682146,-13.552389,-9.760912,-12.227731,-11.95518,-8.096311,-13.39692,-14.9515705,-9.178552,-3.376087,-2.233852,-9.338351,-17.788992,-15.746761,-17.10131,-16.136547,-11.63745,-9.776841,-13.769139,-17.304264,-16.527042,-10.420197,-9.822608,-13.566861,-20.517408,-19.150682,-19.74201,-25.58041,-27.249317,-25.43282,-22.795084,-24.701641,-24.76238,-20.38964,-20.355665,-25.423584,-24.55772,-22.18376,-16.49686,-11.583277,-16.708244,-25.29858,-23.642624,-20.386047,-18.616755,-18.130953,-23.19083,-30.24763,-31.15607,-28.958654,-27.661224,-29.231678,-28.321423,-27.714169,-26.269382,-11.141591,-9.022461,-11.185994,-19.856388,-27.315977,-29.985952,-28.130606,-28.640738,-29.447184,-30.568893,-22.480217,-19.69411,-13.052113,-11.820575,-14.928446,-17.411903,-22.717457,-20.741093,-11.745319,-10.747489,-14.346981,-8.674146,-0.6431632,0.22981128,-0.7902392,4.714498,6.766498,1.0055897,-8.140182,-9.836206,-8.019159,-7.133269,-9.924503,-14.808883,-11.760849,-8.414775,-6.8472314,-3.3540606,1.1538098,-5.4301157,-11.147695,-11.112834,-8.782003,-11.969089,-11.450086,-10.323849,-9.982093,-7.752776,-7.4718723,-6.758732,-11.504211,-13.993172,-14.1207485,-10.867038,-10.408028,-9.739496,-12.428708,-12.046928,-10.364094,-13.842651,-16.849773,-18.371994,-18.668056,-16.690895,-18.615194,-21.394766,-21.698105,-21.003313,-18.161964,-14.581676,-17.089312,-15.15813,-14.616022,-13.2241,-3.3191962,-0.8447056,-5.426733,1.8626356,1.2704527,-6.7031193,-11.568271,-10.990204,-7.7725577,-10.153301,-13.4136715,-10.859023,-5.7780724,-1.5747595,2.8587017,-1.5363592,0.12569374,2.8905845,-0.5163134,-6.496052,-8.463619,-8.826638,-8.53327,-7.805264,-9.565357,-7.885949,-6.4950275,-8.730157,-7.9949045,-7.877511,-8.600543,-9.599994,-11.649413,-14.200251,-11.303013,-14.991435,-12.782642,-12.205833,-12.474813,-13.7023945,-16.211798,-13.834926,-15.2743225,-20.139183,-18.018549,-16.48612,-13.564321,-13.90675,-16.82589,-17.227516,-19.844002,-28.156662,-23.046528,-20.38741,-22.608015,-22.42753,-19.784134,-21.927301,-22.954655,-21.953852,-23.073425,-22.689535,-18.937082,-14.148783,-11.70073,-15.088375,-23.042048,-26.483343,-26.89901,-28.26544,-26.04265,-22.912563,-22.971067,-23.822012,-23.919151,-25.23217,-27.681309,-31.245022,-29.164547,-24.383488,-12.341579,-4.5853806,-3.7781115,-2.9406927,-3.707194,-4.326042,-4.6962147,-4.9739285,-5.1037416,-4.9648147,-4.3495216,-5.019948,-4.383032,-4.078125,-4.518013,-4.682866,-5.61683,-7.1039333,-6.682683,-5.993067,-7.7023754,-7.3569417,-7.858451,-9.391857,-10.121294,-9.813119,-10.700548,-10.93751,-11.190005,-11.751395,-10.696833,-11.30113,-11.941996,-13.639551,-13.44536,-12.108308,-12.830358,-14.188518,-16.438766,-17.210224,-17.471258,-17.91147,-18.354134,-17.03941,-18.433134,-18.607151,-19.577658,-20.478004,-21.28181,-21.219767,-15.117345,-10.37047,-13.64715,-18.684315,-13.520755,-9.206813,-13.4736595,-12.6984215,-14.648618,-18.237995,-15.303718,-11.885931,-12.003842,-12.666109,-7.993023,-10.694292,-11.071435,-6.966035,-5.8225718,-12.441329,-11.440651,-9.924347,-13.390676,-9.412004,-7.145853,-6.145479,-5.955964,-7.036876,-11.202196,-13.454889,-9.6977625,-7.1187553,-9.982796,-10.825505,-10.190286,-4.93963,-0.101482034,-2.7002108,-4.2053127,3.9583654,7.56919,2.9667065,-7.714849,-5.7405767,-6.8544197,-7.845721,-8.397333,-6.740493,-7.610302,-8.578799,-6.977664,-9.51951,-9.791969,-7.6876855,-10.05725,-10.7637415,-8.470596,-10.264501,-7.8622894,-12.635207,-11.44795,-1.4143741,-3.2635288,-10.073901,-1.4089828,1.3379009,-7.1263747,-15.393516,-12.51832,-10.374651,-16.937702,-20.040325,-17.882753,-17.36334,-15.830221,-19.16808,-21.133274,-16.950497,-16.480484,-15.061363,-17.350777,-16.078398,-18.498928,-24.354301,-21.925262,-16.785145,-11.644535,-7.1376176,-7.8278236,-12.244267,-10.303486,-11.583501,-14.535647,-17.19593,-16.859856,-17.81853,-16.671768,-16.778473,-18.000538,-19.4186,-19.277273,-19.394096,-17.20808,-9.016277,-6.3855767,-12.73677,-15.159131,-19.122465,-13.430941,-13.143735,-18.260906,-12.166205,-8.126285,-14.190799,-18.439785,-21.297977,-25.568974,-21.421993,-19.295116,-17.116592,-7.9186654,-6.0185776,-12.101554,-12.893047,-12.698245,-14.375583,-15.165254,-13.609185,-13.661978,-15.774811,-15.30826,-4.08507,-0.2885626,-4.7288523,-6.0398855,-4.0042458,-1.8584508,8.9310055,11.831501,8.750004,2.8738055,-3.5832577,-3.7586079,-5.3332434,-12.077295,-8.936966,-4.1479106,-3.9017253,-5.079797,-5.654586,-6.7244124,-9.101532,-5.9465365,-5.1655674,-3.974447,-0.06265323,-1.3456339,-5.6236286,-5.7178946,-2.0577989,-0.65443903,2.0694153,1.4129001,-3.0402496,-3.3857439,-8.235934,-8.672732,-9.46335,-14.153217,-14.760853,-13.164115,-7.697392,-6.2379475,-4.49724,-4.0610056,-8.344637,-9.95112,-9.908332,-10.908704,-13.9490595,-12.332507,-14.414005,-17.071358,-20.96468,-15.864321,-9.15124,-9.505163,-8.957611,-6.6354504,-6.8323746,-8.229701,-9.951185,-10.104206,-13.054468,-15.988125,-17.559566,-22.809536,-22.991924,-21.31533,-22.013857,-20.033205,-18.485523,-16.335104,-16.090218,-15.553679,-16.48956,-13.031846,-8.830114,-8.902651,-8.961365,-7.953877,-10.775537,-11.319789,-12.823405,-13.38353,-13.57836,-14.684965,-18.97541,-21.89898,-21.31889,-19.280245,-10.473699,-5.6618333,-6.2043715,-10.057149,-9.764143,-8.038673,-9.045929,-4.5352645,-5.4890037,-1.0599661,-0.5184926,-3.9259825,-3.3610644,-7.5839477,-10.165505,-13.706478,-8.070484,-4.158256,-5.4550133,-13.581163,-18.130005,-16.870014,-12.241707,-10.872961,-10.895769,-8.513477,-7.0247545,-7.5074434,-8.174399,-9.453728,-12.235825,-12.706877,-10.07835,-5.6447563,-4.9696045,-9.687883,-10.39926,-7.300395,-8.830176,-12.418838,-15.257679,-10.198357,-2.2789793,5.483716,5.8015127,1.1090167,3.609099,3.1930432,-0.89128125,-0.48813745,-0.67719245,-2.2903013,0.5067734,2.9102888,6.4440117,7.4149427,7.096616,7.9722185,9.346016,8.578071,6.4981813,6.601534,7.6363106,6.7420263,5.8613873,5.7673683,4.4279637,2.371656,-0.5075484,1.8399789,4.723564,3.012637,2.655931,-1.4953496,-6.4366393,-7.6121216,-6.8736835,-2.112585,-4.5267515,-12.39159,-10.47132,-10.717725,-12.496835,-15.234673,-15.74359,-15.417305,-13.61746,-15.866381,-11.020565,-7.599544,-13.461809,-15.5217705,-12.929568,-14.576326,-18.339012,-19.036037,-18.235136,-18.739065,-16.464674,-18.254543,-22.140444,-18.840754,-22.200956,-21.103773,-7.135332,-3.4337482,-1.0644653,-3.0078492,-3.5170975,-4.4729447,-6.522426,-7.0065594,-7.3332114,-9.365243,-11.127298,-12.9224,-15.69729,-17.006165,-15.247344,-15.5997505,-15.111673,-14.200462,-16.585527,-17.06507,-19.395855,-26.000107,-26.470474,-23.285057,-22.403946,-23.849955,-25.093273,-26.834066,-24.146034,-16.107061,-13.054627,-12.320633,-13.258795,-13.798288,-10.225781,-4.6636615,-3.60182,-6.7190647,-9.601294,-12.611786,-13.468584,-10.638334,-10.925915,-10.502569,-10.44983,-9.6462755,-7.622008,-4.6497593,-6.9166965,-7.155469,-5.1013165,-3.8817623,-6.1806993,-8.069571,-11.453522,-12.195517,-12.4887,-13.760384,-15.09622,-15.7371235,-15.6972065,-13.204841,-13.371046,-14.958963,-12.010264,-11.509428,-16.038788,-16.002468,-16.84148,-14.058524,-8.890043,-11.429836,-14.912447,-14.268986,-14.736746,-14.251888,-13.456213,-13.827444,-15.1062,-15.607778,-14.604979,-14.07977,-13.602636,-12.403998,-11.875496,-12.149513,-6.006394,-3.7028267,-4.030277,-4.885231,-6.8264637,-7.2442713,-6.327938,-5.835225,-5.943674,-5.289324,-1.9816346,1.5670657,-2.648218,-14.711226,-15.898048,-18.99295,-14.988535,-10.271567,-12.721996,-12.787447,-11.549865,-15.311974,-23.548386,-20.84841,-18.430988,-17.414497,-10.415325,-9.334787,-14.857169,-22.237427,-23.049267,-25.291605,-23.136063,-20.2935,-17.968836,-14.773773,-19.335413,-19.364231,-21.27135,-24.363098,-24.503553,-25.632069,-24.350431,-26.35124,-22.912426,-16.694185,-19.448355,-23.871813,-23.492384,-22.599804,-19.836525,-14.365984,-11.941252,-17.8176,-19.369877,-21.08456,-24.17043,-28.82782,-31.33999,-29.144306,-28.834705,-27.648811,-28.693039,-33.126022,-30.386106,-25.384436,-24.0047,-22.918776,-19.973255,-16.797537,-15.1725,-20.061436,-28.951775,-31.365824,-39.91647,-40.67259,-39.001423,-40.501865,-35.393997,-32.65553,-33.622093,-31.371557,-29.044594,-27.406366,-24.80034,-21.891146,-18.752792,-14.929837,-20.238173,-26.716057,-30.432615,-24.986855,-20.643967,-25.451984,-30.190828,-31.78359,-38.10997,-40.68871,-37.86132,-31.244791,-26.311176,-28.826916,-25.94168,-13.260244,-11.506481,-19.037367,-32.02365,-29.71359,-32.853336,-39.686043,-38.584263,-36.27041,-38.526054,-39.271145,-39.082687,-35.906147,-36.32466,-37.064117,-35.42686,-21.743776,-13.125725,-16.576942,-24.484919,-25.383152,-30.53474,-32.717556,-35.122498,-37.62445,-39.952934,-7.3365,6.5380564,10.655742,6.6705894,-4.8793797,-7.4100304,-6.8054605,-9.6304,-9.450595,-7.5448136,-5.9737654,-6.011677,-11.173354,-14.07333,-20.537975,-13.326653,-9.751664,-12.062969,-9.087637,-9.262493,-10.065458,-9.6789665,-9.402945,-10.790429,-17.67575,-7.281537,-2.0230572,-4.407542,-13.711133,-15.594152,-13.594812,-18.80953,-21.493465,-16.632896,-12.186452,-14.020897,-13.718082,-14.359957,-17.512794,-19.5679,-21.977749,-23.589943,-19.697136,-17.28834,-21.563816,-26.193394,-25.821867,-25.056667,-24.176825,-23.79199,-24.608246,-26.165037,-29.175468,-32.3469,-26.358397,-23.205261,-25.754448,-30.27515,-33.59143,-25.616447,-15.063516,-13.972889,-17.858013,-24.819824,-24.266645,-24.629925,-26.907127,-28.362972,-24.551846,-26.79989,-27.968885,-28.89612,-33.228996,-40.13401,-34.668232,-30.471157,-21.822056,-11.905539,-8.958708,-13.636206,-22.855717,-22.019161,-26.009972,-33.263016,-30.734816,-24.043934,-24.460752,-25.971613,-29.425354,-29.814526,-32.98747,-26.955452,-25.978231,-19.315792,-11.403629,-3.3593516,-2.1206255,-4.8368773,-8.851245,-15.152787,-17.782127,-14.330316,-12.482851,-17.166555,-23.919916,-22.277815,-23.920277,-28.101652,-23.631666,-21.323664,-18.732714,-10.415114,-9.26587,-16.598827,-25.235079,-22.503399,-20.25257,-16.447033,-7.1445,-5.6450195,-7.123248,-5.2595353,0.563177,1.391654,6.4790206,8.678322,8.796681,8.686794,6.6042843,2.3790565,-1.9521688,-11.240681,-15.958146,-5.551989,-1.517798,-6.964845,-10.760125,-11.122151,-7.972305,-3.1692505,0.48370034,0.26410306,-0.6657186,-6.8396606,-6.0723395,-3.2093248,-5.9333463,-11.100856,-13.4848795,-14.046393,-14.157176,-15.108765,-16.723778,-19.916662,-17.592737,-7.098143,4.452668,7.1496034,3.0159938,-0.051039122,-1.3558042,-0.2508592,-2.2888238,-4.419355,-4.678069,-9.558787,-15.933589,-11.411861,-12.20875,-12.604258,-9.443093,-9.186145,-6.834138,-6.5764284,-10.6847725,-9.750421,-7.0555634,-8.904984,-11.350342,-9.248875,-14.289212,-13.282663,-12.093416,-12.883897,-14.520132,-20.094023,-21.95637,-21.461441,-15.269507,-14.428343,-16.682785,-17.316338,-17.075975,-16.752436,-12.395134,-7.6887684,-10.517441,-11.532327,-10.75211,-11.137065,-11.815489,-12.263994,-18.293964,-13.709651,-11.868609,-15.101231,-16.451822,-18.672892,-19.426556,-21.097515,-22.33625,-23.769466,-22.540905,-14.783199,-11.38166,-15.432882,-19.520893,-21.03813,-19.41985,-21.02743,-23.14313,-20.21899,-20.651623,-19.669924,-20.410213,-23.64784,-23.354092,-22.662407,-18.262901,-7.1109476,-3.1885405,-4.070753,-6.906743,-6.986348,-6.384168,-7.491135,-6.7237396,-6.5431952,-7.6427407,-9.711756,-9.814855,-7.5507717,-6.3700123,-6.2505894,-6.2682457,-7.3693757,-8.400066,-7.7138352,-11.209507,-15.992779,-14.069413,-12.94876,-15.1730385,-19.156036,-20.231188,-15.901738,-14.8506975,-17.898182,-22.107758,-20.78638,-18.048313,-17.835209,-16.31111,-12.032348,-11.142474,-13.544394,-19.967197,-18.773941,-18.26327,-18.902964,-17.84485,-17.121738,-19.824121,-28.404829,-32.395794,-24.705935,-21.20082,-19.121334,-17.928709,-18.334457,-15.761215,-12.726002,-17.24675,-19.838476,-26.530437,-29.461422,-30.575497,-28.14888,-22.026691,-13.651796,-8.050427,0.51556844,0.9778676,-7.632166,-13.153739,-13.240103,-5.9792166,-0.07827732,-3.4737701,-8.0866375,-8.338082,-5.5502753,-2.4719265,2.1549506,3.2650948,5.028932,3.3676174,-4.309324,-11.657139,-9.905383,-12.52936,-7.54668,2.1547227,4.4323354,2.4873672,4.475057,-0.71470046,-8.363859,-9.280997,-4.1815004,3.1621885,4.642476,4.078205,7.010317,2.0708158,-2.8195322,-3.3632398,-4.9686007,-8.066419,-8.781121,-6.4638906,-7.417605,-2.0851722,-1.2011497,1.4251854,-0.05210291,0.58136135,8.290335,12.03114,12.524494,10.767437,5.2158637,2.0766933,0.77448976,0.6304234,0.67928016,-1.1093569,-1.9374683,0.96536434,-2.779111,-4.7384524,-2.8469765,-2.581883,-1.3028514,0.45229363,0.37302718,-3.1752994,-11.702696,-10.143842,-11.494933,-9.072393,-10.146519,-8.450231,-7.8507476,-9.9243555,-8.60306,-7.206992,-7.689256,-5.2633677,-5.5655804,-9.819451,-8.508512,-8.830282,-12.949104,-15.082574,-13.881369,-14.427158,-14.988279,-18.27963,-15.106559
-9.673756,-13.201086,-20.909441,-19.04985,-17.305935,-19.144451,-22.697927,-27.610485,-27.878345,-25.770672,-22.4479,-21.6662,-25.22884,-21.973269,-16.487932,-11.944257,-8.983713,-9.41933,-10.543565,-11.727143,-12.035018,-13.185751,-17.0121,-21.192034,-19.218733,-16.579939,-16.208979,-21.026806,-15.749279,-14.245478,-10.353308,-3.5879831,-5.45024,-9.509506,-9.892045,-14.384246,-12.621945,-12.16874,-18.167318,-19.942959,-18.71751,-18.382282,-16.171013,-16.801592,-18.266357,-18.871035,-19.663107,-20.17277,-10.666363,-9.871188,-11.590054,-12.551563,-14.9065075,-13.826871,-14.089135,-17.104275,-17.582941,-17.032799,-18.333519,-18.076365,-16.324608,-16.516172,-16.469105,-14.526867,-14.165184,-11.719789,-7.7284455,-8.700716,-16.360271,-13.370138,-14.277629,-21.627567,-16.886595,-16.05148,-22.007969,-18.59625,-17.141499,-22.249058,-19.380548,-17.114101,-17.640198,-17.655878,-13.075159,-5.7446713,-2.6858256,-5.561793,-9.542318,-13.640628,-17.11454,-18.194286,-18.39068,-15.636475,-11.65765,-10.533951,-13.577317,-15.849258,-17.057726,-13.516828,-12.469607,-10.499958,-9.638546,-15.604383,-7.524171,-7.0174103,-14.347329,-16.222185,-15.03676,-19.261309,-19.079872,-15.012293,-6.9020367,-4.923861,-5.740901,-4.3317833,-3.0631423,-2.2661238,-4.43965,-4.8998337,-1.5642112,0.31656724,-0.89430803,0.5418993,3.127201,4.676154,2.6764514,-1.9972725,-4.3627234,-7.7816963,-3.0927134,-4.0603437,-4.786302,-3.9675336,-8.115871,-6.860223,-9.013857,-10.839276,-11.982102,-7.4619675,-8.961099,-8.8991375,-9.313976,-11.275494,-10.929722,-11.457826,-11.081217,-13.347201,-13.602361,-13.4289665,-13.989581,-12.749882,-15.184913,-11.984185,-8.549729,-13.348145,-15.553888,-13.859267,-13.395815,-13.083978,-13.184381,-13.231955,-16.081585,-22.343239,-23.904417,-24.01398,-21.308968,-18.901955,-22.74687,-28.016443,-9.43508,-6.9767547,-12.310087,-13.708058,-20.989769,-14.225749,-13.6138935,-19.908024,-13.835616,-13.439392,-17.282112,-11.772259,-4.982407,-3.8537273,-4.6233435,-6.561213,-10.715127,-15.162353,-9.268633,-8.413036,-5.8599434,-0.040320717,-0.04299804,-1.0410546,-1.3844352,-2.599619,-3.1201422,-5.3251166,-5.516775,-4.8064585,-4.6979427,-5.995598,-6.62266,-7.051675,-5.639762,-5.310593,-6.9044733,-4.913934,3.210393,7.2869544,5.916009,2.1774843,-0.14281942,-3.9445493,-7.720769,-7.5610824,-5.051715,-6.93814,-4.473931,-7.1953397,-9.832823,-7.0155134,-9.44141,-4.512003,-3.6960573,-7.1103334,-10.953558,-10.965486,-7.901798,-8.535904,-12.41622,-9.264536,-9.439478,-12.635584,-13.390531,-16.682909,-19.755173,-19.10095,-20.790485,-13.127173,-11.924439,-16.980879,-16.089293,-15.466488,-6.732216,1.2244339,-0.5034314,-10.607807,-17.27044,-15.658611,-13.904997,-13.508808,-13.268911,-11.954311,-12.301884,-8.714182,-7.2985706,-0.92747784,6.8174353,7.3277097,-1.3974648,-12.598854,-12.59692,-3.5244446,0.27391824,-3.6199262,-7.6106195,-8.82546,-7.9286366,-6.354676,-9.41152,-14.293809,-7.944362,-6.935084,-6.312091,-10.998188,-15.732612,-13.417669,-13.609513,-15.830636,-16.67355,-12.097121,-14.308512,-13.387173,-13.3885975,-16.335968,-18.81929,-22.174236,-21.160118,-17.60527,-11.978177,-11.227283,-13.135405,-16.587048,-20.189526,-13.622841,-12.620377,-15.64249,-19.973951,-14.467672,-15.317812,-22.973063,-23.752192,-21.233637,-24.092205,-24.839268,-15.122812,-8.082699,-10.33823,-16.845568,-20.389046,-18.212866,-13.512473,-15.7772875,-21.608654,-16.250628,-13.427991,-14.138697,-19.924623,-19.063799,-16.012127,-19.451044,-22.383049,-18.428654,-17.35933,-14.761954,-16.830988,-23.008194,-16.07714,-14.485949,-18.19062,-22.114029,-20.196474,-20.28146,-21.5746,-24.356691,-32.157997,-26.537008,-25.24315,-21.687767,-16.254435,-13.779677,-11.185366,-9.032613,-9.540623,-14.348959,-15.896301,-11.829594,-12.694294,-16.059416,-18.815819,-18.354496,-15.673567,-15.171889,-20.396624,-17.713396,-14.304298,-15.552383,-12.251182,-9.510622,-8.837481,-12.159506,-14.997992,-17.098354,-21.69236,-21.375175,-22.33414,-21.532234,-17.903578,-15.572768,-16.497747,-19.258394,-27.495602,-25.882177,-12.279788,-5.541382,-8.151001,-13.377087,-9.622904,-5.724973,-5.0072293,-4.962177,-8.439386,-7.8271065,-8.047005,-0.3364188,3.2625225,3.0614045,3.3523717,7.0745068,9.673273,9.295277,5.875951,4.907544,3.3053856,1.3390634,-5.5466795,-0.3776791,11.7185,17.919294,16.273344,6.5869484,8.373853,9.038279,12.06635,15.9111595,14.9741955,13.219642,15.256691,18.018744,16.846949,11.676048,14.394517,19.862984,19.618458,14.000379,7.8512545,-0.63559747,-1.7767892,2.041385,2.359167,3.8936045,7.9071007,9.615259,5.537781,0.9017618,-0.96270156,-0.75111175,-1.0069039,-0.28734112,-1.4685664,1.205578,0.08432126,-2.7390833,-5.1311083,-2.9548004,-0.08115564,-2.4544792,-2.533596,0.48733684,-4.9236603,-11.430073,-11.242186,-7.259087,-10.173779,-8.844599,-10.596819,-12.7551155,-14.3187275,-16.782598,-14.996863,-15.826515,-18.56633,-8.802576,-7.420139,-9.503844,-11.1202135,-10.691771,-14.811496,-15.020897,-11.509224,-4.8739614,-3.8274014,-3.6878858,-3.7081747,-5.038439,-5.96317,-5.3702455,-6.001404,-7.133649,-7.0766344,-7.688834,-8.705773,-12.378967,-11.511808,-11.047379,-11.687544,-9.132859,-5.5149574,-10.199126,-12.069331,-10.538208,-9.920705,-10.479607,-12.631458,-12.543411,-10.41357,-10.281834,-14.323049,-11.160169,-10.155422,-12.47388,-11.035076,-11.766721,-8.824397,-8.206626,-10.024866,-16.169535,-24.580845,-22.775,-24.952103,-24.682209,-20.904018,-17.75174,-12.945519,-6.843121,-2.633906,-4.604867,-2.5701976,6.693611,8.344308,3.770564,4.869716,1.1933365,-5.645166,-4.4921694,-3.9691725,-4.3356724,-8.890615,-5.9492774,-2.3468466,-8.369572,-6.363579,-6.542899,-7.0493135,-6.80313,-7.1364045,-7.849841,-9.313914,-11.997596,-4.1378584,-1.8883016,-6.472909,-6.510699,-1.492908,-1.6443174,-7.395985,-9.146799,-4.5427604,-7.690726,-11.623068,-12.551688,-16.230164,-15.474954,-17.825428,-15.846121,-11.007856,-8.700885,-7.9169106,-10.534508,-8.283635,-2.8344054,-4.4946775,-10.50933,-14.76122,-13.382526,-14.690495,-11.836146,-3.9133267,0.5711488,1.3116493,-1.0731516,-4.7938647,-8.084981,-7.6059394,-12.032991,-13.677643,-15.8753,-15.896591,-14.881162,-13.922995,-18.461948,-20.647766,-13.567717,-12.090835,-18.703465,-17.034899,-17.522142,-22.130177,-14.454417,-8.425114,-5.604165,-4.320339,-4.2413507,-6.245082,-6.0731754,-4.9910746,-9.901229,-12.427443,-13.726965,-12.071741,-15.020846,-17.340792,-16.224024,-17.662886,-15.615634,-13.332464,-14.440013,-11.164669,-5.814908,-2.0524545,-0.20230485,-0.4646632,-1.0148947,-3.9241078,-3.8350608,-3.1789088,-4.110051,-3.7781966,-3.47572,-6.878032,-8.59831,-6.2731514,-8.130035,-14.916174,-12.805356,-8.075734,-4.880107,-4.5432625,-7.2054996,-8.741022,-5.895273,-6.162843,-7.40658,-8.293449,-4.981386,-6.4034824,-7.3509293,-8.2402725,-5.8045254,-5.595968,-4.5201726,-5.9264107,-11.700482,-13.254623,-11.150498,-16.495455,-12.757458,3.7533731,11.562838,12.119275,7.9342914,-0.11472495,-3.9082754,-7.608216,-2.36468,1.5860016,1.0902755,1.2258682,0.61584073,1.5101769,-0.12243409,-2.0437303,0.30231112,1.1280047,-2.213702,-2.2199934,0.10788502,-1.432029,3.0043375,5.413253,1.9403217,-4.560604,-10.09894,-8.513073,-6.9152756,-5.185538,-3.5642157,-7.271319,-7.123646,-8.573507,-10.511684,-8.126687,-8.593586,-8.943095,-9.309875,-7.4603515,-9.080345,-17.750647,-17.004154,-12.394033,-12.572516,-16.357805,-11.310818,-8.619352,-12.934551,-17.018665,-16.972368,-22.238434,-14.900261,-14.52485,-17.923098,-19.380491,-18.918194,-19.86952,-22.28178,-18.553516,-20.513165,-23.853292,-9.373705,-6.732772,-11.131974,-15.885536,-17.90516,-18.365849,-19.772099,-17.20436,-16.37967,-17.029398,-21.391071,-22.952148,-21.698357,-23.370914,-22.864712,-19.699406,-19.3724,-19.895208,-11.3316,-7.712865,-12.514202,-18.89135,-19.948357,-20.995651,-20.550177,-22.283577,-24.021797,-28.010366,-23.201626,-19.591784,-23.38926,-23.429398,-21.237371,-15.012968,-10.128821,-3.115779,-1.5383914,-2.9619036,-4.675992,-5.971091,-6.785678,-7.2720795,-8.217131,-10.084838,-15.6184025,-22.955229,-18.089998,-13.193492,-10.68062,-7.3812685,-7.254011,-10.322032,-11.56239,-11.192769,-15.4677725,-17.653112,-18.279703,-17.538406,-17.404882,-15.535753,-15.670909,-18.261164,-21.303179,-22.559158,-22.940163,-24.106964,-20.859264,-18.434814,-8.480841,-2.7988622,-1.7010007,-1.8723614,-2.536248,-2.962271,-2.3423417,-1.9565005,-1.6401643,-1.4964957,-2.2597938,-3.711805,-5.1077957,-5.785961,-3.9470818,-2.1155734,-1.8009884,-2.0751917,-3.6509345,-9.91661,-13.863498,-14.378127,-17.04271,-16.715923,-19.040709,-17.787363,-11.807775,-7.356605,-4.3843184,-3.4375322,-6.5879827,-12.349943,-13.248764,-11.533929,-3.8614545,-4.7006054,-10.404368,-11.921645,-14.011746,-12.669946,-9.821136,-10.605576,-12.938639,-11.386112,-12.805891,-13.352167,-11.3167,-11.077436,-15.004596,-14.967497,-13.586135,-14.396545,-9.158213,-8.7547865,-16.145622,-19.148096,-19.895695,-17.707409,-17.218014,-20.392921,-26.127405,-23.429958,-22.24063,-16.870655,-15.116829,-21.729528,-21.428595,-17.816595,-15.438898,-11.875901,-7.8921995,-9.047125,-8.348653,-10.832051,-12.221237,-15.67926,-18.844963,-17.133667,-22.757904,-23.669018,-18.718515,-21.9659,-18.870575,-17.017406,-21.957043,-22.535639,-12.2787075,-9.858635,-13.339318,-13.108582,-15.101925,-18.31978,-17.439716,-18.384193,-21.205395,-22.062159,-20.318283,-19.64048,-22.87467,-25.238134,-18.830063,-15.883827,-17.009947,-17.25955,-14.365646,-11.639508,-14.560967,-20.184517,-17.734438,-18.923885,-22.38562,-22.708178,-17.940117,-16.907516,-19.189209,-19.511143,-17.813341,-18.905422,-22.097153,-23.887852,-18.001812,-11.181128,-11.434473,-15.093875,-21.546097,-20.68819,-19.129868,-23.960163,-19.267014,-18.056986,-23.345356,-22.39501,-22.728598,-24.556038,-22.914055,-23.480282,-20.083591,-15.441586,-7.9572225,-8.811494,-12.292526,-14.093286,-15.977382,-16.973404,-18.060936,-16.51269,-18.700962,-15.199486,-3.6523643,2.0992281,3.247987,-3.4810252,-13.255573,-11.830858,-12.056377,-13.125781,-8.121305,-6.87758,-9.735383,-14.44694,-11.779714,-11.789076,-14.466963,-13.114148,-13.577608,-11.728867,-9.626004,-11.7011175,-18.333408,-20.271055,-15.6138315,-10.749917,-11.019491,-6.3598824,-2.4782429,0.9033319,0.4991191,-1.2745057,-3.445951,-4.372028,-4.643281,-5.9532223,-5.1547747,-5.4267287,-5.6150146,-6.774372,-6.6577587,-6.717945,-8.156648,-8.941979,-11.4959,-14.011818,-13.204565,-14.782101,-18.39712,-16.32328,-19.703754,-19.87728,-22.096943,-24.499428,-24.939968,-20.58517,-19.167242,-20.66685,-19.406584,-20.324629,-20.651415,-11.597594,-9.056982,-6.0348616,-4.1281004,-5.7686386,-5.955765,-6.987038,-8.102835,-7.608621,-9.436559,-9.087919,-8.622349,-8.918941,-9.059342,-10.053535,-10.506702,-11.724773,-14.098742,-12.877609,-17.237417,-20.126144,-21.643406,-21.462038,-22.961594,-27.489222,-24.530582,-24.578243,-25.40968,-24.86822,-24.3129,-27.857792,-27.537975,-19.720558,-15.398699,-9.009601,-6.7213793,-11.803389,-16.657207,-15.453157,-15.104436,-16.433784,-15.278145,-11.51404,-10.639093,-16.516304,-20.951683,-21.953295,-17.667957,-13.236792,-11.746239,-12.407284,-12.984382,-12.568932,-18.273935,-18.156433,-15.723068,-15.454483,-11.798558,-4.911932,-4.765468,-12.23629,-9.71196,-3.9089766,3.8189478,6.7577024,1.6721272,-3.7068393,-7.406816,-8.600243,-8.551057,-7.1632056,-7.061649,-12.480381,-5.061336,-3.4138157,-11.77644,-13.377156,-14.2126465,-14.802522,-14.661441,-10.536747,-11.40356,-12.181629,-16.967743,-9.921786,-6.0055532,-10.187489,-15.58351,-17.833046,-15.077624,-17.977856,-17.804642,-19.504679,-21.679703,-18.658642,-15.182041,-9.640717,-8.800099,-13.711508,-16.32772,-9.041918,-5.8729935,-4.8074784,-7.959489,-10.970191,-9.624634,-13.427034,-17.3164,-18.141487,-17.810154,-18.352139,-17.438448,-19.83501,-21.329248,-19.399387,-20.329819,-21.481064,-17.541552,-10.785946,-7.3021765,-13.316564,-15.81529,-16.721985,-19.579458,-22.586063,-22.568663,-24.258575,-22.477985,-15.682406,-10.672289,-8.545104,-6.9154415,-6.697345,-8.367783,-4.338805,0.63910675,1.2047668,2.1305933,1.0097257,-1.3735538,-3.4787827,-5.5964923,-5.4440207,-6.5904384,-9.165273,-10.116121,-9.070083,-12.358925,-20.318594,-21.607838,-15.610163,-15.428518,-14.122838,-6.36136,-9.0351715,-17.220657,-16.072475,-20.96176,-18.224733,-12.863329,-11.495245,-15.427751,-20.246277,-15.91914,-12.130459,-12.921982,-13.898815,-12.566099,-10.918797,-7.1358805,-9.804176,-11.495004,-10.231246,-10.575162,-16.496332,-19.195179,-14.03213,-13.244953,-17.211346,-26.759773,-23.276947,-20.365665,-20.40279,-22.79482,-31.220072,-30.72901,-19.269585,-17.378344,-18.350174,-16.68345,-14.882144,-17.043924,-21.358807,-18.883474,-16.097813,-19.622305,-22.660583,-18.474157,-19.648039,-21.162634,-19.79459,-21.893538,-18.956146,-9.163533,-4.0539126,-5.306984,-9.584447,-7.8797317,-7.7236786,-7.30071,-10.934099,-13.2309675,-12.7118635,-12.697816,-14.074617,-13.747589,-15.634031,-15.379204,-14.270886,-10.738028,-6.2793474,-3.650827,-2.3705537,-0.9951755,-0.396154,-2.0599024,-4.905718,-3.9758134,-2.5661354,-3.5660574,-1.524312,-0.37973586,-5.190101,-5.3658442,-6.326816,-7.563897,-6.4626884,1.2897792,1.4403634,-5.12852,-5.358781,0.8167665,0.5851152,-0.55392975,-0.63284004,0.15819119,4.4432387,6.014946,0.91176593,-12.054664,-11.298947,-0.08047603,4.5721684,0.3798747,-3.0917878,2.8479166,3.3352265,-3.2526813,-4.0430794,-0.10931155,4.4530506,0.7649073,-3.707309,3.526697,4.0058775,-3.1667855,0.6515901,-0.19340414,-8.310526,-14.6016445,-10.4061985,-10.989333,-10.919895,-5.8907743,1.6552703,5.2861924,11.7614765,16.355625,15.859264,10.219812,2.8919535,1.1666033,0.74298793,-2.3002264,1.0344712,3.0190694,0.0056348247,0.05106721,0.9490613,-4.932247,-5.618606,-2.253022,-2.7144148,-3.1039166,2.2236667,2.858927,-3.776712,-9.823299,-9.438835,-4.4712763,-4.9363813,-6.373177,-3.5285056,-3.3890939,-6.4969635,-4.99634,-6.131838,-8.216109,-6.6725655,-8.639869,-13.979608,-10.722662,-11.918206,-9.443048,-7.5457077,-8.063909,-12.053873,-12.739534,-13.9391365,-9.810845
-4.0028696,-4.3047757,-7.1302805,-6.418376,-7.5053334,-10.338924,-14.71772,-15.68001,-14.370708,-12.719883,-10.677029,-11.833803,-18.06045,-15.449328,-11.791545,-11.151858,-11.030115,-15.152616,-11.676755,-12.75193,-18.20435,-17.983185,-14.193937,-12.633916,-13.233552,-5.291484,-1.596322,-1.5638369,-0.8193258,-0.86573386,-2.2929976,-0.72438407,-1.0376589,2.0359592,1.6491787,-1.448061,-0.68319744,-1.7705543,-5.960881,-7.5130234,-8.795911,-12.931727,-6.921509,-6.8533697,-13.383444,-12.129101,-9.744552,-11.413626,-7.5626554,-5.9794455,-3.5514183,-5.711421,-10.275565,-6.5518055,-5.9357,-10.3543415,-10.645257,-8.694151,-10.9711075,-13.289368,-9.530749,-10.296727,-10.466904,-6.592379,-7.383911,-5.797883,0.31957114,0.6323976,-2.7081099,-0.051551465,0.61376995,-0.75036556,-0.27989295,-0.3216398,-2.188042,-1.9126229,-0.9364229,-1.260615,-0.7346481,-0.13770515,-0.7133412,-1.6309483,-1.7078162,0.14917326,0.06275535,-2.6831696,-4.5870533,-9.005153,-14.073465,-15.625692,-15.042612,-11.045345,-7.5414753,-6.021537,-5.377195,-4.0633507,-8.256383,-8.965605,-8.489471,-5.0566406,-0.22791536,-0.5324801,0.3434649,0.71261466,-1.5447122,-1.6165549,-1.6174692,-4.5220084,-5.453031,-7.229235,-6.67288,-6.2436295,-3.340005,-4.426423,-5.580702,-5.412203,-1.9895985,-0.9003309,3.3302112,4.03565,4.154178,5.541702,3.1239161,-0.7061055,4.85478,4.3778276,-0.4934013,-2.9871275,2.839587,1.6649039,-2.41823,-0.69693655,-1.5151076,-3.0098362,-0.9273429,-3.0458367,-4.6506443,0.8513162,-0.9902853,-5.986168,-2.8944132,-3.7820597,-5.6761594,-2.8612187,-4.9160805,-9.939339,-9.040506,-9.322564,-8.900867,-7.820936,-10.533566,-6.675157,-2.7448359,-7.844201,-8.974847,-6.859006,-8.787418,-11.170463,-8.7451935,-8.298676,-11.695341,-13.142532,-16.094145,-18.497131,-13.088822,-13.486923,-17.817242,-16.112553,-5.0709987,-2.1589608,-1.8261046,-0.9149823,-1.970507,0.23598018,0.12910894,-1.5917099,0.74574107,0.3560069,-4.0837774,-4.9676967,-4.1698937,-6.323338,-5.271213,-5.8225822,-8.27605,-6.331611,-1.1300721,-0.4340361,-2.5018969,4.0371866,5.245637,3.9524603,4.6655116,2.8852487,1.1514117,0.27897534,0.7023753,0.14685453,1.0516104,0.2422329,-0.41802812,-2.1403704,-0.18541384,-1.5304279,-0.41112658,3.6416564,2.6937225,6.984519,6.4231215,8.387688,8.59006,8.524476,8.990006,10.519748,11.341276,8.734671,3.2676408,-3.1066413,-2.8535297,-3.6856618,-2.1278281,2.2581332,0.14010598,-2.8187356,-6.163099,-9.911136,-8.7754,-5.392503,-2.9367063,-3.4862947,-0.37092108,-0.68699485,-2.4923537,-5.775937,-11.022499,-11.124977,-12.043528,-6.9825034,-6.518474,-10.539063,-12.158204,-11.013926,-11.9342785,-0.6564553,4.4477005,2.8380158,0.47089428,0.85497284,2.2862096,4.5932765,2.4178283,-2.6028962,-7.9229207,-6.60675,-7.7076883,-7.2298164,2.9186728,11.081065,10.72204,3.5983994,5.5984488,6.296472,3.3647048,1.4364417,-3.1698732,-2.5710762,-6.1430163,-4.685856,-2.9989543,-7.2623577,-4.326119,2.703445,2.6193523,-2.439153,0.35906845,1.3649267,-2.261506,-4.2035193,-2.6323977,-6.5313463,-7.513478,-2.4977188,-4.357018,-5.8848004,-6.547799,-7.950446,-12.141739,-10.871292,-9.029218,-3.7985137,-4.076438,-7.4418936,-5.6028695,-2.1415465,-1.5267266,-0.4097492,-0.48558924,-2.4401848,-2.607106,-1.912039,-3.5485082,-7.531345,-13.429432,-15.409335,-11.408597,-3.4721897,-5.4530864,-5.705986,-5.0021496,-3.3941789,-0.89364296,-0.09341057,-1.502281,-3.539283,-0.7388109,-2.361631,-10.941956,-12.325488,-8.140797,-11.719233,-11.167002,-10.865201,-11.113382,-8.14433,-3.9574423,-4.238206,-2.9197133,-3.1420307,-7.2969556,-9.071494,-2.9956303,-5.192976,-12.235938,-16.424522,-14.46639,-9.872385,-8.35477,-11.314037,-7.4678392,-8.615887,-7.5761623,-1.2227042,0.16517587,-2.6643472,-3.9462554,-2.5800934,-1.7445134,-6.629261,-10.691934,-12.136534,-7.6065583,-4.7102165,-4.7074757,-4.7834635,-4.0670495,-3.5443032,-6.485582,-2.0225105,-1.5290128,-5.269517,-8.902827,-11.058939,-13.631774,-12.153536,-13.270348,-16.358315,-12.972822,-8.33077,-4.53479,-5.678419,-12.016353,-10.290917,-7.340918,-2.6507006,-4.6562424,-10.152989,-6.491702,-3.7787519,-2.3755608,-2.6374822,-6.4518905,0.8244732,8.973907,16.356348,21.401491,21.443758,18.969728,15.760279,11.598345,12.657205,12.318235,10.445584,8.467115,9.285921,8.067958,10.821362,20.791191,24.616047,25.481728,26.141088,26.981937,24.812157,21.592545,22.396183,19.911911,14.381003,16.36639,18.681791,17.04739,19.970892,22.593086,20.624723,16.685307,15.514206,12.165937,11.340407,13.745178,11.055585,11.736444,8.978306,9.863101,13.630993,12.145866,10.960478,5.916777,0.5915327,4.8153152,2.672136,3.9482288,3.7226799,-0.96849376,-0.33680987,4.0026503,3.4592128,1.3463202,-0.7141158,1.4685167,0.6622182,-1.9801736,-2.704774,-0.18091816,-0.97693735,-3.898005,-4.304998,-7.1024647,-3.9154217,-3.4508247,-4.173497,-2.231708,-4.442015,-9.890471,-3.7288857,1.0902026,4.090873,4.6194353,1.7427355,-3.1009748,-4.4520574,-0.60147834,0.7629829,2.8250086,2.1082826,3.184342,1.3555925,-0.75365096,1.0479615,1.4237378,-1.9007585,-0.37517682,0.29867864,-1.9735186,-6.847591,-5.2272024,-4.3215303,-5.7809963,-2.4219544,-1.6697428,-6.930452,-6.6181874,-7.174474,-6.3966966,-7.38182,-8.813509,-6.056551,-4.0092225,-5.711958,-9.936375,-3.6077204,-2.8037188,-6.853375,-8.427105,-5.159627,-2.0470254,-3.4579582,-6.013975,-9.523218,-16.95485,-23.22111,-21.358978,-18.378714,-15.2735615,-8.378624,-5.2787995,-7.2014294,-0.45223486,3.7869368,2.221632,3.1387959,7.4802995,6.691328,4.49055,1.2119958,-2.3960297,0.5114212,3.7938247,2.5541532,-3.0739043,-4.4513245,-0.5022979,-2.4602296,-4.3913236,-3.592718,-2.2964306,-1.9089091,-1.2703139,-0.23468709,-0.2081956,0.39018926,2.4397483,4.647176,2.011871,-4.1438465,-6.624387,-7.3324513,-6.083747,-4.4663477,-4.3370113,-2.6999428,-5.30091,-6.5760717,-10.102347,-6.6992755,-10.456211,-8.964682,-4.4680495,-1.4644469,-2.61462,-6.3427277,0.2258581,2.3302314,-1.6018778,-6.109253,-9.9189205,-10.915231,-11.937372,-9.334098,-3.3473861,-2.349351,-2.516914,-1.0299057,1.9686396,3.5933135,4.442044,1.9097788,-3.1111727,-10.764791,-7.293403,-4.5979943,-5.138877,-9.065989,-11.70102,-6.4581437,-6.899471,-13.547339,-11.679239,-10.376062,-13.2738,-12.664132,-2.3153105,1.7786998,0.4210919,-3.1480181,-1.420976,-0.6351846,-3.4434152,-8.38819,-6.2666154,-7.7626276,-9.547349,-7.1582823,-8.9945545,-9.250977,-7.1303263,-3.8453398,-3.1269078,-4.4048696,-5.6391044,-2.5655427,2.5935702,4.3850927,5.7051706,5.011935,0.9735933,1.3368369,3.5692608,2.6796482,-0.24043506,1.1216216,0.4339307,-3.916595,-2.7167165,-1.0428334,-2.677402,-5.211623,1.0295587,3.5605135,2.335057,1.2718065,-1.0990295,0.67808145,0.73427653,-1.457591,-4.331469,1.6036942,1.122043,-4.3423624,-7.046817,-5.724166,-5.907035,-5.5502787,-9.070806,-9.62576,-9.768892,-9.443744,-15.432552,-17.067427,-4.521894,6.20296,6.341644,-0.527983,-2.2520275,8.3260565,12.159155,13.365976,13.162342,9.303529,2.5380154,9.460849,11.274323,6.390519,2.0078166,2.0233703,3.016212,1.6140586,-2.6245232,-0.24553649,8.235804,9.3305025,4.695024,4.5518804,3.95895,2.1110282,0.7660024,-1.8962324,-4.3535,-4.7037144,-4.8626018,-3.4512422,-2.6394022,-5.7794676,-2.4938433,-2.280401,-3.8377142,-8.2580185,-7.7232885,-8.194049,-9.612991,-11.555052,-10.556831,-11.099712,-16.233444,-14.712199,-11.262295,-11.714759,-14.726683,-12.944395,-12.353829,-9.180537,-12.381231,-15.002029,-15.187854,-15.499878,-19.423546,-21.251146,-18.257019,-17.027382,-18.93581,-10.254629,-7.555645,-10.245394,-10.399381,-9.808577,-9.940042,-10.88587,-10.844888,-12.307977,-15.025826,-14.286317,-12.868995,-13.465023,-14.7489605,-16.779554,-18.240633,-20.43864,-19.174725,-8.994494,-6.403887,-12.766992,-20.251068,-20.579422,-24.321154,-24.445606,-24.543556,-24.401665,-27.282898,-20.867403,-16.49337,-22.131712,-28.968319,-22.995949,-17.235163,-9.692607,-4.2514567,-4.1447954,-6.268449,-9.070664,-9.786655,-10.716605,-12.387766,-14.12655,-15.875151,-21.28183,-25.33009,-21.099304,-16.798052,-12.400625,-7.3325925,-9.335457,-13.719168,-15.873036,-16.238634,-16.290762,-20.970215,-23.196943,-24.075123,-23.826807,-22.117968,-22.445404,-23.344995,-25.232885,-21.811768,-21.585598,-27.189964,-26.57012,-21.586695,-5.982637,-1.9893293,-6.737873,-9.465075,-9.216081,-10.056541,-7.4245205,-6.479103,-6.382265,-6.4226794,-7.0330853,-8.69502,-9.119003,-9.479835,-9.528848,-8.591088,-8.384547,-6.990009,-3.1026397,-7.6210985,-14.134743,-13.658223,-19.311357,-19.741451,-17.55239,-16.505833,-16.567686,-15.7384815,-6.5822945,-6.1529517,-10.911747,-11.0356,-8.999158,-6.944951,-0.10814209,-0.95304555,-7.435517,-7.5136013,-7.676208,-1.4062053,-1.1802809,-6.0116577,-3.723268,-0.5498805,-6.1322265,-9.23012,-4.370479,-5.4730535,-11.461258,-9.385199,-10.069824,-9.436542,-0.97540367,1.827587,0.3499594,-2.3015654,-5.6232476,-6.2144346,-4.2023764,-5.7107663,-8.81709,-8.520015,-10.121833,-12.639748,-8.765496,-7.406376,-7.904496,-5.938065,-4.156542,-3.931546,-0.7810761,0.09955082,-1.8161083,-7.52753,-6.0109167,-7.544007,-14.612102,-12.485167,-12.303209,-14.334709,-11.132693,-13.516109,-7.675224,-4.570148,-8.176568,-10.769028,-7.777843,-5.2788706,-8.05688,-6.0005755,-7.18426,-12.327845,-10.360861,-9.648354,-11.467938,-11.095877,-14.088956,-13.81865,-13.948404,-19.13055,-9.898423,-6.0070047,-8.6716175,-9.369526,-9.139299,-9.414016,-7.856214,-10.176372,-10.973656,-8.341741,-9.324688,-10.319995,-7.132291,-6.5693903,-9.53143,-11.6381855,-8.847473,-11.396128,-16.940516,-15.100506,-11.354063,-10.013448,-7.9627,-3.0236573,-3.2439373,-3.3950415,-3.3336792,-4.655886,-4.015837,-4.938465,-8.873947,-8.4854145,-9.050723,-10.011882,-8.695056,-11.33254,-10.270947,-10.331715,-10.117878,-10.35143,-11.589093,-13.890133,-14.858158,-16.21985,-17.87699,-13.261011,-12.295961,-14.289374,-6.282056,-0.90932906,-1.3596139,-2.8527837,-4.030138,-2.7647805,-5.053756,-9.654966,-5.845759,-6.879943,-6.478446,-5.8105273,-2.022824,-2.9271924,-7.836184,-5.8298264,-5.459935,-10.550917,-11.677937,-8.383291,-10.654918,-9.696855,-6.219824,-7.2716117,-8.2873125,-2.2455304,3.4564867,6.7340918,6.2508464,4.2165003,2.3292012,2.237697,1.6822407,-0.55802965,-0.6369311,0.89529,-0.1012576,-1.4609759,-0.6987251,-1.3229718,-2.7674677,-1.7679718,-3.2630515,-5.8798523,-2.556439,-3.7874322,-6.180628,-3.4431837,-3.9163983,-4.3879657,-5.678699,-7.4840393,-9.140922,-8.990649,-9.39979,-13.654685,-9.538389,-7.8333616,-10.123095,-14.550966,-9.899465,-1.0462075,1.7514141,0.54370356,-0.81434107,-0.6449088,-1.9780526,-1.7815657,-2.7620153,-4.927782,-3.9047167,-2.855658,-3.4820807,-5.3676167,-3.7129564,-4.473867,-6.783461,-6.9722776,-6.583522,-5.2992578,-6.054756,-5.898287,-6.336968,-8.182215,-8.357052,-8.896793,-11.4068365,-13.548702,-17.837914,-18.158573,-17.6937,-12.635891,-7.6174746,-6.632003,-6.421733,-9.604054,-8.428165,-6.956293,-8.3838005,-12.247138,-8.445789,-6.749525,-6.30342,-8.443685,-13.574439,-14.023456,-12.041189,-12.614365,-12.162304,-12.027167,-8.706573,-3.6283903,-4.4418445,-5.9552197,-3.9150858,0.35491827,8.437246,9.745475,4.53459,-3.2475553,-1.8843483,-1.6618326,-2.486588,0.061175194,0.39446044,-1.7556155,-8.1773,-4.707327,0.22151074,-1.2909441,-4.8948855,-4.598183,-2.3750072,-3.3563538,-8.236142,-8.942947,-8.614899,-11.403131,-14.465275,-8.995429,-4.3037767,-4.7459145,-5.7529964,-3.8478816,-5.0616846,-8.095388,-5.158172,-4.891179,-4.088229,-4.613021,-5.3246207,-5.093422,-6.3949566,-9.33158,-10.842102,-10.182294,-12.67178,-9.066335,-10.034592,-18.312124,-9.788993,-7.622246,-6.032874,-5.19264,-3.8235846,-4.15419,-4.055946,-7.3198166,-10.298372,-7.3376083,-5.507308,-6.05748,-7.0363646,-8.686927,-7.9123726,-8.783724,-9.954366,-4.4125338,-3.693415,-10.300546,-7.407274,-6.078977,-9.425566,-9.132519,-8.722034,-12.708395,-11.92478,-10.410788,-8.406,-2.255257,0.6961748,-2.1466973,-3.9910433,-0.45835197,1.84312,-1.7834294,-2.0768113,-2.3521607,-1.1561646,0.2339041,-0.3530359,0.6151371,0.15206216,-2.4773486,-4.9112897,-4.046551,-6.298337,-11.804706,-14.095062,-6.8750277,-4.829345,-3.4189887,1.0938966,-0.5021802,-2.6874428,-3.6803472,-8.114566,-7.060459,-4.158564,-3.2764668,-5.885236,-10.376596,-5.6470275,-3.462977,-7.1711025,-10.330829,-5.143869,-2.7501652,-0.11041307,-1.6344981,-4.0430303,-0.6347534,-1.091205,-4.5299993,-4.6294208,-2.2968962,-2.7210398,-7.7010016,-18.409502,-14.066383,-12.975393,-11.763476,-13.040279,-20.699738,-24.56807,-12.452798,-7.951877,-9.154297,-7.5804033,-4.207694,-5.180045,-8.476468,-6.612866,-5.9508224,-10.11805,-10.461255,-7.9240394,-12.265842,-15.265062,-15.035591,-16.287086,-11.5355,-8.825515,-7.4875407,-10.437571,-8.861138,-1.5450313,0.53721774,-0.35180542,-4.7328925,-7.1434016,-4.883662,-4.609437,-6.1847897,-6.4201283,-7.3667507,-9.8932705,-8.913545,-4.504176,-1.0207691,0.036228612,1.694221,4.7096453,6.660218,5.0601835,-0.43906635,2.5987787,5.257259,3.5454059,1.6044774,6.0968313,5.7507567,3.8320973,1.9660246,-2.3154638,-1.0598887,5.8353004,8.956932,4.7505417,4.845556,5.815983,-0.81901544,-3.6112747,-3.6318896,-6.636987,-3.4227345,6.6157875,8.831244,3.6963418,-0.56707156,6.37366,4.4466496,-0.6117358,0.7105487,1.4486766,8.260251,7.868438,3.1255212,3.852405,2.1073265,1.0726553,-1.576385,0.56661314,7.7479057,6.636467,5.2848573,1.9636273,-2.6760354,-5.0078526,-4.0875587,-3.1169674,-2.5714815,-2.2308767,1.2810428,10.999821,15.577311,12.8962755,4.783156,1.0811366,-2.426345,-4.9867673,-5.9625955,-3.1448069,-1.0797502,-3.5134645,-7.279004,-3.7984788,-0.31544715,-2.7067957,-2.6114085,-3.0848413,-1.2304271,0.18206713,-0.7290577,2.4726443,-0.4455292,-10.4793825,-7.4208174,-4.637964,2.0673459,6.8292437,7.7381535,7.44244,7.7285204,8.1235485,6.197285,5.0786743,1.6057189,-5.192359,-4.05915,-3.6625383,-6.014551,-5.5428267,1.7327911,3.5506892,1.6048664,2.3952744,1.3668876,0.97934633
-14.199694,-10.849737,-10.871001,-10.567845,-12.728731,-15.778699,-17.174356,-19.354671,-17.883427,-16.68429,-17.454874,-17.373077,-19.195768,-18.408424,-14.27114,-8.252066,-11.727404,-20.316444,-18.09093,-18.526707,-20.975645,-21.682394,-17.975824,-17.2864,-18.547112,-9.212834,-5.723956,-5.3560963,-6.462893,-6.5420685,-6.0327997,-7.144709,-4.8098426,-3.599021,-4.6300035,-5.6337523,-7.2325163,-9.855195,-10.533995,-12.23695,-15.717782,-17.655247,-12.486562,-13.394899,-17.279823,-17.555296,-15.324881,-15.723637,-10.171103,-7.4538355,-9.160877,-12.187638,-13.6357765,-14.745419,-14.311806,-15.379219,-17.412693,-18.555529,-19.68943,-18.464773,-15.961638,-16.163504,-17.415611,-15.85599,-15.66996,-12.94718,-4.1686516,-2.823074,-6.0331945,-5.674951,-4.9249496,-5.1506777,-5.5871544,-5.67677,-5.8040595,-5.796875,-5.983014,-5.6426334,-5.563812,-5.4429336,-6.2020993,-7.4123077,-7.032206,-4.9475274,-5.3295565,-7.328201,-10.121342,-14.833327,-19.340149,-19.899996,-17.710094,-12.603826,-7.0012846,-7.0858245,-7.6420264,-8.974422,-11.630178,-13.5577755,-11.838888,-10.49481,-1.2914563,1.1692897,-2.47846,-4.2851253,-2.8830247,-1.3610196,-2.8908644,-7.575993,-8.657884,-9.546044,-11.644011,-12.617552,-12.495894,-13.261269,-12.378868,-10.264763,-5.8664184,-5.598749,-5.1474757,-9.671462,-8.347155,-5.540349,-8.005968,-7.4880238,-5.070634,-4.8361483,-9.450444,-10.186607,-5.8080683,-7.5094743,-15.127383,-15.216265,-12.686496,-14.275484,-2.4416049,0.2937175,-4.9032793,-6.9269323,-8.523106,-13.171624,-12.910263,-12.930914,-9.194971,-8.212986,-14.7378645,-19.954563,-19.192106,-20.03167,-17.222017,-16.963821,-17.569263,-11.816974,-6.7772703,-11.280003,-17.926329,-17.134548,-16.678936,-14.940411,-15.596351,-15.625574,-15.851394,-18.90999,-23.512781,-23.202257,-20.761429,-18.250183,-14.926995,-13.973073,-7.940533,-6.77157,-7.752595,-6.4998217,-5.985731,-5.142623,-5.510857,-6.6013193,-4.7211537,-4.869506,-8.114961,-9.650572,-10.455274,-11.781569,-9.317054,-11.934218,-13.212471,-9.3358345,-7.47457,-7.410149,-7.509337,-5.361085,-6.650188,-5.9155946,-1.6025517,-4.26966,-8.180219,-8.482262,-9.738293,-11.052538,-7.339773,-5.385075,-2.169287,-1.3656985,-1.5545166,-3.6114826,-1.9962151,-1.5096695,-3.6062243,-2.810688,-2.1622128,-2.4533963,-1.7832845,1.5072122,4.4763,6.985919,8.1374035,6.6622043,-0.9810415,-8.984195,-9.202439,-10.4933605,-7.9170237,-3.792075,-5.5871387,-8.999735,-11.91647,-16.654367,-14.769672,-12.106071,-8.599245,-7.0597024,-5.8388443,-5.0326633,-6.3981767,-11.54407,-15.606535,-14.54928,-13.113188,-12.025202,-14.757667,-15.69757,-17.89286,-16.299824,-12.661252,-10.257606,0.82994217,6.4174604,8.547172,7.727688,4.2114787,3.6989295,0.17170647,-3.5491066,-9.313916,-8.976807,-8.104499,-8.012083,-4.434585,6.9919367,12.426678,11.93598,9.472349,3.681978,0.21275213,0.061192553,-2.624884,-3.28105,-8.268939,-8.061515,-7.8514757,-8.375381,-3.948778,0.9230883,0.025259444,-1.395678,-1.5386152,-3.3160994,-7.060999,-7.9424615,-5.4269657,-8.050743,-5.3228946,-2.6654437,-5.323579,-7.2900815,-8.704625,-10.378118,-13.242068,-13.299511,-5.3953886,-3.6263778,-9.262087,-11.321759,-9.59587,-8.5428,-9.053931,-4.4186897,-2.2467208,-4.4949512,-4.2729454,-4.1355476,-6.317785,-11.225847,-17.12806,-16.23773,-10.651714,-1.3270254,-1.4134483,-6.8991117,-8.841388,-9.083549,-8.083281,-4.766752,-4.5786924,-8.707773,-5.598865,-6.888161,-12.003155,-15.386529,-14.089037,-15.32032,-12.875909,-10.856271,-13.797145,-9.193751,-7.503892,-8.013359,-9.018098,-10.633518,-10.572772,-6.0719595,-1.5276885,-3.3574917,-11.448198,-17.34268,-17.152512,-13.1741085,-10.51985,-10.274273,-7.9809456,-9.025294,-9.015432,-8.80187,-8.25976,-7.2590537,-7.937132,-9.528753,-6.644178,-10.127412,-15.317858,-17.063139,-16.563389,-11.42393,-7.0832014,-7.102943,-6.978527,-5.81944,-9.706035,-7.6291676,-10.207411,-17.494928,-21.044104,-21.086487,-17.897156,-14.888679,-16.222542,-17.485918,-20.441833,-18.257664,-9.592492,-7.0428185,-8.294761,-9.124099,-11.479796,-8.789579,-7.5999317,-11.108832,-14.934622,-14.828672,-10.652168,-13.312298,-15.130645,-5.8873787,12.943592,21.258175,21.13653,17.585825,14.264852,10.176027,5.11492,6.8395276,6.556945,3.3760395,2.334894,2.7844226,8.3397665,14.657159,16.398777,15.156988,19.926918,25.423424,25.662273,21.795185,15.033492,12.152945,14.050043,12.1543455,8.143921,7.2347445,9.47691,12.113743,14.750486,11.6501665,5.3188496,8.486218,7.296078,10.552237,11.8655205,10.351882,8.710093,4.114813,3.9558313,3.7919059,2.7537498,5.9316263,2.0210278,-5.680559,-0.59315777,-1.8316565,-0.4421617,-0.46600446,-3.775802,-2.3759863,1.6695976,6.058746,7.622715,1.385885,0.58615714,-0.13753922,-3.710508,-3.7417793,-4.4670978,-8.005341,-8.517936,-5.505023,-8.0552435,-8.637295,-5.3509192,-5.337119,-6.4964256,-6.502008,-8.422884,-2.565564,3.5596383,8.989245,14.747837,18.593657,17.277693,11.51836,7.2606707,5.6628866,0.76917255,-0.36385608,-2.0341835,-4.9403095,-3.9564452,-5.4740944,-3.4413197,-3.9817123,-0.76507103,-1.8928518,-4.9745545,-1.7952664,-1.7422519,-7.104158,-6.6684246,-2.5809822,-0.41671243,-1.5961455,-5.902946,-5.212412,-7.7603073,-12.54425,-9.088572,-7.069295,-7.7507396,-6.450269,-9.721622,-10.362367,-11.46202,-17.364544,-14.422401,-14.121318,-10.201895,-11.796276,-16.779297,-17.677725,-18.224295,-16.352928,-13.687936,-15.952518,-15.964176,-13.200759,-12.070378,-5.8492875,-1.5781475,-0.755159,-0.6850571,-4.3934355,2.0798562,8.717901,5.286624,3.3821704,4.651523,1.2824004,-1.0471995,-2.8261545,-5.5651026,-8.49982,-9.247807,-8.385555,-6.965256,-6.8512754,-8.354064,-4.6434145,-6.0150948,-5.002593,-3.6386065,-2.3859587,-4.224363,-1.2989225,-0.32537904,-0.33771992,-6.4519286,-13.256659,-11.501855,-8.883761,-7.337207,-2.6945024,-3.3738346,-7.4543724,-8.168694,-8.024564,-13.12875,-10.591133,-4.720379,-3.1579094,-9.625191,-13.927191,-6.5873384,-5.929809,-11.869321,-14.067062,-14.436713,-15.095556,-15.146284,-15.384886,-14.027587,-13.341503,-9.91094,-8.872603,-8.578342,-3.2994905,0.88522464,0.40996552,-6.015095,-17.763731,-11.9047785,-9.666486,-12.058212,-15.486221,-15.487736,-13.059033,-13.299216,-17.957512,-18.872665,-17.436243,-16.12424,-12.5887165,-7.9874487,-6.9244537,-8.274178,-7.905813,-8.072378,-8.576054,-10.269543,-11.134566,-10.938954,-13.89304,-15.80802,-12.369003,-12.660242,-11.93922,-11.52931,-7.7049975,-9.790771,-11.421125,-11.80228,-7.687013,-8.795795,-10.370274,-6.812701,-6.860467,-11.404493,-7.901957,-6.856097,-6.963521,-10.844421,-10.423161,-9.989382,-14.674588,-14.028597,-8.577971,-7.358076,-7.504938,-4.09803,-1.5777991,3.0394402,0.88054186,-5.740258,-8.500117,-8.492125,-10.425111,-8.9152,-6.650331,-8.62107,-14.595446,-15.716215,-12.105392,-11.976164,-10.478651,-10.042018,-10.104322,-17.099884,-17.412638,-17.120167,-19.05732,-15.335192,-9.714892,-11.144865,-14.588288,2.6232033,9.87472,9.7281,9.514745,8.221319,4.999685,6.5390353,7.684729,9.484368,8.368232,7.137824,6.54468,4.9912004,-0.52313435,-4.762282,-0.30152193,9.800061,14.858824,17.444275,19.32959,18.479565,14.692867,12.325526,8.233151,6.4665956,8.43628,5.6553845,-1.1186186,-2.8360488,-0.14122505,3.5013943,2.5850275,3.0573332,-2.030088,-4.557661,1.1144198,-0.30363593,-3.0067968,-2.9561112,-2.3547556,-6.15107,-5.5419927,-5.575759,-10.197115,-12.127872,-13.648422,-9.101453,-4.4660835,-2.8449466,-5.4161425,-12.730993,-14.13395,-11.392411,-12.867899,-13.499159,-16.02528,-12.172703,-5.6282954,-5.179207,-6.18727,-9.852306,-12.898812,-11.931515,-12.311302,-12.291164,-14.607231,-18.303513,-17.615227,-16.71945,-16.547554,-18.81574,-18.271404,-18.914276,-22.927378,-17.409174,-12.857124,-7.9900336,-8.474181,-16.204016,-26.555769,-28.77014,-26.313648,-20.371525,-23.85434,-27.202496,-19.942642,-16.637012,-24.687338,-28.76476,-22.993372,-20.943207,-13.102641,-9.412296,-9.439798,-14.36634,-24.323835,-27.71268,-29.952658,-27.101496,-28.095438,-26.450943,-30.024387,-29.809086,-23.477623,-20.869003,-16.101355,-11.867434,-13.110646,-17.64181,-13.467111,-12.062844,-11.594077,-18.712633,-26.500454,-32.953106,-31.360361,-29.59951,-29.542486,-26.051704,-25.062344,-25.373285,-23.612358,-28.294598,-26.471834,-24.37436,-14.062269,-9.421901,-7.8055644,-13.195796,-22.796257,-25.90812,-19.57529,-15.528671,-15.441222,-14.279497,-15.773574,-18.314999,-14.849925,-14.57735,-18.470858,-19.772318,-19.17334,-9.419705,-2.8437567,-5.3076715,-8.88851,-12.034226,-12.828268,-13.759843,-14.285097,-15.011868,-17.48668,-13.626857,-10.048639,-6.660083,-9.433321,-18.01202,-15.342599,-9.518252,-5.7631655,-6.769486,-13.2905245,-10.683354,-7.864459,-3.5806222,-5.789919,-9.7304125,-4.11247,-1.3828443,-4.0455985,-2.1491477,-0.56786215,-1.6261996,-2.5290027,-5.6724358,-7.493303,-4.3529506,-0.8273509,0.5538172,-2.9744127,-6.6084814,-9.702266,-9.508924,-9.305297,-10.0112705,-12.177229,-13.553376,-13.94841,-16.258247,-15.853487,-9.441761,-7.6756935,-10.050833,-10.638585,-8.782168,-6.101343,-1.7252913,0.11616949,-2.369025,-6.149235,-10.383992,-12.858256,-13.915926,-13.529203,-13.607764,-14.229057,-15.134457,-9.118819,-8.582234,-12.859254,-16.050577,-8.69702,-4.924968,-6.6238685,-13.5422325,-14.566498,-15.991288,-15.57583,-14.212813,-13.489782,-13.933546,-20.30125,-21.358849,-20.49738,-21.076393,-13.37793,-9.525256,-11.161532,-14.440853,-11.396841,-8.322054,-8.80833,-11.110062,-12.858628,-10.548069,-11.801263,-14.30821,-12.865042,-12.8151655,-11.6444435,-13.022557,-16.217995,-17.78397,-20.700665,-17.238037,-18.843313,-8.320278,-3.8327913,-5.4900265,-7.22848,-7.57021,-8.444857,-9.264907,-9.450687,-10.583049,-12.684051,-14.07447,-14.057073,-13.597349,-12.869798,-14.062349,-17.137833,-16.281143,-10.452441,-13.047401,-15.474559,-17.677214,-19.322563,-19.904463,-22.600075,-23.736244,-21.652258,-19.264084,-11.100254,-8.574207,-8.277853,-7.515549,-8.883694,-7.982779,-10.167132,-10.057078,-7.1216307,-12.116218,-10.274554,-8.41451,-9.009377,-11.661611,-13.583217,-11.592088,-11.125937,-14.135436,-17.776468,-12.074869,-12.564074,-13.895025,-10.978103,-12.996472,-11.269588,-7.5547957,-7.6642275,-6.1056275,-7.3894825,-10.219537,-11.626234,-10.32893,-10.812458,-14.100379,-14.509549,-9.597055,-11.13443,-13.607216,-13.921106,-14.42944,-15.040894,-9.39178,-7.2684956,-8.868906,-9.220691,-9.548367,-10.377387,-9.222651,-8.794874,-9.393785,-10.648756,-11.516968,-12.666988,-14.448012,-15.800346,-17.939312,-16.30141,-14.652422,-14.2659,-13.539924,-14.2060995,-12.129956,-10.670248,-12.49339,-15.808989,-13.492098,-15.271933,-12.926931,-12.483853,-19.433535,-18.870512,-15.585085,-15.715647,-18.841251,-15.307512,-13.410332,-4.479887,-2.1723537,-7.973444,-10.675349,-10.556997,-10.693853,-10.840198,-12.710076,-13.48898,-13.391134,-13.353858,-15.695314,-17.1785,-18.195988,-18.39262,-16.566814,-13.235216,-5.7382016,-4.1427765,-10.458544,-12.077336,-12.1512785,-14.006137,-19.315619,-16.257315,-14.497826,-11.905393,-8.4281435,-8.719767,-10.90878,-12.351628,-13.22033,-11.213755,-9.967014,-6.4131885,-3.5689557,-7.753295,-9.39236,-8.246519,5.603437,12.147574,9.181803,1.3189008,-1.344925,-2.7922118,-4.331103,-6.262963,-6.099516,-6.9019756,-8.394462,-6.7423344,-2.0533247,-2.1224468,-0.16361779,-2.444413,-4.464253,-2.8584247,-4.7023325,-6.5331993,-6.230325,-7.6373663,-11.92388,-12.547436,-11.197529,-8.187533,-7.9714723,-10.010176,-9.345172,-4.782447,-5.3743725,-6.9864078,-6.685085,-7.325042,-10.188505,-10.495346,-7.6574755,-7.4026527,-10.208603,-7.414644,-5.9696903,-7.8875427,-2.8339438,-0.8607593,-1.5687258,-5.4788156,-5.567547,-7.9531436,-9.08757,-10.034206,-6.4695544,-6.9734406,-10.383854,-13.183126,-10.639395,-9.138543,-10.508665,-11.173154,-12.609831,-10.393773,-10.935547,-13.094418,-3.0473902,-1.1380483,-9.696135,-10.265059,-11.162985,-13.236797,-11.498589,-13.046959,-16.709053,-17.244585,-15.647703,-14.030895,-8.914992,-8.524446,-13.936762,-17.98117,-12.070753,-5.3348703,-8.269643,-13.404689,-12.319868,-12.508623,-13.630358,-14.914941,-12.260439,-12.362669,-13.916179,-15.406216,-15.132656,-15.395475,-17.35539,-21.745033,-15.156885,-10.565938,-9.598178,-4.127757,-4.760274,-7.366073,-9.857071,-14.86771,-14.935865,-14.236673,-13.398916,-12.341059,-11.533161,-10.289908,-10.863618,-15.843853,-14.857405,-13.4913845,-11.439053,-6.236827,-7.2075295,-10.467692,-9.095181,-10.2308655,-12.182698,-10.76779,-9.833818,-10.682165,-14.174892,-21.35296,-19.855793,-21.960535,-20.043938,-19.947819,-26.46444,-26.878683,-12.731998,-5.1620827,-8.531792,-14.816681,-11.876317,-12.499175,-13.463558,-12.506957,-13.722689,-16.367529,-14.571596,-12.20058,-15.253159,-23.778076,-23.644228,-23.854658,-19.9671,-14.123167,-11.382214,-12.82384,-14.186845,-11.961442,-10.083649,-11.502077,-16.7998,-20.5316,-15.674084,-15.347189,-17.306385,-17.461325,-17.529442,-19.696619,-18.221512,-14.737413,-10.112789,-10.087826,-10.68084,-8.681467,-4.779441,-5.6713924,-9.984976,-7.7556105,-5.525708,-5.7207394,-0.5272283,7.120761,5.650726,-4.0349507,-5.387945,-5.8962817,-6.2263055,-1.760669,5.571732,4.8499207,1.2260208,-1.9298897,-5.312994,-5.814824,-9.118861,-10.016178,-12.04458,-1.5645242,7.444773,9.196206,9.5332155,7.7946873,2.3926659,-0.114838175,-4.195713,-3.4533381,6.6364484,8.829558,6.093244,4.7473755,-1.5031879,-5.1653647,-4.275432,-3.057199,6.007801,10.334627,9.671816,3.351765,2.5492346,-0.5677978,-4.1111145,-6.498023,-4.7677474,-4.068537,-6.1567855,4.066704,6.0918612,0.7447607,-5.069997,-9.987201,-8.993906,-10.828527,-13.53441,-10.040559,-9.13929,-9.079334,-6.0286455,-4.2958145,4.3459816,11.403136,14.32571,12.715416,9.160664,8.008053,3.1676044,2.8792448,1.7072815,-7.124562,-1.1627401,1.8834281,2.7358966,4.068049,3.163125,3.46873,3.7040796,3.3636699,3.3442137,3.0847776,0.25887397,-4.113924,-2.7170217,-7.2323995,-8.643166,-10.223674,-5.6030807,-1.5472336,-0.4317633,-0.37765142,-2.3334494,-2.341431
-12.858681,-11.644677,-10.498319,-11.790514,-12.508769,-13.743458,-14.195581,-17.19213,-15.334517,-16.851467,-19.453968,-19.923761,-20.769527,-22.723434,-13.005186,-4.293061,-6.402154,-17.691942,-22.03167,-22.039303,-24.5755,-24.310211,-22.337044,-26.042955,-23.17909,-19.233934,-23.432404,-24.444263,-28.000822,-28.308601,-18.607822,-13.3066845,-10.658237,-9.42269,-12.978861,-18.760181,-21.060844,-23.447311,-27.560415,-27.68841,-27.268656,-23.486141,-23.303593,-21.869919,-18.725098,-19.38062,-19.620491,-15.896599,-11.938199,-12.08403,-15.715626,-12.387477,-7.6088963,-9.046547,-12.473024,-12.254717,-15.690125,-21.905458,-19.606148,-13.718242,-14.672275,-13.190869,-15.912239,-17.70882,-18.051964,-16.966805,-9.845502,-7.286513,-9.773041,-11.027239,-16.550219,-19.443375,-19.232088,-17.622572,-18.555122,-17.130346,-15.274262,-16.781681,-17.05229,-16.815887,-17.330591,-19.914146,-10.992737,-10.135822,-14.61309,-11.627908,-13.106805,-21.742268,-24.454954,-17.250717,-16.130754,-8.013211,-5.872584,-11.121719,-12.391153,-13.136721,-14.313992,-11.201405,-9.695986,-11.879431,-3.0385132,3.8505716,8.573776,8.6003895,7.5541396,4.1719646,0.18447629,-1.4947209,-4.3945265,-6.281829,-5.376689,-9.274714,-13.085116,-14.607286,-8.033652,-6.8128433,-11.875261,-17.438118,-19.064018,-19.655758,-14.348836,-13.509149,-16.131638,-13.018845,-14.111982,-13.370821,-12.783456,-14.120718,-16.81205,-15.676823,-16.655182,-17.334412,-19.644583,-21.050032,-5.821867,-0.28509763,-5.6093206,-16.629684,-20.95558,-23.1531,-24.385176,-26.777,-25.358704,-26.335318,-28.981495,-30.991657,-29.05862,-25.08332,-25.829113,-27.51488,-21.81737,-17.501694,-13.018158,-17.416027,-19.533884,-18.576326,-24.738544,-26.005753,-22.327452,-23.89127,-26.087318,-24.442497,-25.921005,-28.290932,-27.823967,-23.21801,-19.657158,-19.43967,-7.236766,-4.1159744,-10.314969,-19.6638,-21.067608,-24.717245,-22.043766,-21.699795,-23.83028,-27.105839,-21.690186,-16.040722,-16.03964,-17.333992,-22.046461,-26.554276,-27.296288,-18.26618,-11.107841,-9.056056,-11.32505,-11.985817,-4.5922565,2.5396073,7.648208,8.636505,5.684572,-2.6219225,-6.4045005,-0.12831178,0.6314281,-1.4740592,0.2558947,2.617836,0.36569864,-3.836769,-2.2205625,-6.890821,-6.102461,-10.600548,-17.14927,-12.513509,-13.0249195,-7.683593,-6.882854,-11.800328,-13.096708,-12.94998,-16.862442,-18.313492,-21.791601,-16.458647,-11.057898,-8.256545,-9.892913,-13.010196,-18.08435,-23.976715,-21.603544,-18.300484,-20.167923,-21.097813,-21.115618,-22.635971,-27.74606,-27.765266,-26.548931,-24.70771,-20.672205,-12.0348,-8.949571,-12.791378,-19.033066,-16.542892,-11.147962,-7.5522175,-9.6791,-2.2254462,-0.4222624,-3.4323456,-8.524905,-10.697197,-11.270007,-10.817307,-13.197687,-11.586159,-10.0709,-7.1306105,-3.9909065,-5.7527113,0.7312847,3.7618568,0.7076434,-5.2253036,-6.0944705,-8.044804,-11.010292,-10.498763,-11.941136,-12.180215,-13.104964,-12.945147,-4.4227095,-1.1348451,-0.6127361,-1.7500017,-1.7552576,-3.3310783,-2.98823,-2.787435,-3.2311163,-3.8449697,-5.0231333,-5.539857,-7.1646757,-7.3083677,-7.420722,-7.8836565,-9.189709,-10.32143,-8.652688,-9.032525,-12.109694,-15.279581,-15.637769,-14.894859,-15.123732,-15.671344,-16.509127,-15.717858,-12.675962,-12.339167,-13.419991,-13.781266,-13.573618,-13.902372,-12.890814,-5.650812,-1.7807097,-3.2440023,-7.375588,-8.149516,-9.262459,-9.571045,-10.019897,-10.586523,-11.469067,-11.73048,-11.418154,-13.273759,-18.256409,-20.647095,-21.684643,-20.159948,-19.344955,-15.381397,-15.560341,-15.729141,-16.763468,-18.372252,-15.308376,-11.163138,-12.490852,-10.914446,-12.758388,-14.849768,-19.266068,-27.262058,-18.890366,-12.69516,-7.8791523,-0.76504457,-0.9951716,-2.2789927,-4.1466255,-7.9086294,-9.745577,-9.237577,-8.628922,-10.991479,-12.162836,-11.353511,-13.943128,-13.399694,-12.875065,-13.423574,-12.324466,-16.072847,-15.685646,-8.655021,-8.809014,-9.337427,-10.964104,-11.337962,-14.30925,-11.792841,-9.023945,-9.11742,-7.4140444,-7.801604,-9.9571495,-13.368884,-16.208447,-12.454519,-7.095323,-0.41274518,-2.1537461,-6.1368794,-9.804701,-12.803306,-13.147582,-15.135509,-16.497286,-14.341032,5.7206144,12.450663,9.199925,-0.74775195,0.5448454,-1.8722615,-4.6166415,-2.9613745,0.3709761,4.350239,5.3219376,5.0042515,3.1840394,7.1375504,5.0569,2.1034162,2.7001178,4.8536367,3.457292,-1.0532708,0.42510515,3.507761,6.9942875,2.4830787,-2.0125387,-1.9415705,-3.4979863,-1.3147392,-2.751997,-4.5479937,-4.8323936,-2.5476089,-0.8212137,0.25872228,-0.96262723,-4.6028705,-7.1492853,-7.033355,-8.523089,-12.112502,-17.102005,-12.206491,-7.0623684,-5.530056,-9.710235,-8.256222,-9.47669,-8.355193,-6.0576143,-5.3445096,-6.5342097,6.5390263,8.626136,2.3850396,3.7843761,1.6557962,0.5327527,-2.5219808,-3.8749444,-5.594059,-3.9488301,1.9084412,0.77183807,-5.597435,-7.375638,-8.353889,-12.415152,-6.927214,-7.342845,-2.969978,7.4205594,13.393765,15.913374,16.890242,17.09644,16.333424,13.479333,8.394268,-0.21204112,3.3203654,4.7932,0.017308544,0.6882545,-2.125574,-4.937954,-0.43856,-0.34902483,-3.0591245,-3.7833762,-0.87208146,-2.6362624,-5.2509255,-6.494644,-4.799232,-1.7537327,0.5461947,-1.9379585,-5.536989,-5.0278068,-7.537119,-7.199695,-7.8747463,-9.701692,-4.594465,-7.176189,-9.092572,-7.0416775,-5.558719,-7.022666,-12.51861,-10.719353,-7.28284,-6.1908636,-5.117164,-7.378422,-7.2543364,-6.287003,-6.8864098,-11.754698,-16.588543,-11.036731,-4.5462008,1.1836467,0.92517245,3.8104603,9.213179,8.592928,8.640629,12.244125,9.470696,0.91439235,2.4292102,1.0399396,-3.7469647,-4.216718,-7.407494,-4.6258535,-1.6022481,-0.38210368,-4.4758816,-4.427276,-7.656663,-5.623724,-1.5243504,-2.3581975,1.9780986,1.801327,1.6196916,1.5833385,-1.5204635,-3.618359,-5.215383,-4.983238,-3.8033938,-4.6306233,-3.0109859,-1.4639734,-1.0464611,-3.3362603,-6.77211,-10.931855,-12.48135,-2.8437197,-0.11928748,-5.6838913,-7.050576,-4.4469886,-1.7680583,-1.263948,-1.8226768,-2.136404,-3.1974626,-4.4685864,-6.144141,-10.335455,-10.291403,-12.552419,-15.083971,-15.358461,-15.472041,-8.962752,-4.6334324,-5.8941145,-10.9835,-14.922763,-15.959301,-15.432464,-13.073191,-12.627534,-7.16233,-4.4802027,-4.8240175,-7.9050374,-12.788118,-16.021597,-11.745311,-6.973998,-4.7346334,-6.2028794,-11.518734,-12.2046995,-11.887036,-10.807328,-7.1374245,-5.681295,-7.2205424,-6.064095,-5.2598243,-9.25528,-12.7544365,-9.756422,-11.040383,-11.993834,-9.0274725,-3.6718285,0.40433007,3.3283842,3.363693,1.5743506,-1.7321465,-3.817947,-5.204354,-6.5626645,-5.722549,-8.369888,-7.984898,-5.7433167,-5.694115,-6.188115,-9.901925,-11.385206,-5.816986,-3.6103187,-2.755797,-1.4043428,-4.73333,-11.218861,-9.447763,-6.2814074,-5.1386414,-5.106473,-8.480427,-11.140866,-9.129787,-11.800767,-12.341295,-11.229157,-9.157238,-4.7307177,-5.9804754,-10.415573,-12.075959,-16.209026,-19.863531,-15.338716,-10.532569,-10.435838,-4.5965424,6.8674726,8.543169,0.62990665,-1.7773578,-1.7182928,2.3900967,4.804637,0.45764828,-2.0731273,3.0256686,8.051559,9.943553,7.131094,-2.045016,-6.348081,-6.449238,-2.617508,6.2068806,12.389908,16.511208,18.05744,18.637987,18.849323,16.69461,14.429834,9.065435,6.3699207,3.456185,1.9288733,-1.0673274,2.3372722,4.602435,6.8279314,2.9049351,-2.806455,0.92859596,1.7855018,-3.7391627,-7.8268714,-6.7089167,-5.810195,-0.047520343,0.08181523,-3.7737513,-10.359152,-12.776818,-7.1038394,-4.155535,-4.0135436,-6.186087,-9.567819,-6.0600176,-2.646823,-2.1233132,-3.0450377,-8.260926,-10.494675,-8.616372,-8.005682,-1.4210254,0.2526828,-1.2663686,-0.4607141,-3.1703658,-7.457165,-10.747305,-12.989103,-14.242602,-17.930851,-13.124913,-11.336798,-6.913398,-6.500652,-9.780642,-7.1038146,-1.0310136,1.3197865,2.6738577,-0.07686562,-1.8523316,-3.9488232,-3.4057333,-3.2856722,-6.1463,-7.245549,-10.923122,-16.51086,-23.033035,-18.300747,-18.40898,-19.842468,-14.481272,-4.9955664,-3.7106702,-5.5940967,-2.8337045,-1.4935575,-1.9088821,-4.111985,-7.3843346,-12.791676,-17.247612,-8.9643135,-4.6017404,-1.4638653,0.018120633,-0.3181762,-0.24981198,-0.5070459,-3.0143378,-8.788746,-10.691857,-6.092211,-5.2855754,-7.163825,-7.6443024,-5.307519,-4.2186112,-3.535727,-2.459424,-2.609828,-3.8076177,-6.207209,-8.248023,-11.722925,-10.91631,-4.231022,-2.3662772,-1.8012954,-3.2731748,-2.7879043,-1.9790887,-1.6044546,-1.2601732,-1.4287307,-2.647993,-3.5404763,-3.0954268,-2.9381704,-3.166459,-3.541397,-4.6278243,-4.3181267,-1.0816003,-1.2893376,-2.834415,-5.172328,-8.56244,-13.037502,-16.920605,-18.403805,-14.483171,-8.497086,-10.780783,-9.379483,-9.833511,-11.842499,-11.612967,-9.961374,-9.73113,-11.10664,-5.3363686,-5.333314,-3.6961317,-4.427292,-8.670204,-11.767631,-7.425034,-4.946949,-7.8168273,-9.014676,-5.8945913,-6.6326904,-5.8048053,-5.836258,-5.0174475,-3.8760087,-8.115636,-8.254327,-11.409006,-18.83425,-18.981068,-14.611795,-14.476327,-16.767607,-16.857145,-17.562178,-17.178463,-22.549438,-25.378923,-18.629562,-17.857754,-21.615898,-18.488928,-9.991095,-9.4011,-13.225468,-7.689831,-8.284023,-6.596568,-6.775752,-7.264385,-7.4992137,-5.696816,-4.080698,-4.569231,-3.7851143,-5.562646,-14.967218,-13.76793,-14.9800825,-13.07828,-6.0063844,-6.433588,-16.128029,-20.582907,-22.495838,-18.933844,-19.238304,-21.495083,-23.893797,-21.62352,-19.492985,-18.58023,-16.311853,-14.109106,-12.064085,-11.22943,-10.702328,-8.844775,-8.070854,-9.050878,-10.5446615,-9.838098,-7.7137,-8.977082,-10.455717,-13.354131,-12.209946,-11.95508,-14.42656,-16.36008,-18.364708,-18.846292,-19.547691,-20.23844,-9.432317,-4.935827,-9.642503,-17.209509,-17.612,-15.928012,-19.846848,-26.455696,-22.62838,-20.25154,-18.312609,-20.62135,-18.750462,-19.024633,-21.610376,-24.715153,-17.213932,-9.403193,-11.161669,-16.091064,-13.705683,-13.303237,-18.603664,-20.77118,-22.64249,-20.354414,-17.828901,-5.0384207,1.0467612,-0.6048161,-10.9934635,-11.876363,-8.084946,-10.945491,-6.6065784,-7.2157664,-16.933311,-19.55339,-17.862762,-17.098934,-15.878869,-13.47919,-17.736656,-18.243214,-17.684135,-19.840122,-17.810339,-21.479332,-21.223598,-14.059671,-15.899315,-16.434952,-12.812505,-17.080976,-16.663208,-14.708517,-16.54119,-16.253147,-15.680464,-17.792458,-15.258011,-15.686933,-15.028273,-16.212667,-20.166256,-20.31556,-15.565659,-14.878416,-7.759443,-7.006695,-12.965783,-19.028257,-24.118357,-28.36607,-21.899895,-19.390055,-23.323069,-23.127834,-17.225159,-17.426037,-21.37433,-22.192545,-28.824978,-28.868286,-24.179852,-21.003096,-17.291382,-15.353657,-16.027912,-21.818659,-23.671692,-24.555141,-26.931137,-27.565819,-24.809307,-24.448956,-26.091692,-23.818684,-19.96515,-22.958416,-25.956879,-20.781641,-19.721268,-7.606936,-3.5725837,-10.096484,-17.225672,-21.143059,-19.48206,-16.645422,-20.691544,-28.621405,-24.042082,-17.9604,-17.780415,-15.634469,-15.328239,-14.098957,-16.239088,-18.283049,-10.328392,-7.949499,-11.300304,-11.525423,-7.0760965,-5.367672,-8.403243,-11.870856,-16.328527,-14.7442875,-11.895104,-11.600399,-15.19991,-17.286976,-16.807846,-17.419905,-14.213468,-4.1603513,-0.79335207,-7.2020454,-21.075409,-6.548953,6.1442013,7.0025845,-1.9767864,-6.4361877,-6.358981,-9.1546755,-10.946251,-12.745874,-16.33896,-12.307147,-9.019818,-7.5278974,-7.0761833,-9.882125,-7.4727964,-4.773317,-4.6728134,-9.177801,-12.119599,-9.445403,-6.739554,-6.087382,-5.792841,-6.678326,-7.8399396,-10.839161,-13.880463,-14.132549,-10.1699915,-5.193906,-7.393017,-11.459832,-9.28901,-7.9056954,-11.269863,-9.394695,-6.9052477,-6.7997894,-7.191025,-7.0418377,2.5475261,7.3875437,9.765703,9.35368,7.1512327,1.7604445,0.41958147,0.10791886,-0.41873473,-4.3909044,-8.154099,-9.19059,-5.7158275,-3.8363245,-7.91676,-9.423069,-11.980787,-10.417711,-16.171852,-18.658691,-13.658599,-11.911355,-3.6035583,-3.4706256,-2.033272,-0.41920227,-2.2600179,-5.3013,-5.614439,-4.362738,-3.5994391,-7.0050435,-9.130273,-9.424664,-7.6521087,-8.848738,-12.191372,-17.672039,-17.333263,-7.105976,-4.25314,-4.566189,-3.2589998,-6.8152742,-12.641187,-16.719276,-17.058704,-19.05904,-26.514112,-28.71236,-13.422649,-8.773249,-8.002125,-7.965083,-8.756241,-9.828988,-7.411359,-2.877414,-1.980939,-6.40481,-6.779333,-9.380441,-12.095812,-8.632487,-8.035258,-10.758179,-5.862176,0.44328946,1.4143295,1.5347211,-0.72754914,-8.475057,-10.165146,-6.355917,-7.0345883,-9.478212,-18.28789,-15.5125885,-10.86019,-8.688532,-8.132413,-7.6894665,-7.43548,-8.20259,-10.233191,-10.823986,-10.854921,-11.133733,-13.848075,-18.522871,-10.886246,-1.30071,-1.4355386,-2.950733,-6.35758,-8.658666,-6.420223,-5.3689413,-5.9248524,-8.778244,-12.957802,-7.9511957,-2.6100893,-1.275516,-1.6825631,-3.11399,-5.835331,-4.6424437,-0.4061931,0.29029864,-2.4949362,-10.310184,-10.3598385,-9.63925,-10.02657,-9.034269,-10.118229,-15.517101,-14.912432,-11.515965,-9.891308,-9.003467,-11.135987,-18.838259,-8.391987,-2.6503065,2.1762156,2.443828,-1.1299822,-7.0574813,-6.4306793,-2.5889013,-2.677983,-2.8839147,5.459324,6.6449065,0.8432989,-3.818418,-1.046641,-0.25067,-3.3445766,-1.6027617,5.692453,5.4705944,3.26993,0.53327197,-1.2357231,-2.0094543,-1.4048618,-0.73269296,-1.6427916,-3.1804883,-1.9846028,5.480721,6.579997,1.7096801,-3.2515707,-4.0571074,-6.7856383,-6.758011,-1.8732483,7.6094074,10.093812,6.0787797,-0.16219795,-1.5171595,-2.7549956,-4.911571,-4.2015786,4.8274126,6.3535957,7.3672843,5.874858,-0.2661788,-1.7093501,-3.664366,-1.3517271,0.9140044,3.0063033,6.97854,7.2756567,5.519208,3.2292447,0.25822034,-2.0589645,-5.567425,-6.3165865,-3.063549,-4.326627,-2.21837,5.2524176,5.6542754,0.5520011,6.685858,10.807681,12.904898,13.954498,9.528516,2.5973258,7.9193296,13.945656,11.484459,6.9672728,6.9557576,2.3260639,0.7937446,3.9829702,1.7787468,-3.9350376,-4.017449,0.57644147,-0.25138143,-0.82050264,-1.6183906,-0.95847136,-2.4271634,-7.397599,-7.9924655,-6.8312845,-7.65428,-14.793548,-8.580728,-6.9911046,-6.072794
-10.773111,-13.772024,-13.536804,-13.051657,-13.231472,-13.989199,-15.785455,-17.018354,-16.86874,-18.095922,-19.432775,-21.414139,-22.380304,-19.558167,-12.769357,-8.955465,-12.0518875,-18.350468,-17.736187,-17.338985,-17.480515,-17.393862,-18.243229,-18.414244,-17.012077,-20.28803,-22.560995,-22.300074,-21.209965,-20.80355,-14.49953,-5.288427,-4.611899,-13.422742,-20.208275,-22.107338,-20.342844,-24.008957,-28.692892,-28.065329,-29.387775,-29.96335,-25.636997,-22.539846,-25.182531,-31.24793,-26.73952,-10.361422,-5.933196,-6.8421574,-5.192373,-4.900283,-4.5444384,-4.5713844,-5.5653744,-6.994846,-8.364466,-9.601971,-11.259415,-12.469439,-13.787271,-14.765989,-15.735598,-15.846013,-15.013699,-15.168611,-10.489742,-8.666052,-12.427382,-14.062171,-15.146597,-15.566948,-16.51051,-15.782175,-15.352851,-16.235048,-17.019451,-17.037043,-18.0415,-17.401175,-17.69752,-20.31106,-17.750475,-12.82441,-11.812752,-15.944317,-16.114677,-17.212852,-17.37736,-16.59351,-17.241373,-14.70293,-13.439617,-11.169474,-12.088552,-19.953136,-17.682682,-15.777205,-16.790125,-6.77534,-3.1173787,-3.3730464,4.229055,5.550983,1.0727398,-4.6273828,-3.4328084,-3.4863937,-6.76653,-5.950417,-5.1681046,-8.467892,-9.98232,-5.4948754,0.10962244,-3.2210116,-12.987789,-10.001602,-5.838582,-9.575326,-11.011387,-11.027094,-9.869728,-2.398081,-2.721993,-7.1283083,-5.778353,-10.165237,-10.797609,-9.405102,-10.796659,-8.478974,-10.109783,-15.863763,-11.780377,-7.1419077,-10.291757,-15.314502,-20.786804,-23.49986,-19.327578,-16.622936,-15.7869005,-13.856071,-17.462751,-18.165146,-17.227503,-24.261871,-26.741215,-21.936247,-21.029297,-16.728893,-10.651797,-14.530722,-13.292637,-11.107265,-12.369536,-13.236779,-14.072023,-18.662146,-19.850733,-20.15818,-20.31579,-22.210392,-22.215023,-21.882658,-23.447798,-21.09684,-9.231296,-6.9883633,-11.65254,-14.955959,-19.221743,-22.116297,-21.269123,-24.338612,-26.34201,-22.851646,-22.151157,-18.560457,-14.396411,-12.734052,-14.291364,-15.125,-21.116705,-22.912292,-16.728241,-11.161146,-8.837182,-7.8376617,-7.9962597,-6.154187,-1.7638023,4.8378005,6.3144703,-0.8063514,-6.8685217,-1.7543056,-4.4563355,-7.5546675,-5.9250474,-8.598296,-8.4004545,-4.70413,-5.1500835,-9.541579,-2.8323019,-3.4165597,-6.734192,-12.410651,-13.751514,-11.736579,-10.954973,-16.977795,-14.534446,-9.540624,-12.004138,-16.43548,-19.290754,-16.804628,-11.336144,-8.905085,-10.869892,-11.69876,-15.903889,-14.279196,-13.519285,-16.81053,-15.95563,-17.310024,-17.013231,-16.98218,-18.817411,-22.028055,-24.099968,-21.688267,-20.904804,-11.484749,-11.042582,-15.59979,-21.076656,-19.396307,-16.554531,-7.726283,-7.1822653,-12.82227,-17.685783,-18.220457,-11.5960045,-5.244853,-5.776713,-6.5761576,-11.970931,-13.6023245,-9.2258415,-9.020852,-5.407553,-3.9658222,-8.68737,-8.583564,-2.4439464,5.0206494,6.1171365,3.782156,0.3376878,-6.2021284,-12.982403,-10.718236,-9.596764,-10.201801,-3.912332,-2.5129943,-2.7260735,-2.132526,-0.84651774,-2.7312007,-3.1084566,-3.544221,-4.34432,-4.507549,-6.2825418,-6.2670507,-7.520375,-6.7674565,-7.648461,-8.869526,-9.845688,-10.053881,-5.7056217,-8.383256,-10.727249,-11.107719,-11.605345,-11.587876,-11.503495,-12.251238,-13.828,-16.002213,-12.879879,-12.034016,-13.524002,-12.355491,-12.49179,-13.146501,-13.544533,-8.646437,-8.623653,-7.0085573,-8.080949,-8.726512,-9.534905,-10.657096,-10.898236,-11.697754,-12.0136175,-12.962879,-12.213906,-14.459582,-18.229057,-21.28889,-21.73607,-22.187902,-19.348156,-14.639875,-17.71832,-19.746563,-20.573103,-18.568459,-13.3098545,-9.086811,-10.170545,-7.8319354,-8.966984,-10.939342,-15.571882,-18.785353,-12.240602,-9.45515,-9.298206,-2.0006628,-1.11565,-3.1217859,-4.864736,-8.48246,-9.249213,-11.10087,-9.414318,-11.736489,-13.3138485,-12.8016,-18.273527,-15.175051,-13.853723,-11.514557,-8.457836,-10.681162,-8.535888,-5.665818,-4.8423285,-3.6873863,-3.552114,-2.5469484,-3.5142741,-3.7194161,-4.777338,-6.592739,-6.706157,-6.559937,-6.783702,-7.57333,-7.5181265,-6.7437544,-5.33689,-2.2215292,-2.8181827,-6.392157,-6.5705833,-9.142501,-8.637029,-12.175651,-11.364262,-10.746636,-6.6140137,-5.2366858,-8.567963,-11.789074,-12.047668,-10.960479,-11.51526,-4.281451,-0.6152977,1.5147431,2.8380895,2.2082138,0.3394334,-1.4846517,-0.28023311,-0.38693714,-1.3652478,-5.419526,-8.874173,-4.8866405,-2.3402953,-3.0582047,-5.7648063,-5.6261353,-4.606698,-3.7963686,-7.036658,-3.197204,-3.8176296,-7.4227858,-4.9844637,-3.5513544,-2.6029003,-2.987,-3.5145628,-5.7687206,-9.890688,-8.38829,-7.3134255,-12.351865,-17.626635,-18.649796,-11.175335,-6.489988,-7.4957933,-6.664086,-7.784605,-7.751917,-7.381461,-8.781248,-9.440874,1.3348687,2.4812927,-6.972908,-7.129923,0.90578604,0.029943416,-6.0416203,-5.4515142,-4.814382,-4.5031114,-0.25337565,-0.8005619,-5.9794703,-10.186489,-13.8194475,-16.95884,-11.246092,-9.414526,-11.558599,-3.974737,-0.51313215,-0.55833197,-6.3305497,-1.6117086,5.6054125,8.649309,4.029861,-3.5693967,-0.043221306,0.82638943,-3.4327521,-6.3293657,-6.143746,-9.542256,-9.392855,-6.1816063,-6.889425,-7.1364923,-7.19123,-10.542359,-12.06316,-10.247452,-10.469159,-10.642818,-9.280935,-11.478959,-12.91913,-10.30553,-13.207632,-17.05468,-12.768849,-12.482776,-10.56584,-12.028951,-10.173981,-8.534335,-10.062958,-12.013651,-11.642145,-7.7587123,-3.8272228,-4.9310365,-4.5655804,-4.6964483,-4.588702,-3.5669594,-3.5510783,-4.7395606,-5.9273443,-5.9080215,-2.8226428,3.1611118,3.1958876,3.927288,12.482553,16.290712,13.132345,8.936714,7.823037,0.4849766,4.509908,3.0530047,-1.4442077,-5.6822586,-4.8074894,-2.836121,3.5366473,3.7422082,0.47480053,-1.5684383,-5.999485,-3.246784,-1.3370469,-2.0287154,-0.32103804,-0.17711896,0.07661163,0.6404579,-1.1208172,-1.4169669,-1.6119812,-4.4629593,-3.1078677,-3.6146367,-1.7060649,-2.8116796,-3.9823878,-5.3884363,-5.5445642,-10.189878,-10.980732,-4.242745,-2.9211876,-4.3315287,-7.5655456,-5.0722713,-2.688785,-3.8322158,-4.1959553,-4.469036,-5.096545,-4.833474,-8.350286,-10.003871,-10.122807,-10.890789,-14.923962,-14.558555,-13.483624,-8.316228,-4.9797497,-5.944002,-10.967212,-11.519129,-13.189428,-13.936611,-13.852695,-15.657005,-8.047595,-5.8577676,-6.865954,-10.025866,-15.577416,-16.17415,-11.217924,-8.050496,-6.456039,-9.665766,-13.066053,-11.237082,-11.276332,-10.59663,-10.768408,-8.9660425,-5.2598095,-5.685966,-7.0151,-10.221244,-11.726486,-8.279469,-11.80789,-14.944659,-9.308725,-3.5074716,0.0640916,0.6712624,0.6044502,-0.91615176,-4.5918612,-6.8858356,-11.058597,-10.275974,-6.742005,-7.7800775,-7.4074626,-5.2258387,-8.069404,-7.7213326,-12.234291,-13.322419,-9.252008,-6.1358695,-2.344522,-3.0475855,-9.002545,-13.515532,-11.908808,-9.335562,-8.105468,-5.7276697,-7.664127,-8.528555,-6.513772,-10.660152,-15.837708,-8.896072,-4.4877796,-3.7456596,-4.858377,-7.7699594,-8.465384,-13.835031,-12.237111,-11.326191,-11.211517,-10.519938,1.227342,6.2099667,1.821202,-4.010922,-5.393252,-2.4156315,6.063739,5.6549997,-2.265053,-10.334443,-10.480147,-3.1087966,-4.0000544,-3.58582,-8.078695,-10.896025,-8.665306,-6.1950665,-3.261576,-3.690704,-9.924073,-6.2179728,0.337957,8.479212,11.398906,7.204809,1.8368291,0.45171744,0.5999212,-4.333288,-5.585725,-4.7450533,-8.617508,-6.788628,-7.767002,-8.72443,-7.248328,-10.134969,-18.377937,-14.786262,-13.019458,-13.819722,-7.1175013,-7.079485,-8.005482,-14.322349,-18.00357,-17.614649,-11.485844,-9.800021,-14.425664,-15.676283,-10.700653,-7.480938,-7.4025607,-8.740958,-9.461557,-10.044062,-10.344104,-7.7814965,-5.70942,-4.2145705,-2.8286538,-3.3362684,-5.7895393,-10.233983,-11.918173,-11.697822,-11.932063,-18.173836,-20.725842,-14.86079,-6.593377,-6.3891354,-10.583263,-6.918528,-3.6028287,-1.1792555,-1.5840136,-3.7747617,-5.478278,-8.015753,-6.4733686,-6.3413577,-8.720252,-9.753744,-13.263469,-17.780283,-18.477888,-17.952362,-19.183222,-18.575245,-12.507774,-4.1228156,-4.1796308,-6.3640094,-2.9399297,-2.5246644,-3.758299,-6.1073875,-10.101715,-15.62545,-17.515854,-9.287665,-5.572504,-3.4337826,-3.1559489,-3.8767574,-3.1369562,-4.4365134,-8.089369,-9.922842,-10.796796,-8.943628,-8.362152,-10.472591,-12.782727,-9.52,-8.068669,-7.274074,-5.595136,-5.5797725,-7.1922536,-9.604377,-11.210828,-14.192952,-9.64228,-4.632041,-3.376956,-3.3787286,-3.9434972,-3.834109,-2.909225,-3.2584252,-3.3406565,-3.8087583,-5.1400814,-5.889282,-5.685049,-6.089046,-5.831451,-6.3194094,-6.754191,-4.434741,-4.244029,-2.952073,-4.859273,-6.363693,-9.609078,-14.739629,-18.326096,-24.775959,-17.550339,-13.509888,-12.043514,-8.713599,-8.861222,-8.187826,-9.927614,-12.824611,-4.5612016,-2.7749038,-1.6273053,-1.01958,-2.735567,-2.3426068,-3.6985896,-5.526367,-5.42643,-6.764434,-6.278409,-9.66161,-11.199438,-17.200104,-16.57647,-12.2235985,-13.920875,-13.574716,-10.346445,-11.090275,-12.055025,-12.043701,-13.573427,-12.893137,-12.712621,-12.9754505,-11.940102,-13.256112,-12.367521,-12.43925,-16.68997,-15.590419,-18.758806,-23.185816,-17.617565,-10.592289,-7.3616977,-11.550612,-11.292763,-11.475933,-12.387361,-8.468134,-7.889287,-11.454519,-13.886377,-12.685342,-9.769772,-8.269626,-11.169835,-16.94299,-16.002525,-17.679613,-17.05388,-12.14839,-14.10474,-21.204933,-24.542482,-25.240667,-25.497236,-23.132383,-24.494722,-27.968327,-28.880198,-28.304684,-27.127983,-24.51445,-21.411411,-22.387524,-22.945803,-16.020443,-10.64566,-9.827744,-7.5555897,-7.8237276,-9.153864,-11.455622,-9.731235,-11.190807,-14.407395,-13.9574795,-16.107748,-17.092236,-16.569515,-13.967095,-13.6095085,-15.090567,-14.578284,-10.442709,-8.260123,-10.267555,-22.296082,-18.60581,-19.384554,-20.91326,-21.13332,-22.159433,-21.485775,-18.839441,-19.428642,-17.727905,-20.484959,-23.39261,-26.702831,-20.8302,-11.19733,-12.945517,-18.797232,-17.149738,-17.835606,-20.671192,-22.432089,-25.695004,-27.666685,-27.709358,-10.724191,1.2674505,4.441331,-0.8717492,-5.3049903,-5.128202,-9.161597,-5.9276304,-7.5548606,-11.289944,-12.9734125,-12.990413,-16.354439,-10.2545185,-8.647005,-14.93333,-20.332619,-18.82725,-16.699434,-18.64942,-20.887115,-20.488983,-12.438099,-8.532704,-8.125775,-8.177286,-10.15616,-9.657248,-9.911612,-9.200786,-9.36463,-11.48506,-10.329474,-9.725342,-12.177678,-16.48746,-14.963636,-12.630087,-12.679817,-12.549877,-11.350866,-5.7379932,-7.046724,-10.009843,-14.462367,-13.72758,-13.945666,-13.298186,-14.464062,-15.365285,-14.917795,-14.844265,-15.040798,-15.497079,-15.043531,-16.640844,-14.961838,-15.379684,-14.998241,-13.274341,-12.30275,-14.149761,-16.432213,-20.19128,-18.354885,-16.152014,-15.112547,-14.8210535,-15.878685,-16.713768,-17.402962,-16.557186,-15.924758,-16.145456,-17.043707,-16.259487,-10.00416,-9.224454,-13.506631,-16.827948,-17.50322,-18.319256,-19.057404,-20.491991,-18.457546,-17.289036,-20.2873,-24.795135,-19.746624,-16.512085,-15.549363,-14.687203,-14.957967,-11.507707,-9.624826,-13.930205,-6.8001914,-1.570652,-2.3492918,-1.4112842,-2.7195132,-4.614913,-7.743202,-8.763613,-12.545889,-16.359547,-11.679224,-7.6363745,-7.854669,-6.908534,-1.2311767,-0.47230607,-5.4803295,-6.4474435,-7.3689675,-2.479101,-4.692606,-13.343891,-12.031109,-9.723584,-11.255712,-9.970759,-7.41315,-7.0086813,-9.76091,-8.497267,-4.8361454,-4.382331,-9.404735,-10.97394,-11.316752,-8.906234,-9.774645,-9.643664,-14.971479,-14.500793,-13.695602,-14.971056,-8.207657,-6.436844,-11.040237,-14.023981,-13.932971,-9.086606,-4.371653,-7.206485,-13.662832,-15.989824,-14.672771,-14.630678,-14.199014,-16.384384,-17.188457,-17.306564,-9.236778,3.53548,7.1627035,3.3590217,-2.0515006,-1.4741617,-1.1496426,-4.4237747,-2.4600627,-5.566307,-8.925913,-10.698641,-10.669905,-7.524046,-5.8564377,-10.272842,-15.328721,-16.371178,-10.737362,-12.738457,-17.293251,-16.771587,-15.6602745,-10.498868,-9.984546,-5.159479,-1.7575588,-2.8066115,-4.9848337,-5.173436,-4.2848406,-3.683786,-6.9021916,-9.623705,-10.58897,-9.1612,-10.25484,-14.33537,-18.871723,-18.191687,-10.104798,-5.8944864,-5.744273,-4.469672,-3.6254058,-5.750683,-11.431049,-10.019344,-11.445055,-13.4660015,-13.389726,-8.24137,-6.8456964,-7.8530493,-7.427122,-8.180044,-8.336946,-6.107955,-4.903627,-9.478479,-9.44782,-8.569962,-12.449911,-14.723834,-12.023317,-12.175174,-13.638798,-7.8090434,-3.841355,-3.7995868,-2.1793811,-4.01246,-10.8490095,-13.49651,-6.2023582,-5.3267055,-9.094661,-15.671307,-13.374939,-10.066861,-8.848396,-8.397296,-8.286475,-8.096186,-9.376661,-11.421679,-11.72881,-11.776094,-12.592075,-15.574024,-18.453053,-8.833216,-1.9797931,-2.0234756,-4.222671,-5.642352,-7.7734356,-7.651183,-8.015072,-8.158025,-10.085874,-12.841448,-7.350073,-4.826179,-3.8296847,-4.346139,-6.8941264,-10.891441,-7.3545675,-1.778655,-1.0038981,-0.5324014,-6.012859,-7.411088,-4.406849,-2.631761,-1.2001822,-0.7807362,-0.96667683,-2.5063076,-4.3804727,-6.061499,-7.138207,-10.639428,-13.885151,-8.334104,-2.73052,0.43170807,1.092417,-1.5315938,-5.530223,-5.0417204,-3.5838795,-4.7983894,-5.552559,4.0572004,5.6055684,-2.7545762,-5.3913803,-1.422312,-1.2280576,-1.8192313,-0.7976144,2.9874275,3.098455,-0.12945041,-2.9664788,-2.3716404,-3.9886823,-3.302971,-2.9886856,-5.3127575,-7.276038,-8.627845,-5.5463448,-6.4676695,-7.35149,-9.721975,-7.51199,-5.5421114,-5.741047,-5.739896,-6.8798885,-5.6436057,-3.1445427,-4.681895,-3.073495,-2.0935445,-5.8611717,-9.892074,-7.987932,-1.9129783,0.39654955,-1.900189,-6.099956,-9.009264,-13.483223,-6.420538,-1.1689793,1.2745073,3.698071,3.9281604,1.12609,-2.1894054,-4.4935985,-8.599312,-7.5695806,-4.0279865,-2.4808865,-6.9525714,-7.002683,1.5239583,3.2005167,-2.220004,-4.969978,-7.4521294,-1.7955031,2.5854588,-1.6566433,-6.6264906,6.108712,15.203637,14.886274,7.6852427,3.3465383,2.7506948,0.2662714,4.0270085,3.1663644,-1.1884223,-5.460004,-2.108918,0.024858976,3.4029489,2.2139914,-0.48192593,-5.467252,-10.207849,-5.468771,-3.5821714,-7.696323,-15.093122,-9.596952,-8.439903,-5.9622917
-19.22816,-20.964615,-19.065527,-18.93526,-17.367195,-19.034435,-20.549553,-20.941963,-19.691984,-21.066607,-23.77527,-27.372272,-28.877628,-21.838814,-9.433702,-7.21679,-11.98704,-13.305,-15.228129,-15.281265,-15.830179,-16.577597,-16.798841,-18.047503,-18.599619,-19.428078,-22.558475,-21.247004,-20.790333,-21.048546,-15.840857,-5.271625,-4.453663,-13.038373,-21.119707,-21.895172,-23.873047,-25.650024,-29.42604,-28.056293,-25.039988,-26.671833,-24.196388,-23.315224,-25.580502,-31.431887,-29.92898,-14.588589,-8.760051,-7.104816,-6.457816,-5.5834513,-5.3289957,-5.6513233,-6.5905466,-7.9670215,-9.46075,-10.718417,-11.919119,-12.964252,-14.784252,-15.617366,-16.369404,-16.68321,-15.517755,-14.7391405,-11.221939,-10.126714,-12.914215,-15.431319,-15.645536,-15.994496,-16.56937,-16.642572,-16.538649,-18.320557,-18.953747,-18.931671,-20.307823,-19.428474,-19.733864,-22.17627,-20.701538,-11.09095,-10.368649,-17.782946,-16.313822,-14.798242,-16.970074,-15.888963,-16.080927,-14.3634615,-8.9099045,-8.017432,-11.481188,-19.714546,-19.994495,-18.122229,-17.297857,-7.5197124,1.1161826,0.47385967,-9.52745,-14.43165,-12.705685,-13.050512,-13.065439,-15.33358,-16.694887,-14.712843,-10.02664,-5.359577,-3.3887758,-1.0112071,-0.20891586,-5.996427,-13.851975,-7.48639,-3.6149735,-7.6443725,-10.247966,-11.09832,-13.422309,-0.5847079,0.9287026,-6.110931,-6.129715,-9.5917225,-8.146124,-9.002979,-12.595995,-9.227444,-8.757409,-13.50986,-8.620657,-9.545234,-14.196833,-15.659908,-15.89584,-20.980597,-18.504128,-16.730263,-13.866018,-13.313884,-18.729504,-18.213676,-18.094917,-23.129913,-24.62841,-26.587408,-21.978874,-13.9577465,-8.701702,-13.251437,-12.19994,-11.723527,-15.242495,-19.373756,-19.765661,-18.029327,-18.485992,-23.50092,-23.111227,-22.803095,-19.847485,-18.558386,-21.644962,-19.485968,-10.652079,-7.9721475,-11.425591,-16.96525,-18.843533,-20.513786,-20.165434,-23.725124,-26.76007,-22.84765,-19.902607,-13.8744545,-12.313892,-15.605836,-14.184164,-13.852869,-17.669006,-19.778187,-15.78137,-11.621307,-8.411826,-7.738257,-9.014041,-9.474334,-9.910742,-10.048269,-6.959983,-10.171511,-12.228737,-15.053467,-17.053911,-16.530369,-12.72442,-12.837472,-10.352152,-8.625969,-7.7697563,-12.851349,-7.3947167,-2.0402207,-0.30313876,-0.26362273,-1.8360047,-3.563751,-4.7358084,-5.788829,-7.005686,-7.493739,-9.730166,-12.390474,-14.836265,-14.22085,-9.679307,-10.403241,-15.018505,-15.391951,-18.251137,-14.828073,-14.150382,-16.585989,-15.554331,-14.299754,-14.660538,-12.886986,-16.205933,-18.040632,-16.454273,-14.908243,-14.902978,-12.524094,-14.851523,-21.093197,-25.331818,-23.78764,-22.222193,-14.0654,-6.7030187,-6.4152546,-4.839252,-0.6384649,4.0149217,5.7576714,3.4411323,-2.0565584,-11.363893,-11.873468,-9.9775715,-13.89186,-8.686896,-1.7947783,-1.0371294,-1.654917,3.193947,5.818884,4.093146,3.4941711,1.962779,-3.8940263,-9.88872,-9.68748,-5.99152,-6.8855915,-3.5162892,-5.2525015,-12.732208,-13.425794,-10.9084015,-12.906275,-15.584681,-14.33421,-16.67557,-16.452785,-14.595646,-18.239248,-19.76156,-17.227222,-19.321884,-22.3438,-24.362236,-16.479252,-6.750372,-8.326664,-15.061532,-13.209723,-13.264985,-14.553203,-13.871016,-15.342735,-17.887499,-23.526766,-25.002724,-21.934225,-22.04016,-18.885086,-18.475964,-20.00334,-18.038843,-10.32999,-9.153193,-13.639448,-21.6517,-23.267248,-25.328327,-26.162308,-24.291664,-27.823858,-27.144836,-25.454786,-23.095463,-24.631817,-27.008617,-26.38631,-28.2766,-21.84736,-17.135515,-13.288528,-19.616875,-28.16121,-30.07647,-31.955029,-29.893896,-25.538485,-24.825436,-21.658583,-23.280298,-22.99924,-24.061995,-27.338419,-25.43173,-25.272804,-18.526136,-7.6178813,-7.379344,-17.98016,-23.646753,-25.70084,-26.083317,-27.456476,-29.038763,-26.924065,-25.995377,-33.8284,-27.766258,-26.98391,-25.621109,-24.468159,-25.799505,-22.331566,-9.062054,-5.2586546,-5.2258387,-3.7580607,-3.4168558,-3.3206866,-3.1982665,-3.8540628,-5.7808647,-7.7796893,-9.153969,-8.130346,-8.085975,-8.219786,-7.28376,-7.0268593,-8.349232,-7.7878675,-5.7952857,-8.897045,-8.516494,-7.7959805,-9.651421,-9.853269,-10.206999,-10.318994,-9.613743,-9.446582,-8.717044,-7.418516,-11.050881,-11.4261265,-11.16076,-11.856908,-11.879822,-11.259569,-17.812977,-20.941742,-23.08341,-18.748558,-21.088531,-17.887524,-19.114819,-19.814972,-17.072512,-12.27063,-10.842438,-15.5878315,-17.642742,-13.726239,-10.20244,0.4522526,4.8472195,1.9768463,-6.2519555,-18.173773,-22.525578,-18.48405,-20.03895,-24.900686,-19.88107,-20.401245,-20.776442,-19.463726,-20.031862,-21.85933,-23.232481,-21.362267,-12.845156,-11.777877,-16.66295,-17.588434,-15.761996,-16.449286,-18.546457,-19.79534,-20.445955,-8.588722,-4.419218,-11.21386,-13.533629,-3.137019,-4.4612722,-15.300058,-12.286579,-7.819684,-7.075028,-13.590354,-16.53474,-15.284426,-15.883288,-19.989536,-19.583513,-18.483364,-17.929235,-19.860043,-21.173029,-17.604492,-18.641394,-14.567361,-12.577733,-14.007305,-9.556253,-8.398133,-9.178306,-12.212006,-13.784121,-14.06736,-14.101839,-14.531865,-14.73344,-16.688503,-18.048512,-20.164505,-24.276562,-22.7096,-20.470335,-22.659134,-19.093182,-9.689294,-6.920782,-10.530476,-19.950474,-20.314283,-19.054783,-21.130993,-21.658218,-21.156101,-21.329151,-21.272385,-21.03242,-21.15608,-25.012018,-23.436558,-21.390842,-20.863123,-8.452265,-4.394285,-5.4689813,-5.456924,-5.980644,-5.3403482,-4.269974,-4.082304,-4.828452,-5.4914913,-6.1754966,-1.5423589,2.1051064,0.3188486,-1.727497,-0.18851899,13.046736,15.130976,5.98726,-1.3009646,-1.3449603,-4.8909287,-6.622128,-2.8025346,-2.9296632,-5.0412607,-7.756029,-4.0013146,-5.367382,-2.183967,-2.952229,-4.0509663,-6.3411264,-5.8368917,-5.3594294,-7.4950294,-4.750213,-5.6645384,-8.560282,-5.273929,-2.3611436,-1.9385793,-3.977926,-1.7631115,-1.7630726,-8.717557,-12.726326,-16.48692,-17.907928,-14.694616,-14.964237,-12.574605,-10.227303,-8.839767,-12.23599,-20.151194,-17.396597,-15.415555,-16.143906,-18.433956,-21.495543,-22.428291,-20.414066,-17.51413,-13.092757,-8.370897,-5.1666903,-10.346619,-15.506468,-10.586883,-7.7369804,-11.347778,-12.496327,-14.701495,-16.35648,-18.870237,-16.872173,-19.75658,-17.12276,-13.858833,-15.149168,-16.902004,-20.326962,-25.777096,-24.116337,-12.030674,-9.392248,-11.987183,-11.9414215,-7.675333,-4.955181,-6.4069157,-11.48293,-17.3293,-16.212173,-12.393674,-13.220006,-18.302607,-21.982698,-18.611311,-16.52683,-11.016132,-11.164187,-13.880547,-12.387915,-10.032378,-13.845176,-12.351887,-10.574179,-13.316008,-17.278034,-18.015635,-20.401192,-19.26084,-17.989723,-18.011576,-15.4161825,-15.567589,-21.259687,-22.399197,-15.613127,-9.92009,-12.771529,-19.177858,-10.123445,-11.626948,-24.600952,-28.183739,-25.52237,-22.691486,-21.833479,-20.088234,-19.391394,-20.526907,-16.298893,-12.842951,-8.918408,-4.5684695,-4.8233547,-7.1886296,-12.141739,-10.320978,-11.886277,-11.975502,-8.4087515,-5.809861,-3.5668678,2.2035122,0.791911,-9.708225,-9.957804,-10.215256,-3.207462,4.411812,1.8346479,0.45864853,-0.63153064,-7.219196,-8.316005,-13.928055,-14.344765,-11.976742,-13.907555,-12.025738,-10.576191,-14.465881,-15.728701,-12.193647,-9.038827,-3.9319696,-1.3652539,0.49047235,0.13552132,1.3984506,3.2425122,2.9394367,2.6343493,2.1105745,0.91033924,1.4723307,-0.32952106,-1.2317895,-0.6936296,-2.7419596,-4.0209713,-4.954941,-4.281084,-4.5239525,-4.7496247,-3.577974,-3.2511637,-2.8438973,-5.6461086,-9.1068735,-11.471738,-17.396822,-19.994473,-16.240389,-14.911531,-11.0862465,-8.504055,-7.5909467,-8.262162,-10.217227,-12.55303,-15.956374,-10.197087,-8.3580065,-11.707362,-13.006553,-14.003914,-14.005129,-13.199359,-15.375891,-13.347434,-14.9012375,-19.023148,-18.78383,-18.52836,-15.164293,-16.140043,-15.084104,-12.627085,-4.3830686,-3.193538,-5.6282873,-5.0321293,-3.609326,-3.5832489,-3.351209,-3.8422287,-4.454862,-5.3443284,-8.127985,-7.828903,-4.8214197,-5.781689,-9.178604,-15.413737,-10.031347,-6.9384756,-9.399909,-9.503744,-9.650652,-9.602824,-9.5233135,-10.856562,-13.640787,-15.242791,-16.83131,-18.374464,-17.058622,-16.427979,-16.269766,-15.183906,-17.029634,-17.395523,-12.365011,-8.066586,-6.278927,-7.8351784,-10.342998,-10.628358,-9.964918,-9.269166,-7.970209,-6.705656,-5.8471613,-7.2547574,-7.993188,-7.003734,-7.0642066,-7.1497245,-6.7351418,-7.8759913,-11.026949,-10.536198,-9.460025,-9.347644,-10.001593,-9.795105,-11.768654,-19.979889,-23.929821,-20.947811,-20.790674,-21.72993,-22.467196,-19.408894,-16.842983,-10.759969,-9.389215,-13.210413,-11.727038,-9.122679,-10.686151,-16.452038,-14.194405,-10.086689,-9.417365,-9.76964,-11.255388,-14.454494,-15.370149,-15.750689,-12.298585,-11.285353,-5.6741424,-3.2208874,-3.7663114,-2.6807914,-2.8426366,-3.9090924,-1.6729195,-3.1861544,-5.6567864,-8.125161,-9.541481,-12.079294,-12.946639,-14.801567,-15.046176,-12.518923,-13.882188,-14.273577,-7.743346,-8.740357,-16.00339,-14.6321335,-14.457428,-14.586724,-14.171519,-14.34996,-14.281456,-14.637872,-13.804053,-12.645463,-16.143496,-16.84679,-19.68243,-24.628,-17.606022,-10.800952,-8.407958,-11.28951,-10.829069,-12.634426,-14.262528,-13.009012,-15.439483,-15.8167515,-16.029217,-17.599323,-18.720116,-21.94035,-20.37172,-20.073055,-21.379158,-21.254066,-19.60527,-13.411659,-14.080923,-23.60788,-26.382042,-25.876667,-26.45732,-29.79443,-29.551065,-26.808874,-27.848774,-23.940487,-24.180603,-26.868416,-21.20665,-17.261442,-16.171978,-13.949841,-10.946454,-8.53679,-7.6609826,-8.006609,-9.300004,-11.81209,-13.0284395,-15.157579,-16.754936,-16.232498,-16.636862,-17.243582,-16.554577,-14.796218,-14.209981,-15.672012,-16.148289,-14.956507,-13.712854,-15.974341,-22.282858,-24.075428,-23.69011,-23.809309,-21.278685,-21.63356,-21.778543,-19.960293,-21.17734,-22.985641,-24.675476,-26.453135,-28.788216,-20.31412,-12.651356,-14.954393,-17.245749,-16.647648,-19.398157,-19.553621,-21.944447,-21.539421,-21.36304,-23.4144,-19.91884,-9.261889,0.13354072,-1.3935877,-10.491342,-10.492828,-16.482388,-11.837711,-6.3152623,-7.838915,-13.099708,-12.8520775,-16.68968,-15.901802,-18.334084,-20.74336,-21.573006,-21.33191,-20.652016,-19.016129,-18.751394,-17.232298,-14.9585705,-9.434174,-6.7954283,-5.336295,-8.279099,-8.933319,-8.662876,-8.328478,-8.503728,-9.817783,-9.165113,-8.660027,-12.391301,-16.571829,-15.343418,-12.953146,-12.598721,-12.180998,-12.161937,-6.9782953,-5.941948,-9.967492,-13.63699,-12.620541,-12.764385,-12.554319,-13.975155,-14.252289,-13.698205,-14.407158,-13.493105,-13.908447,-15.757214,-15.321025,-13.404684,-13.997749,-14.832039,-8.67526,-8.931981,-13.360668,-14.483968,-16.852316,-18.949886,-15.264863,-14.266216,-14.286746,-14.670892,-15.680077,-15.832553,-15.166907,-15.116444,-15.723065,-16.332771,-16.028101,-8.671466,-8.940437,-14.530393,-17.089022,-17.716892,-17.162416,-17.75103,-19.060684,-17.106644,-17.406757,-21.156487,-22.73571,-17.031376,-14.950519,-16.224632,-14.013971,-12.224382,-8.582859,-7.23294,-8.764584,-9.27416,-4.2811685,-2.9313302,-2.6995196,-2.017002,-3.428365,-7.949331,-8.565261,-11.981355,-13.874779,-10.174707,-6.9785333,-6.6363077,-5.80886,-2.1736543,-1.5136093,-5.301488,-6.3511343,-7.086501,-7.9266353,-10.893827,-13.233347,-12.439821,-9.071178,-11.11083,-3.628183,-0.538319,-5.656108,-9.988223,-8.590618,-6.4420576,-4.2639904,-6.2818823,-9.39101,-11.00938,-10.444698,-11.258645,-10.876043,-13.538674,-13.676102,-13.644042,-15.312324,-14.079168,-12.4589405,-14.365306,-16.323442,-16.597645,-11.819457,-10.254644,-14.847824,-16.005642,-16.450857,-22.339554,-20.832958,-19.851282,-19.728989,-16.721624,-14.791088,-6.397617,-5.7067084,-8.715317,-14.58592,-17.231297,-13.259367,-11.849068,-12.852354,-15.940786,-18.953695,-21.462584,-19.418013,-18.07989,-18.808182,-18.499325,-20.901943,-24.096691,-24.81033,-22.243383,-24.116825,-24.955244,-25.7823,-28.901396,-18.1692,-11.675357,-13.585485,-21.515944,-19.440466,-23.349037,-27.004976,-23.902996,-28.98814,-24.384241,-23.674328,-28.037457,-30.306366,-24.361984,-20.81455,-25.138733,-21.310757,-15.291758,-10.601701,-10.789975,-12.484867,-10.367331,-11.270346,-12.312769,-12.894969,-13.161062,-14.668467,-13.8036995,-10.972643,-11.161933,-14.858552,-15.689989,-16.326471,-15.193058,-11.757599,-7.8956122,-12.420628,-18.080256,-19.74397,-24.114569,-24.5322,-24.39811,-23.59356,-23.507706,-13.593447,-13.728715,-21.71113,-18.549826,-17.934677,-22.126507,-18.968433,-14.971198,-13.595951,-10.40649,-16.55114,-22.378277,-21.74953,-24.718018,-23.489384,-21.738909,-21.441624,-22.0719,-23.666018,-24.930304,-26.001438,-28.15665,-31.108337,-25.745525,-16.610573,-15.334978,-16.491724,-22.557453,-27.74377,-27.566511,-33.668343,-38.17962,-35.495342,-31.82587,-27.031403,-18.258673,-19.958694,-32.92294,-34.786083,-27.851751,-24.889067,-18.052225,-10.016261,-4.947652,-5.0839667,-9.211895,-10.75858,-5.971219,-2.9116406,-1.7782313,-1.0783188,-0.6692963,-2.4510324,-4.822198,-6.3841248,-8.55533,-11.539384,-13.384433,-9.737132,-5.642853,-4.412532,-5.011238,-7.730441,-8.321112,-7.8691826,-10.137347,-13.822197,-15.682162,-4.698643,-1.9469315,-5.7275915,-11.049192,-8.18736,-7.007476,-5.579829,-2.8329587,-8.933059,-13.992985,-19.09143,-17.281828,-5.8573556,-3.5333352,-8.02821,-7.112636,-9.575319,-15.073152,-20.539925,-21.044868,-19.306719,-21.572392,-5.8440156,3.4156182,5.7514668,2.974431,-4.941377,-12.152429,-13.790427,-13.5193205,-5.131851,2.8099785,4.695371,1.4429555,-9.700443,-11.620317,-9.664381,-8.065383,-9.700004,-11.823284,-12.193245,-13.095772,-9.38115,-7.6301813,-6.976537,-13.128357,-15.679756,-17.103363,-16.155418,-11.666078,-8.729206,-8.133263,-10.17695,-18.22324,-18.870775,-23.456799,-15.075746,-11.347519,-10.177841,-10.570068,-8.259073,-10.59848,-16.919256,-18.458658,-15.632818,-7.120213,2.5131106,0.8736306,-6.2382917,-9.354594,-11.855326,-14.947502,-18.648823,-15.0865345,-13.598835,-14.533239,-13.859083,-10.155638,-6.593227,-10.291728,-15.543186,-17.938025,-18.20288,-17.591648,-18.197094,-19.620459,-20.195972,-19.29288,-18.127712,-9.898032
-26.94691,-27.540272,-26.988184,-25.007416,-25.8409,-30.891556,-32.461304,-31.709497,-30.728855,-29.703766,-29.347313,-29.265213,-31.739996,-24.454088,-13.142986,-9.328577,-11.516836,-13.338995,-18.563704,-17.914005,-18.98874,-22.20504,-18.885748,-19.315598,-18.90538,-19.107502,-20.325668,-22.427906,-22.662905,-22.513287,-18.29253,-6.8057227,-3.8064194,-10.226947,-18.771708,-25.845182,-26.754185,-31.753105,-31.583712,-28.667334,-26.809582,-23.655159,-25.858936,-30.721489,-32.838196,-35.85582,-33.68121,-26.620638,-10.646819,-7.7793117,-16.222061,-33.14828,-33.6087,-35.885185,-35.725006,-37.032616,-34.13641,-34.6749,-37.320835,-39.615044,-38.600666,-38.796764,-40.956894,-40.707077,-29.835398,-17.72241,-8.039633,-9.66446,-19.829245,-29.243176,-30.847279,-29.332031,-29.605886,-31.93679,-21.549807,-20.866089,-28.447182,-31.694786,-33.70307,-25.313717,-25.575958,-26.849548,-23.425991,-14.158292,-11.351807,-16.926926,-16.444721,-14.55009,-18.245571,-17.74342,-19.381601,-17.790249,-12.2490225,-10.866437,-15.801266,-22.847733,-21.066408,-19.476583,-16.028364,-10.207381,0.03561606,2.6499162,-4.0474625,-8.824217,-0.382141,3.094656,-1.4673922,-10.081529,-13.487681,-13.311558,-12.850483,-11.685538,-9.138182,-12.046305,-15.019415,-13.425084,-10.147963,-10.455353,-12.929526,-15.925359,-15.8552065,-15.9975815,-17.31731,-8.76983,-7.7803373,-16.7639,-15.245295,-15.629083,-17.369307,-17.190882,-19.210337,-19.436142,-23.027779,-21.134384,-11.871203,-8.377637,-11.513266,-20.423382,-19.50008,-20.798113,-21.475906,-24.368809,-26.86499,-24.469208,-26.053898,-28.681671,-27.841396,-29.184916,-28.342175,-30.033491,-29.779835,-15.225479,-11.140453,-14.944354,-17.345333,-22.712074,-26.548426,-26.562672,-23.973808,-20.617321,-20.620718,-23.100132,-26.620811,-27.862965,-25.123005,-25.138416,-20.687122,-21.001762,-15.414444,-14.273185,-17.476961,-24.65128,-31.955444,-30.720367,-27.086475,-27.60991,-29.043524,-24.097004,-23.237652,-22.882177,-20.497276,-25.976498,-35.46738,-27.074091,-19.35725,-18.442848,-14.518451,-13.73884,-16.553299,-17.995337,-24.22033,-27.551392,-28.05868,-24.74617,-11.029692,-6.8444586,-10.127996,-14.335989,-12.255896,-11.30617,-3.9602604,-1.1950196,-2.2857783,-8.202466,-11.347308,-12.577686,-15.771841,-15.596667,-9.757758,-6.103992,-4.200262,-2.2780547,-0.9772962,-0.8029798,-1.6808245,-3.9117982,-10.653144,-14.353452,-16.56328,-14.377383,-10.341491,-11.371574,-13.875465,-15.071165,-18.353031,-17.051592,-17.486546,-20.468128,-20.23838,-20.557749,-19.704468,-19.058132,-17.566229,-19.578583,-20.215103,-21.347494,-17.585297,-12.378941,-15.061969,-20.314114,-22.049067,-24.750135,-18.547365,-16.022648,-15.266594,-8.042713,-5.530094,-2.9152217,0.055005774,-1.4801956,-5.6982203,-10.972416,-20.298899,-9.348219,-6.3183737,-10.226279,-8.493016,-8.678708,-4.5098534,-1.565219,-2.8304698,-9.233948,-14.315133,-15.07298,-14.969044,-17.284916,-15.710553,-15.665584,-13.561459,-13.337278,-7.17638,-7.842061,-16.215902,-21.969734,-23.405334,-20.299776,-20.496353,-21.52641,-22.632576,-24.062624,-24.512188,-26.916323,-23.771378,-21.39053,-26.092596,-29.277206,-26.594635,-19.103416,-9.660083,-12.207174,-25.046165,-26.179726,-26.413763,-29.118443,-30.65304,-28.78574,-30.84198,-32.14831,-31.276611,-31.453428,-30.070782,-29.901295,-32.510498,-29.350254,-21.359358,-15.351602,-13.332487,-17.105883,-24.67068,-30.384232,-33.341175,-34.23765,-31.77303,-31.604948,-32.014595,-34.772675,-32.167534,-29.374754,-29.232365,-31.849293,-31.972942,-29.856804,-17.828924,-12.780862,-19.299728,-30.797794,-31.587927,-32.631195,-32.728695,-33.582172,-34.452595,-36.747864,-35.521217,-33.84944,-35.396393,-39.99585,-38.357193,-31.035883,-24.985012,-12.819895,-11.563879,-21.466328,-29.615963,-30.069336,-35.318066,-36.259666,-38.15681,-36.186417,-34.391716,-37.022636,-34.782646,-33.681435,-31.187756,-34.681896,-37.362297,-28.53859,-15.328874,-14.611269,-21.871403,-27.199577,-30.934534,-34.636932,-33.98102,-32.95759,-29.355993,-28.39158,-28.311121,-25.148716,-25.137379,-29.28787,-33.723606,-37.097008,-19.004387,-8.879106,-10.263005,-13.750276,-15.308295,-11.08189,-12.175585,-7.892563,-9.13341,-11.668194,-11.564323,-11.430218,-10.348099,-5.635104,-10.765401,-18.731707,-21.0896,-8.946091,-8.696666,-15.392729,-19.59799,-21.611803,-22.531208,-24.556206,-20.428106,-19.06776,-19.431498,-14.648197,-5.401923,-1.9896084,-3.1806002,-9.095512,-10.938029,-4.7029953,6.1102247,10.642694,12.200929,11.415973,6.0031605,-0.2968912,-7.186792,-11.324808,-8.631492,-6.5957804,-8.480982,-6.514506,-8.340339,-5.78395,-5.523066,-9.20309,-7.9424486,-8.172971,-6.6575375,-7.4155407,-15.3173275,-21.652328,-27.180058,-20.131227,-11.637978,-11.209258,-16.14357,-15.112181,-13.719269,-17.281906,-14.600716,-11.137049,-12.728834,-20.511505,-19.447372,-9.296924,-9.747223,-17.088135,-19.180258,-20.55913,-23.1922,-21.53181,-19.1004,-19.213785,-21.217184,-17.922056,-16.730532,-12.192896,-10.040638,-12.7464905,-18.626556,-20.275076,-8.123928,-7.7516136,-16.520847,-24.034554,-23.691525,-21.919357,-23.197271,-24.575325,-24.50921,-23.61208,-20.613132,-19.708826,-17.213034,-14.921659,-11.443012,-7.349358,-4.168918,-3.4694812,-8.826465,-17.587135,-19.934902,-20.22723,-23.626024,-23.085136,-25.188301,-20.465511,-19.2721,-22.671892,-26.786049,-29.156761,-25.586037,-23.40947,-24.928713,-26.300049,-12.290394,-9.068242,-15.885523,-21.357134,-21.695293,-21.998394,-21.787384,-24.461613,-26.081114,-27.59195,-14.564208,-3.9274635,-0.19316301,-0.437411,2.874768,6.5204864,8.151913,14.558907,13.58783,9.777544,2.85239,-2.674018,-8.062338,-7.161291,-7.74838,-6.725069,-7.973527,-7.9059477,-3.0893655,-3.0077696,-7.457702,-7.453241,-7.080374,-6.3745213,-4.5205755,-4.167187,-2.6398587,-4.3071747,-6.087827,-8.322854,-3.7580166,-2.9197474,-6.668336,-5.628706,1.1879871,-0.85193706,-5.6890125,-11.180726,-16.136452,-15.752169,-13.68187,-12.929241,-10.857294,-13.0654335,-17.338436,-12.051801,-14.160009,-12.898427,-14.972376,-19.565666,-17.536348,-17.411121,-14.104604,-6.6479053,-1.7527032,0.12661958,-0.12765488,-0.7288979,-1.0742928,-2.3608794,-6.587272,-12.293446,-13.671968,-14.05726,-11.201562,-12.377347,-14.914101,-14.860447,-15.173441,-10.572759,-10.104341,-12.587756,-14.445437,-18.18528,-20.272335,-11.134195,-4.584016,-5.634123,-6.2192993,-5.248923,-7.9514914,-8.321241,-7.6359057,-12.8387165,-21.809757,-21.526218,-17.897575,-20.70152,-18.10604,-9.790234,-7.919516,-7.578373,-7.77938,-8.97385,-6.4890337,-7.361977,-7.2982807,-5.599447,-5.6940966,-6.8436155,-7.8534102,-7.9016743,-10.8162775,-11.36141,-7.651269,-6.28571,-6.9371395,-10.099454,-18.944561,-19.279675,-19.181087,-12.5070305,-13.28297,-22.614832,-15.908632,-16.147978,-20.225313,-19.197784,-20.105427,-19.721148,-21.696304,-18.626389,-15.748496,-15.22867,-12.928843,-9.605438,-3.9706395,-1.0754582,-4.4451127,-8.251402,-18.196941,-19.091066,-20.793331,-22.439354,-15.04439,-4.1261954,-0.76919824,-2.0148163,-8.887948,-2.5254807,1.2933681,2.7357197,2.0826025,-0.38815868,3.0721571,9.8961735,11.962584,11.657789,10.035387,3.2445226,-3.5702343,-6.2480254,-5.143755,-4.1739874,1.400683,2.1075234,0.5936141,1.8610209,3.9861748,-0.28593805,-2.9083252,-1.3566453,-0.4577352,2.1459706,3.2892456,3.6093974,2.250496,1.2831848,-1.6737145,0.073712796,-1.2923274,-2.1015325,-3.4967258,-4.9774823,-3.8667307,-5.5189056,-5.7540655,-5.4534,-5.0673814,-6.320901,-6.794051,-7.4706583,-9.230002,-11.601501,-14.50575,-18.400494,-16.727978,-13.075825,-17.229286,-17.381292,-14.438402,-12.137471,-12.719847,-15.0154705,-16.500498,-11.470732,-7.2764015,-9.772943,-8.694609,-10.315131,-12.040808,-13.473754,-11.640712,-11.967711,-11.666601,-14.045663,-17.689255,-18.289583,-19.739447,-14.100256,-16.116808,-17.015839,-14.180636,-5.2523804,-4.3186293,-8.506378,-9.711457,-8.94027,-9.559187,-8.251237,-9.139016,-10.445371,-11.123808,-12.4488125,-9.814457,-9.500709,-11.559523,-13.626448,-18.861155,-16.412514,-13.758349,-8.462423,-8.654161,-8.646349,-7.8816414,-4.8391976,-2.362008,-0.9661306,-0.50863874,-1.4344407,-2.7358797,-2.7623572,-2.2481263,-2.2959576,-3.8676536,-6.297905,-8.412193,-4.8481884,-4.2503734,-7.733778,-10.918329,-13.158959,-12.464162,-12.429796,-12.100328,-12.335215,-11.598315,-10.456846,-10.704526,-13.6239605,-12.2012615,-11.752359,-12.480893,-10.453491,-5.5459776,-3.1068304,-5.120716,-6.484906,-6.8621945,-5.537169,-3.698089,-3.162766,-4.2449493,-6.4953775,-6.665056,-6.065064,-6.850658,-11.169294,-11.9501295,-8.847766,-8.191012,-11.47018,-14.74895,-11.409112,-9.568422,-10.108996,-14.288907,-14.367781,-11.68364,-10.485136,-8.6513,-8.898278,-11.041509,-11.407605,-14.349916,-16.186506,-14.079207,-11.285868,-13.061483,-16.734653,-17.224281,-17.934376,-7.418832,-3.5293264,-4.0718617,-7.2268496,-11.788589,-14.052135,-11.208278,-12.436217,-15.687133,-19.931154,-17.6241,-15.125789,-14.962128,-11.581715,-11.033149,-16.509182,-25.668814,-25.85536,-23.148222,-24.664005,-26.89119,-31.100895,-31.172693,-27.76264,-19.801702,-18.270256,-20.287916,-22.626385,-22.441002,-12.013417,-6.3927345,-5.6973734,-10.596426,-10.859592,-14.076415,-17.488852,-15.772278,-19.967405,-20.783083,-21.130238,-21.207802,-21.224686,-25.638592,-23.043446,-17.809698,-21.1195,-24.460947,-16.283138,-10.999754,-12.559056,-17.592598,-26.174568,-26.465878,-27.730839,-26.881783,-25.716854,-27.119251,-27.910892,-28.599628,-28.359035,-30.644047,-21.795435,-19.194597,-19.09673,-21.013084,-13.128336,-8.198886,-14.10348,-18.474218,-17.457071,-17.404507,-19.566921,-20.080881,-20.065315,-21.088192,-20.569908,-20.712337,-20.634773,-20.578594,-22.092981,-21.856993,-21.420862,-18.135946,-16.78157,-19.329004,-22.137714,-27.057468,-25.40884,-24.925976,-24.036213,-24.057978,-25.811169,-26.384375,-27.2627,-27.219913,-27.701149,-27.022228,-27.606457,-20.445326,-11.716753,-13.401942,-18.567408,-17.077562,-17.398346,-17.445766,-20.294466,-18.712097,-17.960093,-18.79564,-17.326687,-18.115856,-12.7910795,-12.948261,-22.399487,-18.905949,-16.366423,-11.41667,-11.613867,-13.722544,-18.84852,-21.785088,-20.164011,-19.962194,-21.130165,-22.62912,-22.020914,-22.651064,-23.442322,-20.795687,-23.329449,-22.147556,-19.021843,-16.44828,-11.238536,-5.8706264,-11.413478,-23.281357,-22.443573,-26.732386,-31.094587,-23.810425,-18.525896,-17.248898,-18.469269,-25.768679,-22.557909,-20.994305,-24.692192,-27.381802,-28.968409,-19.017218,-17.145193,-19.589985,-19.33795,-25.994692,-28.056717,-27.261177,-28.458302,-28.631937,-28.362188,-30.023527,-28.654705,-28.543633,-26.235691,-26.909035,-28.88134,-31.385567,-19.543297,-10.842858,-13.207263,-20.559723,-20.125515,-19.629463,-21.41901,-23.685484,-25.047085,-26.121464,-23.982185,-22.406157,-23.759653,-22.248226,-22.319918,-23.359545,-23.542995,-17.90889,-11.960439,-11.695049,-17.998508,-24.691338,-25.633778,-26.038446,-28.169914,-31.030416,-28.434343,-26.456139,-25.479832,-26.38077,-23.247435,-21.795578,-22.649147,-21.28798,-19.201344,-10.251478,-7.1660714,-11.321126,-17.88022,-18.633928,-17.085722,-20.645954,-20.010632,-14.551726,-11.887585,-15.34251,-15.8256855,-16.139908,-13.784256,-10.76723,-11.73203,-15.589504,-11.611288,-9.600419,-17.414846,-22.284163,-17.373951,-15.580071,-17.991667,-12.870129,-11.522946,-16.650469,-19.3725,-10.363829,-2.6997087,-2.5493512,-6.7480717,-7.3862114,-8.988631,-10.546431,-9.98978,-13.969309,-15.04588,-13.995329,-19.871113,-15.009539,-14.724564,-18.932339,-19.44996,-20.79135,-15.588265,-16.194683,-20.086727,-21.813236,-21.460724,-9.860958,-6.977416,-12.391212,-14.171081,-19.497816,-22.178608,-28.349125,-28.12504,-24.140942,-24.663954,-16.25402,-3.7477014,-2.5797071,-12.2104025,-15.574453,-8.156033,-5.470385,-5.047362,-3.9513764,-6.5454106,-11.903345,-14.967213,-17.384214,-14.9229355,-15.487398,-16.170208,-14.164061,-16.347786,-22.335768,-22.091043,-20.270615,-20.344933,-25.042828,-23.228897,-13.790382,-11.527758,-17.163359,-19.615492,-19.181889,-23.222328,-24.092875,-22.348396,-23.285793,-27.474098,-25.428303,-25.899332,-25.77396,-26.036602,-29.241144,-27.812504,-18.690516,-9.043907,-7.223489,-7.4878078,-6.7940383,-11.438006,-20.369503,-21.527235,-21.996235,-22.056564,-24.68325,-25.490864,-25.271858,-26.990664,-28.10549,-30.032524,-24.465614,-17.11271,-12.943343,-6.884322,-9.842465,-18.845612,-21.377312,-25.297194,-21.356003,-21.036789,-19.284208,-18.735214,-14.829615,-12.841158,-15.247869,-16.111706,-15.079932,-14.128922,-12.732959,-12.4386635,-10.182662,-8.262237,-15.351368,-17.183407,-16.706324,-16.61634,-14.000254,-13.429643,-14.722286,-16.001852,-17.65629,-19.113068,-18.501446,-20.056717,-22.948872,-23.920889,-17.023094,-10.850103,-13.31488,-21.717737,-23.54975,-20.919815,-21.246881,-24.3134,-27.906322,-32.653767,-29.514626,-22.22282,-24.425505,-25.221184,-25.453539,-24.965462,-24.339405,-12.968147,-5.6928844,-3.6433692,-6.9772506,-15.449179,-19.699308,-20.15537,-19.790129,-22.036564,-24.647354,-22.77281,-20.74865,-23.395386,-23.809462,-23.071775,-22.531223,-19.91207,-12.453089,-9.633951,-12.820801,-15.866436,-18.039444,-20.000189,-19.227688,-20.872955,-20.957386,-13.991796,-8.510193,-7.905893,-10.780992,-16.667814,-18.014267,-16.412767,-5.8746724,-0.19754486,-3.4606612,-8.866037,-14.481455,-7.1817617,1.7277541,4.2908945,4.580379,3.6588206,2.6570537,-1.1933664,-7.633486,-10.765735,-12.38809,-6.4154377,1.0603683,1.0239921,2.2252896,5.5046387,1.1374086,-5.0997825,-7.9723506,-3.7088058,4.4551606,4.00725,2.1435,5.822006,2.748057,-5.154663,-9.189674,-7.3188896,-9.064307,-8.836537,-10.5575695,-16.383198,-10.261837,-4.865442,-2.1695957,-5.4211254,-13.58653,-9.526541,-9.450302,-10.287449,-11.572642,-13.423983,-13.259231,-17.742012,-19.605999,-17.83737,-13.699518,-1.6548408,3.6139417,-0.6258112,-7.2775097,-4.0285277,-8.387031,-13.481631,-11.62456,-12.086111,-9.937017,-12.315969,-10.627689,-12.557493,-15.521411,-8.616646,-5.6013117,-6.3878064,-8.119744,-10.11692,-9.846913,-10.360103,-6.479216,-8.870008,-12.527257,-14.721459,-14.710705,-12.45994,-6.102526,-4.807695,-11.661285,-5.891185,-1.2556087,2.1049752
-11.666836,-13.183452,-12.847881,-14.692909,-20.456297,-22.104477,-25.164822,-23.483559,-18.944563,-19.280025,-19.10226,-19.354729,-17.389881,-19.402365,-18.004683,-10.204041,-11.686649,-19.429146,-21.951162,-20.04876,-16.750967,-16.084166,-17.75062,-21.302135,-17.429947,-14.404467,-13.341016,-13.928225,-17.310064,-20.762197,-17.006577,-9.468388,-7.995422,-11.541702,-15.98698,-17.920916,-17.974216,-23.177366,-26.318642,-24.832066,-20.372524,-14.83632,-12.947055,-15.003157,-17.753834,-19.168493,-22.318155,-20.43198,-10.184684,-9.171707,-15.462618,-17.803465,-17.579933,-20.217058,-22.529337,-29.691017,-38.579796,-32.4238,-26.160866,-23.42848,-23.616335,-23.82264,-22.999973,-26.334173,-23.632313,-16.616137,-7.6151314,-8.051792,-15.16407,-17.159676,-17.740685,-17.824417,-17.906584,-20.361938,-15.880532,-10.704957,-10.97946,-13.117691,-16.015818,-17.721699,-16.148207,-14.528786,-13.902577,-11.319527,-11.256487,-19.988213,-22.392746,-23.466373,-21.365683,-19.086763,-18.037598,-12.445508,-5.43082,-5.086079,-9.905939,-15.901099,-16.910305,-19.24763,-15.88936,-2.4582012,-0.15068235,1.856389,4.668047,6.962666,9.523489,7.1761804,0.5136559,-3.6778781,-7.176184,-5.1489954,-3.2075477,-2.1871915,-2.0654228,-6.9464545,-5.2609167,-4.8096657,-10.9477825,-0.8058855,3.1587605,2.5402591,2.807582,0.0994648,-0.8283943,-0.9726647,-2.0392509,-3.078277,-4.5014496,-6.63234,-6.1826205,-5.596004,-4.0099187,-8.341875,-10.688341,-12.651534,-9.855819,-7.3718076,-11.670345,-16.13138,-14.4944935,-11.295968,-11.985514,-12.6105385,-11.271354,-11.265627,-10.669913,-11.067282,-13.2447,-12.054264,-12.494517,-13.744947,-14.316807,-15.538496,-10.755043,-12.253555,-12.75085,-11.835566,-14.449385,-13.536846,-15.348631,-18.745176,-17.984453,-18.247879,-17.70237,-20.00292,-18.608524,-17.240192,-18.295551,-18.593967,-12.609186,-11.445938,-16.821894,-19.892653,-19.12031,-20.580055,-21.375443,-17.503477,-15.964766,-14.952003,-13.792765,-14.99228,-18.21312,-21.557526,-22.516287,-21.296732,-20.830172,-16.367647,-9.9484625,-8.625542,-3.9641776,1.3737512,2.6131268,2.5208306,-1.1068338,0.94228,0.8295312,-0.22292368,1.1962081,0.8245019,0.06762591,4.4177504,6.2116623,7.7002773,5.0156345,-3.0817544,-4.279297,-8.462319,-11.191388,-9.563674,-5.275597,-5.685062,-6.8953376,-6.040221,-7.3502784,-10.143119,-10.27281,-9.687235,-13.390037,-12.103327,-10.08216,-10.621185,-8.503398,-9.404989,-9.216788,-9.782574,-12.578269,-17.133013,-12.500578,-8.567394,-6.0668845,-8.971389,-12.1132,-18.673794,-17.08867,-14.325553,-15.963007,-18.210783,-15.748018,-9.033266,-11.602713,-18.768139,-13.62382,-13.015065,-15.86684,-9.97707,-6.095154,-6.8200226,-8.2537565,-11.013157,-18.194878,-15.240287,-13.327625,-14.156613,-12.962619,-7.1883354,-4.9618583,-8.526448,-5.778002,-4.642941,-8.199533,-8.109573,-5.993885,-1.5190306,2.428804,0.9924605,-2.3872724,-4.9757,-4.918008,-7.0007157,-12.816034,-8.589774,-1.8034608,-1.7354031,-11.537395,-17.888525,-18.728323,-14.080584,-9.848253,-6.8309917,-7.609995,-10.784285,-14.346651,-17.281534,-17.345253,-20.65149,-16.620396,-14.888114,-13.953102,-12.711602,-7.8932133,-10.162382,-12.390051,-10.808774,-9.28589,-9.950869,-12.3377075,-18.598312,-17.885191,-21.83765,-25.407793,-20.955122,-12.817587,-9.416779,-9.4922695,-12.014127,-16.251705,-10.491887,-10.861689,-15.972643,-19.944962,-19.324162,-15.269504,-17.463411,-20.781279,-16.941576,-15.734182,-16.27653,-12.976655,-12.529687,-13.478131,-14.364929,-14.717783,-18.76228,-18.726776,-14.331482,-15.6399355,-16.82284,-15.753163,-16.523205,-18.46625,-17.498676,-15.32034,-15.142904,-16.995409,-17.894407,-17.673002,-17.481127,-17.691132,-20.375908,-22.476461,-16.269115,-15.799,-20.691402,-19.093224,-16.887276,-17.255886,-19.283455,-21.134594,-21.598923,-21.197102,-23.105995,-22.251856,-20.220764,-20.561295,-25.523869,-25.680729,-23.0349,-9.458229,-8.085012,-14.629496,-18.09533,-20.186632,-18.142296,-18.033936,-18.951366,-18.545467,-17.304459,-15.892841,-17.057207,-20.74136,-21.64545,-23.758776,-25.502092,-15.34354,-10.042576,-13.484398,-12.153217,-6.73933,-3.6469646,-2.9343822,-3.5832548,-3.5363574,1.5902443,-0.29332238,-8.095141,-9.904686,-7.935087,-4.955861,0.104626946,0.5035257,-0.4681958,-1.1529616,-0.70339626,-0.7713508,-4.7128,-8.160521,-7.7928905,-1.1257266,3.74574,2.0496411,-3.2599452,0.1810557,4.372689,11.796125,16.933504,18.363127,16.843431,17.436039,20.446682,21.428524,20.823254,16.948713,15.200213,12.091372,9.726624,7.930932,5.016181,6.549925,7.408598,5.477705,7.606081,8.336905,5.6830597,6.960995,6.0915093,6.588021,6.664241,1.4215636,0.8879372,-1.57367,-2.1368055,-1.3885009,0.19913125,-0.20855245,0.18715338,0.059864093,-2.3783002,-3.054885,-3.6613975,-4.678126,-10.273725,-10.933302,-7.014867,-5.136294,-7.974412,-9.278487,-9.590114,-14.935407,-14.232079,-14.15409,-15.066547,-16.145805,-17.485168,-13.123893,-10.57365,-6.985163,-1.5159795,-3.9365492,-7.5895195,-8.4695425,-5.0418334,-3.38918,-4.902531,-5.091231,-5.9509954,-8.14213,-5.089641,-7.0621977,-9.678867,-8.967712,-8.630558,-8.85113,-8.54651,-8.27052,-6.8843164,-1.223347,1.7538356,-1.3769546,-9.560595,-11.421833,-11.464317,-14.087897,-16.696104,-21.853172,-15.168067,-15.707733,-15.078838,-18.394756,-19.465693,-20.911085,-16.747334,-15.24829,-16.708836,-9.344445,-5.9810705,-10.256073,-15.6219425,-12.848064,-13.215513,-14.287235,-13.352453,-11.988388,-15.023637,-12.576267,-3.820446,4.1646895,7.5629973,7.554152,14.609711,15.116344,12.762631,16.951698,14.855498,5.6553073,4.4319544,2.262967,4.181208,2.3319514,-2.3573635,-4.740242,-5.1485214,-1.2599545,-1.1368269,-1.2962401,0.9004492,-1.2379993,-0.4149038,-1.494879,-1.7277229,1.6642274,1.9242597,-1.0028796,-0.25930974,1.3500664,1.3918328,1.928042,-3.0070581,-1.4807699,2.0895233,3.2018425,-2.2460303,-12.848395,-11.646329,-7.5008397,-8.43495,-10.344151,-8.616572,-6.741421,-7.314269,-9.663233,-13.403585,-11.733452,-9.745527,-12.499472,-8.76996,-5.3904843,-5.8486867,-4.1329117,-6.0864635,-9.081541,-2.410231,1.4896953,3.175313,3.0317488,1.291105,-5.4702396,-7.848093,-7.743907,-10.465641,-13.993378,-13.494463,-11.074274,-3.7664177,-4.4178524,-12.325278,-15.160366,-18.105534,-17.86118,-11.025665,-4.7601833,-3.1816492,-6.464171,-9.153288,-13.558406,-15.922079,-12.402681,-10.690679,-13.197269,-18.780045,-18.498428,-15.253859,-10.733736,-8.674712,-6.585618,-5.734107,-8.126785,-10.504473,-8.677231,-2.37702,0.80796254,0.7693174,0.082836814,1.6444672,2.2414105,1.0724984,-0.28003654,-1.5094471,-2.1373084,-3.7396274,-4.459444,-6.94627,-10.493545,-11.5386505,-9.2646,-6.5292573,-9.415287,-7.75471,-1.0441992,2.634798,-1.6313918,-9.466826,-8.233446,-10.463892,-10.651341,-8.231393,-10.467152,-11.736712,-11.413556,-9.288057,-7.348135,-6.6419744,-4.7221637,-4.8740945,-9.042137,-8.44557,-7.435747,-7.455697,-12.134465,-13.803545,-14.841813,-17.386435,-10.075307,-2.6476989,-1.4046957,-0.5462929,-2.7280393,-4.909024,2.4747872,4.4576106,8.586601,14.232873,16.340496,13.939589,5.005167,2.8353193,2.179735,-3.1668699,-1.3401557,0.2674165,1.8984556,4.8362417,10.744987,12.683521,12.000872,12.507677,13.658496,13.486375,10.373016,6.545462,5.4002233,2.988106,-4.9784737,-2.4618437,0.10141649,-1.0149457,-5.7624536,-0.50764966,0.0026395663,-6.596446,-9.510783,-8.33336,-5.1546936,-4.973465,-5.7294154,-5.857496,-9.382877,-12.977276,-14.998053,-13.923037,-14.861459,-11.685395,-9.160246,-9.739975,-11.188446,-11.324308,-12.482174,-14.369082,-16.339464,-12.946123,-11.414809,-7.746182,-9.831446,-13.33982,-18.234486,-19.965023,-19.11979,-22.84861,-20.604465,-22.854471,-22.45438,-21.201365,-19.200634,-22.513111,-23.008682,-20.482615,-16.396368,-7.1807547,-7.925025,-13.430061,-17.67881,-22.679127,-23.24429,-21.498425,-22.93661,-24.079597,-25.201351,-22.10619,-18.613506,-21.981102,-23.52761,-23.114235,-20.504719,-19.06385,-10.906801,-8.232661,-10.198427,-9.0914135,-7.4668818,-4.8338075,-3.0161786,-1.8397708,-1.2850347,-2.0434515,-3.0933425,-3.3943543,-3.1621823,-3.446587,-5.195021,-7.7397814,-9.494757,-4.6953382,-4.3640227,-9.898963,-14.584953,-14.177454,-12.281594,-12.887612,-13.618051,-16.824856,-18.726894,-17.899916,-16.848415,-19.41841,-17.991795,-15.954796,-18.393414,-14.40505,-4.8734813,-2.8108904,-6.399515,-8.236273,-9.26653,-7.7648563,-5.3595824,-4.64544,-6.368976,-9.410475,-9.260369,-7.81456,-9.026544,-13.650941,-14.261222,-10.242166,-8.807236,-8.415439,-13.79397,-16.666353,-19.252102,-18.156347,-16.776276,-17.154139,-18.287128,-17.918064,-15.786161,-14.297955,-9.78129,-6.540442,-10.007993,-16.566904,-13.27462,-5.5684376,-2.344886,-5.3078547,-7.888415,-8.063679,-2.2745044,-3.3476377,-4.145477,-0.37829387,0.044314608,1.9262094,2.254405,-1.7998283,-3.9329438,-3.5188236,-2.7490282,-3.0676408,-2.8066492,-3.3571184,-4.9072623,-3.9526916,-5.1845503,-6.001577,-9.314631,-13.93187,-14.376869,-14.156423,-9.065472,-8.347601,-11.671329,-9.505204,-7.33955,-4.2209735,-2.1823123,-2.8637016,-3.9788275,-4.5113096,-8.839872,-5.324253,-1.8627241,-6.4655647,-11.675446,-12.003235,-16.091234,-22.967749,-19.100525,-17.861965,-22.089745,-19.132069,-16.532787,-16.880562,-21.08568,-16.780079,-10.080652,-10.597405,-13.682157,-17.01611,-17.726013,-16.616537,-16.902674,-18.866486,-19.968536,-21.690369,-25.967798,-23.576448,-23.397142,-25.653046,-21.872093,-18.805859,-15.435611,-10.769343,-7.433182,-13.343842,-22.774332,-19.825373,-16.793636,-20.96422,-17.740156,-14.395546,-15.149321,-16.529144,-16.411755,-16.99111,-18.144606,-19.86369,-17.784231,-19.276833,-12.991365,-13.255926,-14.225656,-16.492098,-19.878666,-20.025427,-16.151814,-12.692362,-13.44421,-17.072012,-19.422148,-21.749285,-18.916779,-17.976833,-17.925922,-18.394894,-17.024475,-12.215152,-13.06708,-19.673952,-23.662518,-26.830023,-25.178482,-21.305456,-17.753513,-15.49555,-16.338135,-14.956183,-10.070453,-11.389917,-17.401783,-20.144499,-21.122658,-16.468203,-9.289299,-10.081528,-11.476349,-9.626852,-11.4940815,-14.121842,-14.80339,-18.719257,-20.851229,-19.97228,-19.16168,-16.060509,-17.227715,-16.53576,-17.352133,-19.678219,-18.966444,-13.484896,-2.3684163,2.6146448,2.9543915,0.7852507,-1.7181839,-3.0461645,-2.412516,-0.79654634,-0.84823817,-2.927004,-5.2391095,-3.7139163,-7.916947,-7.435876,-6.87275,-10.307418,-10.828083,-8.893763,-13.184597,-19.492142,-18.121569,-15.947754,-16.115059,-14.768443,-14.37539,-15.031937,-13.754672,-15.885414,-18.037384,-17.509533,-17.568184,-15.985164,-16.219324,-16.038841,-10.692961,-7.0901604,-5.401229,-6.2762012,-8.778993,-9.974591,-8.68806,-8.072383,-7.2137713,-8.024303,-10.981492,-13.696545,-15.797676,-15.6536045,-14.722953,-14.292719,-13.161088,-11.724576,-9.802201,-16.241642,-24.995419,-20.001421,-14.390029,-11.6322565,-13.122536,-15.997952,-17.859745,-19.166845,-21.569508,-25.05108,-25.183899,-21.961386,-18.740887,-14.414077,-6.600175,-5.2574306,-9.23505,-14.94025,-12.764772,-12.301538,-14.503138,-19.469177,-12.411266,-6.2569313,-6.286751,-7.619986,-8.134126,-9.267674,-12.76374,-15.2768955,-12.599531,-10.865575,-11.397726,-13.621061,-9.433272,-9.6854925,-13.263126,-9.300059,-5.9724197,-10.886321,-15.631674,-14.6292095,-15.701823,-10.925501,-3.3989623,-0.84902906,-4.9474087,-7.8949337,-4.5078697,-7.2127204,-11.755905,-11.55655,-10.133579,-12.834528,-13.547124,-9.806125,-12.546644,-14.525536,-17.716066,-17.689627,-13.528509,-14.607088,-17.352,-15.927656,-7.937663,-3.904778,-8.976486,-11.467796,-14.234587,-17.08776,-18.530571,-17.320961,-14.408298,-13.655642,-11.4258,-3.8703444,2.9267273,5.4137235,9.740013,9.946641,8.868829,8.689081,5.6601644,2.0304677,2.800445,-3.2320547,-12.07671,-7.068352,-3.641385,-4.9243765,-2.2416809,-3.5715148,-6.9453373,-7.6245317,-7.1255608,-8.043045,-6.4703026,-7.5780697,-10.039902,-10.607457,-9.969143,-8.331732,-5.8239007,-8.694193,-15.9109535,-10.480692,-8.294466,-13.690359,-17.835106,-11.0487,-7.0166893,-10.434018,-13.32614,-15.021415,-14.745346,-7.588832,-7.0865107,-6.5792613,-7.1494536,-8.879827,-9.948043,-9.20624,-13.127228,-10.828461,-9.325642,-11.893197,-12.8636265,-16.33047,-14.019228,-15.8921,-14.75006,-9.177533,-8.208544,-8.0724535,-7.481992,-9.580916,-10.107214,-9.367674,-10.016116,-10.454984,-8.5005455,-8.968128,-7.8838916,-7.7057595,-8.331331,-7.69692,-7.9362125,-6.482319,-5.5894413,-7.9877615,-5.324296,-4.9933567,-12.411556,-12.2418585,-9.975233,-9.286305,-8.606743,-9.037922,-11.240551,-14.010193,-13.860706,-13.58662,-13.317739,-13.631005,-16.53859,-19.622826,-15.272238,-10.151919,-11.872849,-16.43678,-17.989595,-14.696068,-11.440107,-12.723,-14.706791,-15.7631035,-16.564114,-15.3595915,-14.912215,-16.429188,-19.184574,-23.017937,-22.919043,-11.6086235,-4.932149,-4.7515492,-5.662941,-10.971209,-10.300108,-11.478769,-12.418337,-14.132278,-15.887047,-18.860338,-17.032251,-16.293747,-17.242456,-17.248974,-15.9969845,-13.626846,-4.985707,-0.20144415,0.21361473,-0.30891004,-1.6314604,-0.94156885,-1.1863077,-1.5312686,-1.78796,-1.8101039,-2.5581317,-4.741472,-6.4359674,-6.600761,-6.6108985,-9.410179,-3.5607173,2.195966,0.9109185,-4.968589,-0.8711797,6.05706,6.034727,0.095951766,-0.3604349,-1.0021567,3.7219052,7.0705347,3.846482,-0.26016194,-1.67422,4.344413,7.2502275,0.029272381,-2.4160073,6.6091757,7.676715,2.3439996,-1.2134929,6.2678533,10.145754,4.308035,-0.719782,8.302993,11.05585,5.0954523,-3.6639597,-3.054836,-3.8958707,-3.7894216,-4.948521,-5.753672,-2.3614757,-2.294188,-0.24559155,0.831717,3.0536222,3.5959468,-2.7991226,-8.314267,-3.5927281,-3.4713778,-8.991415,-13.587269,-15.005205,-11.217332,-10.1401,-2.2109303,5.7790904,4.719997,-4.8009253,-4.420336,-3.9687529,-7.713244,-11.235453,-7.6654243,-3.7831023,-3.4758024,-0.60798484,-0.9367084,3.4334252,3.870456,2.5319223,3.8723407,4.133659,1.7692266,-0.5611936,-1.5322006,-1.0323733,-6.3596067,-11.978847,-9.79731,-5.469999,-6.296545,1.7816066,7.696185,9.46512,9.777606,8.376157,8.487151
-5.980828,-8.2228,-9.34034,-11.938787,-19.186176,-21.626534,-21.828556,-18.932617,-15.286299,-15.285354,-15.470129,-15.233464,-14.270092,-15.499717,-14.7471,-8.483289,-8.397996,-11.344143,-10.234246,-13.113115,-11.132983,-10.678225,-12.538773,-18.553965,-17.169315,-12.346649,-10.581833,-10.331684,-13.905319,-19.010923,-11.727333,-4.8408036,-5.868105,-10.131607,-15.004407,-13.308793,-13.930941,-19.677414,-21.487858,-22.853134,-16.647427,-12.059012,-10.162401,-11.53857,-14.1044,-16.191612,-21.724234,-21.514788,-8.58704,-5.1909647,-11.333229,-13.974794,-14.1225195,-15.826005,-17.392792,-23.248333,-27.185452,-26.125944,-22.548004,-20.041103,-18.989517,-19.327791,-18.487787,-18.755304,-17.893305,-17.560799,-16.693172,-12.293211,-12.888862,-13.330808,-14.369156,-13.882202,-15.031965,-17.160866,-14.184852,-7.597663,-7.3588734,-9.5461,-11.326946,-14.036647,-12.217991,-10.513426,-9.938352,-10.743928,-13.131181,-15.929442,-12.82202,-12.44299,-14.794017,-13.326116,-14.487611,-10.8631115,-6.37302,-4.1318545,-6.624145,-11.951804,-15.76403,-16.036692,-16.948645,-1.2719862,2.9275937,-0.35818428,0.7193529,2.7672653,2.080404,-2.7704408,-5.1051865,-5.73425,-5.7360897,0.54136825,1.7489554,-0.4152134,0.18893026,5.698574,7.402108,1.3300774,-6.1185493,2.1698897,7.665144,7.2222476,6.6811566,4.56493,2.657645,4.6854124,4.503375,2.2038321,-0.26233262,-1.8195354,-2.4884365,-0.89414036,-1.1524215,-3.560352,-4.99183,-7.073174,-4.3243284,-4.3433676,-9.167689,-9.986631,-8.873722,-6.61216,-7.363903,-8.325946,-6.8539433,-6.1117125,-6.0998564,-7.1939344,-8.861013,-8.297438,-8.210201,-8.980197,-9.529919,-11.344904,-10.675922,-8.728131,-7.342417,-5.474231,-8.359862,-6.9267626,-10.316228,-14.717655,-13.955597,-11.097458,-13.628153,-15.737631,-15.05143,-12.7485895,-14.267235,-14.6914,-9.895671,-6.6155047,-12.378365,-15.515765,-15.853028,-16.916857,-16.760681,-12.641083,-11.475555,-11.12295,-9.998513,-11.681189,-13.847045,-16.62658,-16.693207,-14.937586,-16.806852,-12.337436,-6.079365,-5.1950316,0.5190631,6.2346535,6.817442,5.539419,2.4676962,5.0648923,4.981206,2.3206923,3.5611227,2.5813055,-0.2181484,2.3216815,0.96972466,-0.9142611,-2.9658983,-5.472405,-5.255125,-8.567482,-9.4737425,-6.6095247,-6.2370443,-9.6358,-8.137576,-4.554842,-5.4914193,-7.823653,-7.5865183,-9.963554,-11.38294,-10.433552,-8.232502,-9.097844,-10.191856,-7.306109,-5.247776,-4.351162,-6.489783,-9.657921,-5.8458843,-3.5210786,-3.6743522,-5.5567265,-10.33271,-12.921539,-6.975379,-6.569768,-10.331011,-10.483317,-15.130659,-11.18363,-12.999205,-12.397114,-6.0048175,-5.8489413,-10.905565,-7.7621465,-1.7521403,-1.973976,-2.2607718,-3.3720148,-1.5879393,2.5008705,2.6053042,0.8429646,-3.6238697,-3.0363812,0.73656857,-0.55910534,-5.530669,-6.2187023,-5.262416,-3.1593707,-2.356169,1.5163376,4.823526,5.522962,3.977277,1.8528545,2.0500853,-1.9201134,-7.271669,-3.3537529,0.8094612,-0.05470676,-9.877414,-9.418084,-11.111918,-10.157188,-5.1617584,-3.1873062,-3.141401,-5.2717896,-7.874403,-11.258698,-12.382784,-14.262637,-9.171866,-8.27164,-11.111163,-7.695009,-5.165975,-7.0003204,-8.376645,-5.1670837,-6.006955,-7.371462,-10.876349,-15.439051,-10.235339,-10.116477,-11.874547,-13.001533,-9.155121,-6.6301184,-6.3361654,-8.573857,-10.622883,-12.188358,-12.297853,-15.301162,-16.115416,-16.509336,-12.199036,-13.38318,-10.818824,-6.587367,-6.7602673,-10.533738,-8.343586,-4.5436234,-5.123033,-8.132501,-9.254635,-12.381011,-13.998348,-9.363452,-7.3837433,-10.434818,-9.461518,-8.438352,-11.128298,-10.625557,-7.2072124,-7.328127,-10.753386,-10.518797,-9.302127,-10.350384,-12.053446,-12.791216,-14.151661,-12.50197,-12.418513,-16.700314,-15.949345,-12.510265,-11.578741,-16.53218,-20.370218,-17.042934,-13.943184,-16.450745,-17.970554,-14.782561,-14.875318,-17.775103,-18.374607,-15.932651,-4.5982795,-2.4641519,-6.8282247,-10.589909,-11.0527315,-9.915454,-9.641335,-11.459726,-11.137407,-9.444073,-9.716605,-11.367083,-13.81616,-15.02751,-15.890428,-18.363104,-15.204263,-8.180089,-9.11562,-6.3678675,-2.1124847,-1.2912312,-2.8195553,-2.8085554,-2.5590847,3.0854108,4.172288,-0.4730083,-1.9215053,-0.5825443,-0.919369,1.4681535,0.6183384,-3.3574212,-1.3385926,-4.257373,-3.8016057,-5.359766,-6.346853,-2.9127326,3.0307605,4.8905272,5.1265774,4.738308,9.038119,12.202903,17.197876,20.95275,20.631115,15.267576,13.869719,16.221973,18.660934,21.99549,20.210506,16.634138,12.599162,8.829186,6.938676,3.5937748,4.681093,5.289433,2.650516,7.0585814,8.302404,3.5983977,4.0351596,3.7473347,4.833293,6.2956953,3.68989,4.4662976,1.702237,-0.58780456,-2.6283803,-1.6803902,-1.1990483,3.9342637,9.676585,9.185948,5.8459587,4.091213,2.025867,0.2763052,-0.16056478,-6.92621,-3.3557937,-2.9885378,-6.268921,-4.469845,-5.5387106,-4.4727383,-6.649602,-10.41047,-11.509781,-8.551641,-4.9983554,-4.4749837,-2.1150386,0.5176553,0.321023,-1.5614212,-1.8620397,1.0648515,1.4558275,0.52238333,-0.05908305,-2.0449295,-3.6219368,-2.8107495,-4.669119,-5.591736,-5.6224947,-6.2115307,-6.9697037,-11.5282345,-13.881402,-16.429829,-10.875853,-2.2022805,-1.0980358,-9.674883,-8.697957,-9.178007,-12.9362545,-18.598284,-17.345144,-12.684069,-13.209288,-13.047733,-13.528271,-17.032118,-23.476542,-19.324291,-16.11067,-13.865652,-3.7695627,-0.90514696,-3.5285008,-5.784641,-5.104061,-5.4471474,-5.736127,-5.4110413,-5.5592833,-8.167608,-10.681739,0.27370486,5.487875,5.153798,2.6678305,6.4777145,11.526663,11.061762,7.4975796,5.456779,7.3318167,5.0149546,0.8744514,2.066886,-1.9735562,-2.7979136,-0.7127798,-2.4058285,-2.581324,-5.3510294,-2.510575,-1.6766071,-4.482881,-2.7265275,-7.1434712,-5.801377,-1.3015689,0.46866262,2.3649905,4.836685,2.2893107,2.4863691,-0.96390367,-1.4018394,-1.4309444,2.3529205,4.2328763,-2.8377142,-12.806295,-11.973682,-9.284212,-11.014556,-9.871704,-6.95311,-8.413236,-10.12096,-8.8435135,-11.374672,-9.492037,-7.875064,-12.924154,-10.518362,-9.868952,-12.513048,-11.141922,-13.114841,-12.099367,-9.265652,-9.740702,-8.671475,-2.6673102,-0.77815974,-6.518403,-11.741564,-9.491815,-12.658045,-15.000835,-15.702189,-15.620805,-7.555104,-8.581865,-14.300154,-17.722103,-19.11308,-18.05659,-15.530681,-11.584618,-10.786028,-12.423209,-14.227987,-12.06107,-13.88733,-13.773249,-9.102144,-9.429033,-17.809652,-16.556757,-9.492288,-9.899085,-15.117441,-16.169292,-6.7501717,-3.3133416,-3.294573,-7.01091,0.44388127,5.290923,4.5875235,3.5799756,3.5686512,1.5436659,2.0026455,2.292255,2.1696544,1.3253417,-1.5894328,-6.472612,-6.525163,-6.6807747,-5.84472,-6.5903144,-4.6231422,-5.9930277,-7.1360493,1.2380362,4.535328,0.06551668,-9.137224,-8.985857,-10.666627,-9.727023,-5.2288537,-7.8854704,-10.674194,-8.953705,-6.4143343,-5.4127645,-4.493957,-2.0893104,-1.7994454,-3.8382695,-3.1154487,-3.4631877,-4.5099835,-6.6613865,-10.543309,-13.30214,-13.399509,-9.537985,-10.009218,-13.953601,-10.398548,-9.677347,-9.966556,-1.0540206,0.63129914,1.0613505,1.4961983,6.2591057,6.7931805,1.0677845,-0.31133354,-1.5463978,-6.045918,-5.3293233,-4.5969315,-4.8026857,-5.8351083,1.0248973,6.983856,11.599867,14.377916,14.1804695,8.830807,5.095074,2.68298,-0.19413036,-4.476525,-8.266403,-7.020832,-4.1318126,-3.8993306,-6.061585,-4.589395,-4.521035,-8.828545,-10.950123,-10.408496,-10.300054,-5.9427505,-5.508928,-9.310379,-15.09285,-18.664888,-19.832018,-18.581697,-19.499445,-17.352087,-12.963711,-13.97521,-15.307814,-17.083069,-16.213682,-16.427847,-18.131374,-14.322826,-8.279385,-4.170628,-8.553695,-13.21665,-17.328106,-18.06059,-18.64357,-18.861244,-17.826416,-20.91716,-24.299969,-21.713856,-18.10892,-20.7607,-22.976334,-22.951363,-17.672789,-5.4891295,-3.5187945,-8.596246,-18.871477,-25.388355,-23.594807,-21.078922,-25.215523,-27.661175,-27.090336,-23.505886,-20.303986,-23.677502,-23.958862,-25.731419,-17.920513,-15.105543,-12.550515,-8.607641,-8.332356,-7.465017,-6.9730515,-7.487876,-10.888817,-12.510094,-8.428267,-4.5084023,-3.0706544,-3.5661135,-5.4994364,-8.815351,-12.161398,-10.91323,-8.415058,-3.8473134,-4.4795413,-9.985398,-13.884535,-14.669996,-13.600103,-12.125148,-11.6283655,-14.286174,-16.529383,-18.973532,-18.356054,-17.25952,-18.65793,-19.960983,-21.218195,-23.085258,-12.174111,-10.303667,-19.028395,-21.166851,-21.45836,-24.348738,-24.212427,-24.270277,-24.629131,-25.76705,-25.965834,-26.065662,-26.278946,-27.043892,-25.6812,-23.885557,-14.687002,-7.5406218,-5.8811474,-7.8431044,-9.879083,-10.553429,-11.94725,-14.455227,-15.121771,-14.264,-16.103048,-17.022505,-12.075989,-10.013,-12.716584,-15.678164,-9.40331,-3.9179382,-2.148002,-0.35348403,-0.14967291,-2.6110058,-3.851398,-5.9017997,-4.0216203,-0.4904886,0.6639354,-1.893976,-1.3609356,-4.1044226,-4.2904844,-3.9166963,-2.555871,-0.102317326,0.5099299,-0.976243,-3.5506687,-3.3923175,-4.3917494,-6.3992233,-6.2187285,-7.6919403,-12.072121,-11.636971,-7.5309415,-7.5726123,-9.323253,-9.491948,-6.951338,-3.6420681,-5.097494,-9.320888,-6.80809,-4.3548,-7.116908,-2.0159695,3.545518,0.34960642,-6.689684,-9.782779,-9.060229,-7.0335884,-5.6414227,-11.525253,-12.458701,-7.0512886,-9.735542,-13.115693,-17.852476,-14.960745,-8.66043,-8.982084,-9.182223,-10.490771,-12.603235,-13.232611,-12.85269,-14.170318,-14.028622,-15.558614,-18.878277,-17.576801,-17.870277,-21.020355,-17.415213,-13.492386,-11.298636,-6.78642,-5.0856013,-11.773237,-20.003645,-16.154846,-11.549769,-13.480821,-10.764725,-9.023842,-10.748949,-13.575102,-15.71207,-13.267764,-12.1820345,-14.11695,-11.838444,-14.545731,-7.481947,-6.594195,-9.202586,-11.586562,-15.7805,-13.825187,-10.560389,-7.278675,-8.317221,-13.116613,-15.958314,-17.25338,-12.689795,-12.533113,-12.124147,-12.145156,-12.348604,-11.540518,-12.604379,-12.636024,-13.9273815,-18.124226,-19.005295,-15.963072,-12.774393,-11.046541,-12.711916,-14.420881,-10.63628,-8.140296,-14.058493,-18.276262,-20.853708,-14.108805,-3.920033,-4.0090156,-7.5745444,-6.654004,-8.399236,-10.881456,-12.783314,-14.631719,-18.772915,-16.940378,-15.710987,-13.10657,-13.218117,-13.621777,-13.717281,-16.122244,-13.785583,-8.772057,3.0510929,7.6847486,7.5631475,5.3721037,3.1540205,1.5829517,2.0447192,3.4017496,3.6544032,1.5698828,-1.3755487,-1.5811608,-3.2353911,-3.9527378,-3.6433067,-6.2804155,-6.6810427,-6.1944695,-9.941255,-16.589191,-18.842133,-13.658528,-11.020961,-9.3788395,-8.749904,-10.092747,-10.395565,-10.7930765,-13.201928,-11.964377,-12.95856,-11.634047,-10.988603,-10.431641,-6.4587092,-1.3420385,-0.28025106,-1.8596613,-4.172148,-5.206048,-4.4919286,-3.67241,-2.639291,-3.1992507,-6.259728,-8.490078,-12.157469,-11.246536,-11.105638,-8.776752,-8.177625,-6.5841246,-6.8442864,-15.170975,-16.52602,-15.197978,-10.581056,-7.390761,-8.656565,-12.225465,-13.484348,-20.454548,-21.354105,-22.307926,-21.181822,-17.5992,-16.990732,-13.874264,-5.8716564,-3.8328152,-8.146074,-10.5008335,-8.512442,-7.180023,-11.090346,-15.2655325,-13.681292,-11.554537,-4.476726,-3.188503,-6.860337,-10.98398,-17.540405,-16.563412,-11.486531,-7.604098,-6.34334,-8.65884,-7.9421434,-7.6821375,-1.8091455,-1.0644882,-6.2940717,-11.000994,-11.523905,-17.51762,-20.097149,-14.505681,-9.904389,-8.020483,-11.64503,-11.537798,-6.857951,-8.301862,-8.684423,-8.581352,-12.696566,-11.576351,-10.391634,-11.063814,-12.93695,-14.686107,-13.675958,-16.463373,-11.532461,-10.968227,-14.261828,-15.387368,-8.329308,-3.663912,-5.8074017,-10.416232,-12.181716,-14.04575,-12.717227,-13.475471,-10.209675,-10.335502,-11.11059,-5.6553116,6.5004106,10.460233,10.975175,9.770898,6.608884,2.8813565,-0.7057586,-1.2059591,1.4674224,-4.3616652,-9.273587,-6.0151463,-4.387233,-9.694685,-5.2529244,-5.531673,-6.3955975,-5.9715004,-6.1751194,-9.127623,-6.84412,-7.8902473,-11.859292,-7.4277697,-9.02047,-11.893792,-9.57094,-10.646473,-12.909466,-14.48583,-11.949301,-13.90366,-14.878326,-9.601557,-5.599749,-7.695052,-10.959125,-13.996796,-15.774727,-11.615524,-10.006016,-16.626682,-13.525127,-13.234397,-11.096695,-6.8239937,-7.8499584,-7.5193005,-6.407184,-8.970977,-10.981275,-15.560253,-13.451529,-13.281431,-13.682978,-13.091433,-10.49535,-7.2040725,-6.6911073,-9.794287,-9.974692,-9.211365,-9.262253,-11.182611,-11.492257,-12.366819,-13.548035,-15.547499,-13.234306,-12.70182,-15.647985,-16.5897,-13.419756,-7.761455,-4.124348,-5.3432713,-8.758516,-11.350012,-14.5309105,-18.387272,-15.02287,-10.357369,-9.336768,-9.232324,-8.775593,-9.9543295,-13.64024,-13.779325,-13.721066,-18.555143,-16.624054,-9.697395,-11.850628,-13.852934,-13.951204,-16.795305,-16.286846,-12.42961,-11.480068,-14.412687,-17.04108,-16.260668,-19.205061,-20.453747,-22.704361,-25.683067,-20.302355,-15.736343,-9.830252,-10.021547,-12.847549,-9.532333,-6.681939,-7.0962424,-7.554012,-8.5476675,-9.714097,-12.7790365,-11.198853,-10.723202,-12.05792,-12.698508,-12.72714,-14.685951,-6.0250406,2.932178,4.6500645,4.0261254,3.0414114,2.7442288,2.0895338,1.5840877,1.7057902,1.7140211,0.5669012,-1.0200489,-3.2022362,-4.36117,-5.6139126,-5.332694,-0.19633138,0.5725294,2.5822747,2.592199,5.971513,6.910304,3.009517,-9.065455,-5.7291007,-4.096834,-4.5703325,6.497778,9.622675,5.4491053,2.1920054,8.679061,6.4976664,-1.3678021,-2.7900302,3.0741084,10.349335,9.854279,5.551677,9.919579,9.588007,1.4804239,0.42576846,3.5925107,11.602282,10.624814,3.3836772,-1.288538,0.807467,-3.4763935,-3.6023746,-2.11701,-2.8523455,0.09645814,-0.3200576,6.0336328,5.944954,1.2736923,-3.6740289,-4.0648723,-6.97561,-9.448959,-12.186134,-5.0664682,-4.9657645,-7.809946,-7.4352937,-4.506902,4.3349853,5.68269,1.3390744,-1.3322915,-3.4705477,-8.245851,-10.986576,-9.110662,-6.2969565,-7.253995,1.2994728,8.484265,7.20089,0.972923,-6.544324,-2.8629804,-1.96716,-3.4089806,-2.8585873,-0.75083226,0.2580252,-3.4252536,-6.2820425,-7.8698874,-4.5300407,-4.4847193,-4.4550276,1.61058,5.035317,4.2794495,0.028625418,0.83826596
-13.723792,-15.645426,-19.47092,-21.63911,-23.374071,-24.358051,-21.12717,-19.044073,-18.28317,-22.568113,-24.035797,-23.564587,-27.030857,-22.021025,-16.043882,-11.214957,-13.734421,-16.556267,-17.079155,-21.40804,-22.734531,-25.928762,-24.180613,-25.12686,-22.459408,-24.423487,-25.37142,-24.97406,-23.345901,-22.464302,-17.684868,-10.640841,-9.835289,-13.237759,-22.317467,-26.48305,-21.940516,-18.38696,-17.99534,-16.152164,-15.62715,-17.426365,-20.770016,-23.233341,-21.880816,-24.85612,-30.402058,-22.395794,-12.081146,-1.2821732,2.7587147,2.9462514,1.9612331,1.5012465,1.1389108,0.25002334,-0.016734604,-0.6778907,-1.5368285,-1.7136497,-2.6369073,-3.175825,-3.841057,-5.150414,-5.5292416,-6.0160284,-4.3629904,-6.0761337,-12.009129,-12.023698,-10.460054,-13.059639,-14.291672,-12.677902,-16.154602,-16.496746,-16.505695,-18.331894,-16.788467,-16.950975,-16.664198,-14.267515,-14.222696,-9.782755,-7.877449,-11.294202,-11.982727,-10.336826,-11.585295,-12.052618,-9.999333,-6.4936614,-4.667075,-5.184999,-6.675129,-7.514954,-6.7808228,-8.601085,-6.1273556,-1.1436117,3.0130172,1.440351,-5.88605,-10.374762,-10.468325,-10.031233,-6.318858,-7.1941843,-7.100732,-2.6719542,-1.2973017,2.5112662,6.852297,8.4462185,7.0652814,-0.20449457,-4.074016,-2.2077928,-3.9234781,-5.8031006,-5.962327,-5.440802,-5.79735,0.50444674,6.9243717,4.6159945,-2.0711496,-5.467639,-7.9326525,-7.152481,-6.5907617,-8.741261,-8.341309,-8.4955225,-1.8021381,-0.15582909,-7.5531387,-13.119623,-12.018482,-9.894603,-11.611055,-13.968397,-12.483078,-12.891624,-12.30177,-13.342421,-16.936848,-15.962324,-18.476643,-19.77487,-17.8124,-14.722809,-10.876336,-12.606969,-12.265154,-10.911771,-13.988487,-13.948439,-17.989729,-18.074245,-15.2477455,-12.625515,-15.672227,-16.94173,-18.154514,-16.240116,-15.067903,-17.506596,-14.514008,-10.297531,-13.771927,-13.86837,-15.392932,-15.634079,-15.848823,-17.59053,-18.701206,-14.974537,-14.999855,-18.8924,-17.816965,-19.648987,-20.433018,-21.535347,-20.440386,-19.354256,-15.221062,-15.32686,-10.754079,-9.157841,-18.1407,-20.239132,-19.96723,-12.918528,-12.26926,-8.75831,-6.290429,-7.2939754,-9.351278,-10.954733,-14.957144,-14.840207,-13.217921,-12.199235,-13.513976,-13.40546,-10.837216,-7.2346373,-5.481992,-6.2222195,-7.4422846,-9.154735,-6.533666,-7.5033307,-13.301212,-15.271576,-15.615397,-19.54779,-19.117844,-20.07079,-15.423162,-12.949838,-17.16368,-13.286505,-11.668545,-15.681372,-15.756974,-16.877571,-22.752827,-18.896492,-13.819324,-14.831377,-12.917135,-12.904158,-15.136994,-15.064121,-9.498028,-2.0764258,0.9517842,0.8120621,-0.08570072,-0.40602568,-1.6660349,-1.2236118,-2.4831953,-2.9491642,-0.9027926,-2.012979,-0.2292818,0.36716133,1.0118756,-1.1572127,-5.8387814,-6.7443414,-4.4784613,-6.9747877,-9.32085,-11.984836,-4.230336,-0.52900773,-4.1975775,-8.325671,-8.573516,-9.563676,-11.692694,-11.972299,-9.1399765,-8.636045,-7.2722387,-10.232568,-6.9340477,-5.7121296,-11.241178,-16.486967,-16.599514,-18.223886,-19.267742,-22.930239,-16.548508,-16.426891,-18.535637,-18.71228,-17.911404,-20.490482,-17.964758,-19.149744,-20.448708,-16.180164,-9.804498,-12.681509,-17.59701,-18.291649,-20.476566,-24.568815,-24.03846,-23.282131,-17.576614,-14.725784,-15.674418,-22.27023,-28.003078,-28.278172,-24.978294,-25.675308,-17.627834,-13.924913,-15.174812,-19.992935,-24.425526,-23.899834,-22.609589,-20.978815,-18.765451,-14.720334,-13.84035,-17.756132,-20.879044,-16.926367,-17.654865,-23.936287,-24.574167,-24.284632,-15.930773,-9.623175,-13.28998,-23.358562,-24.035915,-21.461908,-24.873125,-25.823982,-20.553085,-21.093025,-26.28577,-23.810617,-22.797005,-26.821136,-31.247276,-25.089447,-21.80668,-11.424858,-8.525353,-13.893529,-22.832167,-22.851402,-25.215235,-28.750538,-30.59452,-29.749098,-25.555473,-24.849663,-27.23055,-26.55611,-26.019772,-28.147896,-30.37651,-27.300098,-13.525219,-11.804723,-19.744678,-26.06127,-23.540028,-23.79269,-22.258406,-24.504206,-25.12315,-22.012012,-22.790009,-23.798641,-21.76155,-22.82424,-25.422318,-28.032103,-18.959131,-11.152158,-12.636427,-11.383701,-11.73176,-16.390995,-18.47764,-19.8645,-21.80396,-17.481655,-0.9046295,4.2080812,-0.15554683,-5.674853,-8.229168,-10.793503,-11.379499,-7.3243065,-7.776401,-14.260665,-19.701904,-12.024423,-6.5179596,-2.370304,-2.947477,-11.307413,-6.2310414,1.8820698,4.943101,2.8058493,-1.1858885,-1.2776148,2.3739233,-2.5076604,-11.366061,-10.041325,-3.5916429,2.1409657,1.77137,-3.5012672,-6.055408,-10.185752,-10.178624,-10.719348,-5.700968,-2.8755083,-6.0901856,-6.720022,-12.317319,-17.469452,-12.454003,-8.162208,-7.719576,-10.914389,-12.434369,-8.010974,-10.243669,-15.701188,-17.66804,-15.864202,-16.433731,-1.112857,10.862946,11.66648,6.5490713,5.2320867,4.331481,3.6067483,4.4210205,1.9859039,1.4578413,0.5565425,-3.6584427,-4.5463223,-3.5396638,-2.8527713,-7.536742,-9.474941,-8.706942,-7.272073,-2.7843914,-2.223821,-2.6902196,-5.610448,-2.2282176,-0.47713992,-1.7291782,-5.4658656,-9.971487,-13.118644,-12.799341,-13.642341,-13.002808,-12.105063,-18.081347,-18.608782,-16.286833,-17.698065,-17.851425,-14.125876,-11.919255,-14.734064,-16.175674,-5.2216244,-5.1323266,-16.683298,-15.743791,-18.267496,-23.911573,-23.790527,-24.31586,-20.303652,-21.623144,-23.406921,-24.058514,-26.1545,-26.227505,-33.059116,-31.076021,-23.654743,-11.008668,-9.734108,-16.516949,-16.821526,-19.066547,-21.329165,-20.2583,-20.304047,-22.260141,-23.23624,-9.857651,-1.4661468,7.038791,7.975214,0.302159,-2.3740568,0.56866926,7.0562286,5.01896,10.501291,10.553259,3.2554836,-0.42698258,-0.20154312,-1.2466122,-1.3599938,-2.6896634,-3.5128343,-5.0324802,-4.3605523,-2.8468826,-3.241737,-6.679001,-8.082542,-4.314854,-2.4904726,-1.500395,0.19093531,-0.73638946,1.6657937,2.2257526,0.3321956,-0.22991851,-0.18001014,-5.1174974,-5.194614,-7.031984,-9.403907,-10.545551,-12.854705,-11.131658,-14.055785,-9.926844,-8.591032,-15.2067,-17.651512,-15.36909,-16.990812,-14.311359,-12.733738,-15.99917,-18.69703,-20.021206,-15.965815,-10.392088,-9.18881,-10.5986805,-12.354574,-11.929736,-12.772465,-13.288563,-16.835308,-18.154202,-21.147327,-22.652208,-24.392883,-25.547897,-21.871243,-23.398344,-15.996918,-9.720011,-11.580978,-21.929209,-26.607113,-20.536171,-11.825267,-11.870173,-12.577176,-15.310597,-21.699417,-24.852936,-22.020695,-16.037237,-11.902375,-6.4002104,-6.400959,-5.9974976,-6.565954,-15.176378,-17.338959,-17.544239,-14.487462,-7.000299,-4.4831004,-5.604964,-7.557597,-9.579614,-15.585966,-15.9312105,-16.247284,-16.244184,-19.86208,-21.839748,-17.374935,-15.854856,-17.760612,-16.258217,-15.832095,-19.34026,-16.660902,-17.510681,-11.731891,-11.031185,-16.339676,-6.9157557,-3.8913622,-11.035466,-17.237865,-17.36837,-18.147419,-17.448862,-17.396479,-18.677917,-17.985537,-21.068708,-16.929552,-13.4224615,-12.04126,-7.526822,-10.323678,-23.577637,-20.243795,-17.653286,-19.826586,-16.390282,-19.565224,-22.326448,-11.944378,-8.357203,-13.691036,-21.311266,-23.330381,-15.096816,-8.600937,-4.5395575,-3.4649472,-6.708346,-11.577446,-18.313038,-20.409649,-22.048935,-25.14477,-18.799557,-15.258219,-12.963821,-10.630522,1.9039087,5.7273774,6.1518855,4.622759,4.7437363,5.3802004,4.9359603,4.252749,3.8681407,4.14178,4.4213934,3.5939953,1.3710023,-0.04871337,-4.7701826,-6.2823772,-3.0596986,-2.9220655,-3.0205846,-2.4990094,-2.932925,-6.900386,-11.394263,-12.284183,-8.692411,-8.571264,-12.191383,-16.001818,-16.273767,-14.599897,-14.5000305,-14.44833,-15.837226,-13.104071,-12.184515,-12.15634,-10.747828,-9.193685,-7.9990907,-4.37794,-2.5598288,-3.4676166,-7.6066437,-8.355475,-7.9120016,-8.287382,-8.8220625,-7.447879,-7.3497796,-7.757539,-8.621162,-8.426176,-7.714326,-7.204804,-7.6354895,-8.560175,-7.482398,-6.2908506,-5.0672874,-7.7225475,-15.9823,-14.333557,-10.030036,-7.732592,-6.735492,-6.355991,-6.507309,-7.7246647,-10.338247,-11.526657,-12.461191,-13.03429,-7.349362,0.09908124,2.769043,1.8136542,-0.5404459,-2.9622502,-4.1378374,-2.8155434,-2.3008535,-4.4195123,-8.854275,-11.068158,-11.577723,-10.737637,-6.2159014,-3.709844,-2.7689133,-2.4312112,-2.4894092,-1.9631548,-3.2720442,-7.2752953,-17.336708,-17.985666,-16.572128,-10.897858,-7.8358774,-6.901124,-7.188347,-8.696955,-12.029589,-19.731861,-14.525289,-10.669556,-8.643649,-8.369777,-4.329612,-1.0483072,-2.0409245,-1.671219,-2.533721,-5.9323974,-11.33095,-14.867014,-11.12719,-6.153758,-3.738619,-3.6345313,-5.1866918,-6.073277,-6.092844,-7.7937546,-8.857244,-3.6222193,-2.9707682,-4.406201,-4.508383,-5.3117695,-6.315148,-7.6172123,-6.7933598,-6.7080126,-9.162105,-10.634862,-11.128838,-10.557758,-9.171195,-8.259594,-7.6515436,-5.9123697,-4.3019805,-3.5750046,-1.8703748,-5.4707403,-11.603852,-6.282925,-7.621016,-6.462858,-8.511239,-8.247345,-9.198798,-13.696512,-9.558492,-8.782275,-12.672004,-15.8197,-14.76735,-7.935074,-9.926641,-13.479881,-15.580188,-16.40767,-13.491353,-14.145721,-14.128962,-13.177634,-13.482505,-13.812773,-16.175018,-16.11066,-14.208411,-15.177261,-16.223934,-16.97931,-13.042238,-9.840483,-14.874065,-10.63682,-3.0860474,-2.7150574,-2.58669,-3.6146145,-3.6409476,-3.5635557,-2.6564476,-2.2038033,-2.306715,-4.1033945,-8.413128,-11.27232,-14.936676,-13.753762,-9.795534,-10.73563,-13.497486,-13.24643,-14.936309,-14.562447,-17.92402,-18.455397,-18.157173,-20.180534,-21.989319,-20.950676,-18.338427,-17.048164,-19.91535,-19.426546,-18.625404,-4.9147696,0.103805095,1.3352894,0.7666873,0.43994847,0.19126478,-0.4930565,-1.8143258,-2.501714,-2.7355618,-3.1990006,-3.4027982,-4.5130587,-5.5900097,-5.987317,-6.704514,-7.818625,-7.2241645,-6.928961,-8.991643,-14.922176,-12.414871,-15.0741825,-17.057772,-17.144024,-17.200527,-20.935257,-22.843868,-21.98559,-22.648617,-19.937601,-16.803413,-14.879147,-13.797649,-9.534964,-11.614059,-13.56748,-12.219119,-12.970978,-12.372178,-12.125326,-12.581134,-11.500782,-11.479542,-12.2902155,-10.882122,-9.011735,-10.259569,-12.984733,-13.004906,-11.553463,-4.905461,-4.4215136,-9.562998,-11.590012,-11.32037,-11.6040745,-10.950739,-10.032257,-10.5995,-10.804992,-11.820629,-10.979719,-11.110291,-11.196262,-11.790042,-12.253134,-12.321638,-8.926127,-4.6194577,-6.4322157,-11.277868,-12.564334,-13.257359,-15.201679,-14.831161,-13.911973,-8.593448,-6.0453887,-10.573583,-9.427551,-11.026508,-17.471106,-16.648567,-18.191721,-13.485442,-10.092003,-11.114646,-14.064402,-19.630383,-17.377773,-18.088387,-24.06392,-21.850826,-22.153336,-22.687065,-21.591145,-24.563313,-23.398441,-21.745155,-21.485567,-21.893635,-17.454823,-8.68352,-7.8735204,-12.29442,-16.7879,-20.064009,-22.24665,-25.813963,-25.505865,-21.68364,-20.073807,-23.91823,-22.513046,-20.752926,-21.510216,-24.969347,-26.096786,-16.066187,-5.0937624,-4.973975,-15.259588,-19.519535,-19.278927,-21.676533,-22.549772,-21.787231,-21.187971,-19.45058,-17.723917,-22.506271,-23.332577,-24.636482,-22.795616,-21.571136,-20.47991,-4.9499836,0.5371742,-1.4845486,-1.768614,-5.2310557,-9.78109,-11.894701,-9.94405,-11.370569,-17.192541,-13.780541,-12.557678,-16.065413,-19.95702,-21.226395,-22.796307,-23.075691,-9.922583,-6.7574673,-12.955263,-15.114646,-9.528664,0.6439138,-0.39745867,-10.992604,-15.500153,-15.804276,-15.272847,-14.508131,-17.63031,-14.289113,-12.961807,-13.134153,-12.89015,-11.465889,-10.512085,-13.705493,-15.826477,-17.64423,-17.25678,-18.410131,-17.837416,-18.766186,-21.627789,-19.562822,-18.53662,-15.8759775,-17.421064,-17.52804,-19.927746,-7.901519,4.057092,7.0861125,7.601797,7.1074314,6.5712876,5.857197,5.815403,5.2044153,4.4590607,3.770521,4.4951644,5.2275844,3.6610959,1.4338253,1.5863699,1.4995812,-0.49464822,-7.658661,-5.854594,-6.844197,-9.534624,-11.199896,-9.145574,-11.4453745,-12.580237,-13.899038,-14.551987,-15.069541,-14.657391,-15.88106,-20.215864,-19.50715,-17.808111,-9.3913,-7.44149,-13.813614,-17.113245,-20.867664,-18.21423,-17.533209,-21.54745,-22.315065,-22.028254,-17.829683,-15.61309,-22.411644,-25.42452,-26.421734,-23.667027,-14.624133,-5.788659,-3.0576816,-2.0631351,-2.3291898,-6.5280695,-19.095362,-21.45564,-16.334785,-14.789579,-16.369116,-21.355625,-21.876993,-25.943722,-29.810879,-29.96354,-24.529688,-21.805527,-15.361385,-5.466071,-6.7119145,-18.557947,-29.415798,-31.2375,-35.12737,-29.331749,-28.780067,-32.755005,-25.882568,-24.984962,-30.363495,-32.15401,-31.383226,-27.092287,-18.99534,-12.181102,-12.588522,-11.344743,-16.762413,-20.048502,-22.27692,-22.40899,-21.409948,-19.902964,-20.17852,-21.139824,-22.377895,-23.652868,-25.96519,-29.699049,-29.41681,-28.423164,-15.734526,-11.518663,-16.562458,-25.512037,-28.69338,-27.877123,-31.342785,-29.688976,-27.861622,-29.954556,-29.631592,-25.651604,-24.889416,-25.676785,-28.909285,-28.28001,-23.28952,-10.226446,-4.971529,-4.410767,-8.490516,-17.698423,-23.460217,-23.423069,-23.017002,-22.548103,-21.387617,-24.059679,-22.721981,-26.067335,-29.641573,-25.166286,-23.534891,-23.274458,-11.749219,-6.690309,-13.0399275,-18.052296,-20.519125,-22.8341,-27.529217,-30.758,-24.56318,-19.006723,-13.38409,-11.134496,-13.542768,-21.011948,-21.191914,-12.902941,0.7974857,2.5617359,2.8706698,7.413118,5.7932205,-1.9754564,-8.691616,-10.07887,-12.519928,-12.343298,-8.387936,-1.7535586,8.296195,13.639722,14.139839,11.262342,4.788178,3.306619,-0.75722575,-3.8080528,8.734035,14.516439,13.073189,12.269947,4.7716665,-0.782738,4.958058,3.8259616,6.841705,12.330742,8.681248,-0.37647095,-0.46922755,-1.5670571,-4.168095,-3.2745674,-0.99517286,0.46939874,-4.171477,1.4507995,0.20640102,-3.53466,-6.47194,-10.133542,-10.196618,-9.153914,-9.491368,-6.785348,-6.782923,-4.966625,-3.759395,-3.4181836,-3.8562922,-5.27333,-4.170999,-2.3318624,-6.357022,-12.563639,-13.358022,-6.3629,5.9918303,12.8980465,15.847204,12.896877,4.5010366,1.577736,2.7075472,-1.5673864,-2.9555724,-2.4507358,-2.5095887,-1.6996853,-2.3807135,-2.7866697,-1.632416,-5.590034,-8.376044,-3.0736375,-3.513737,-5.00936,-8.206881,-10.269703,-8.091727,-6.46312
-13.447443,-14.39992,-15.389743,-13.016392,-13.874147,-16.555208,-15.036703,-16.900911,-17.970201,-18.543936,-20.336342,-19.989542,-24.557232,-23.10654,-20.13634,-16.19313,-17.35231,-18.101574,-19.484884,-17.5474,-16.969416,-21.392826,-24.382162,-22.256813,-21.347717,-22.527931,-22.650654,-21.33812,-19.993898,-17.540733,-19.893929,-13.907481,-12.916384,-19.836842,-22.093498,-20.996134,-17.700363,-16.222723,-16.181128,-13.56056,-13.123358,-15.358141,-17.010456,-20.281603,-18.35869,-20.777578,-26.603651,-20.66153,-12.655105,-4.632065,-1.625026,-1.2536168,-2.186234,-2.656469,-3.4732442,-4.7812643,-3.9683194,-4.726794,-6.210924,-5.90389,-7.2939196,-7.593931,-7.6734753,-9.665732,-10.295863,-10.115338,-5.9440756,-8.151589,-15.040747,-16.339474,-12.861292,-14.8076725,-15.8718815,-13.606805,-16.01876,-16.331789,-15.577475,-16.380138,-17.157082,-21.2132,-21.583035,-16.093248,-16.000574,-9.561117,-6.5954375,-11.83148,-15.817249,-13.644671,-14.768969,-15.199469,-13.940487,-6.2370734,-1.0776638,-1.9512868,-6.867828,-11.074973,-9.649569,-11.548061,-7.3867254,1.184118,0.5361594,-0.78894484,-3.0350785,-5.463167,-7.2519155,-11.658161,-8.228271,-9.134039,-9.423716,-6.3202915,-5.9618325,-7.9818897,-7.531721,-10.637417,-15.50027,-16.4745,-12.949218,-8.854969,-8.8875885,-9.4800625,-13.189489,-14.810894,-15.039916,-4.765896,2.0708168,-1.3324854,-8.39374,-13.589591,-12.152768,-11.79475,-13.763821,-10.693834,-15.119106,-16.297464,-10.738132,-8.209324,-10.976933,-15.188266,-13.252811,-12.480276,-14.529264,-13.349544,-10.149321,-10.906248,-12.17417,-13.046795,-20.068731,-21.16905,-21.758013,-17.300266,-16.184,-16.40712,-13.013803,-13.854845,-13.831172,-15.305191,-16.458904,-13.324589,-15.338255,-13.715649,-13.940226,-17.531769,-19.969221,-15.499688,-16.20885,-16.693836,-12.087921,-12.506489,-14.291792,-13.526308,-15.569862,-11.784314,-13.702378,-13.825964,-11.7210655,-13.378084,-12.666263,-10.072502,-12.797518,-15.784643,-18.188114,-24.374378,-21.975128,-21.139305,-18.328678,-18.927368,-16.526888,-14.247865,-19.778938,-17.31314,-16.187904,-18.429247,-18.870985,-19.411074,-20.006533,-10.957889,-6.7253947,-8.916131,-7.631215,-4.1374183,2.9968586,4.0065136,-2.6755757,-6.5827203,-11.029074,-11.033615,-10.639238,-10.906591,-11.677302,-8.865475,-8.346094,-7.3801937,-4.575309,-4.2633705,-6.8156996,-8.331825,-13.406532,-19.862091,-21.422464,-16.361317,-13.714285,-13.37056,-18.377968,-16.262835,-14.897946,-16.41109,-16.414207,-17.125118,-24.69897,-22.564297,-19.574287,-17.563936,-17.591034,-21.861046,-25.227594,-24.980257,-12.007149,-5.830167,-3.154459,-3.4638004,-4.8594875,-4.6950455,-6.288128,-5.8705072,-6.917158,-7.5102215,-7.534328,-8.36275,-8.144816,-9.3765545,-10.362353,-11.657124,-12.842498,-8.87275,-6.744174,-10.418669,-11.385554,-13.41787,-15.954382,-15.926554,-14.508501,-8.456299,-5.3100147,-7.5178027,-10.960904,-5.102787,-3.666026,-3.865224,-7.9338036,-12.369951,-8.06122,-6.5295415,-11.817851,-18.802645,-17.868755,-15.3864155,-15.588647,-21.148443,-21.260277,-21.497616,-21.158087,-22.47844,-24.614584,-23.8187,-23.086317,-23.958302,-26.96725,-22.397327,-11.351902,-12.547177,-24.0563,-24.534876,-26.060299,-27.417105,-25.794899,-23.968327,-27.269379,-25.449062,-26.125721,-27.145565,-27.155054,-27.818413,-28.441267,-29.192333,-25.826828,-17.161518,-13.482073,-18.849854,-29.042063,-31.634329,-30.060709,-30.280575,-33.212025,-33.91537,-31.715176,-29.485312,-32.224678,-31.590656,-31.23898,-33.03202,-35.01768,-29.304285,-18.464085,-13.353626,-19.100964,-35.556713,-33.964233,-36.903828,-36.754326,-39.283325,-37.621304,-37.801395,-38.936497,-39.10242,-41.152374,-40.399162,-40.481018,-32.91599,-25.528572,-19.117588,-15.845369,-17.327461,-25.79044,-32.41867,-36.364674,-37.45464,-38.255707,-34.503548,-33.26893,-31.839773,-33.576103,-33.651024,-35.53434,-40.016663,-36.728416,-28.442394,-17.692638,-16.104658,-17.234915,-19.778,-27.663334,-22.290487,-22.0171,-23.789753,-21.181152,-21.813446,-23.81261,-25.263828,-21.19136,-21.383402,-28.389528,-28.786678,-20.264297,-12.214099,-14.010085,-14.151238,-8.24497,-9.482161,-15.455524,-7.266279,-8.007898,-17.369839,-7.621555,-3.101647,-6.296155,-10.377646,-12.935433,-14.878425,-16.690498,-6.1017914,-4.822592,-13.730621,-21.380562,-17.910696,-17.666393,-17.098278,-21.505093,-22.74563,-19.894468,-19.018085,-19.782831,-20.933416,-19.936825,-20.162731,-21.02914,-19.534584,-15.937107,-14.455943,-18.01226,-20.860416,-26.862738,-26.11422,-23.64933,-24.894512,-30.61691,-30.793306,-28.205187,-31.041275,-28.08046,-29.5066,-27.750757,-26.419828,-29.769009,-28.636911,-17.561655,-13.470251,-19.703865,-24.712162,-26.352413,-29.95795,-29.529942,-25.704947,-28.335018,-13.559662,1.3856008,1.8551109,-7.946247,-8.452868,-4.40361,-9.354504,-3.794921,0.40574306,0.94930303,-3.543472,-10.64551,-13.64654,-10.102783,-9.283906,-12.784468,-12.441815,-12.66889,-11.081481,-12.982554,-23.41419,-19.685425,-17.016733,-15.564762,-13.07796,-10.757271,-12.488487,-18.656225,-22.443306,-17.25246,-18.080658,-23.494127,-20.169344,-19.45999,-22.354374,-24.143692,-26.435778,-27.155674,-20.6319,-16.21525,-15.159195,-18.717482,-16.35914,-14.598993,-19.481184,-25.590994,-26.304947,-28.47823,-30.620317,-27.858046,-24.422497,-25.57706,-32.516247,-33.197216,-29.327465,-27.932343,-29.006847,-30.84378,-25.055443,-12.617187,-10.307279,-15.691581,-20.584362,-23.413763,-24.431269,-23.12257,-21.593334,-23.247633,-22.721657,-8.712655,5.9720736,10.828985,10.308379,4.6604066,1.7986076,1.1877117,5.339833,11.714553,13.946853,8.444994,0.6540139,-3.0358412,-3.4295716,-0.70779794,1.4284675,-0.781779,-1.0651941,-3.5972836,-2.0901904,-2.4448662,-0.9365089,-1.7189357,0.8225039,2.2231646,1.330508,2.5333314,0.48737618,1.8799436,-5.7858124,-7.469981,-2.9063234,-0.73699063,4.312696,6.1530867,0.6945192,-4.7916713,-5.803917,-9.429644,-8.88775,-7.1075573,-7.252955,-7.4274263,-7.979168,-11.398543,-15.406953,-10.090033,-12.712105,-15.091026,-13.970536,-15.405928,-13.959572,-14.892006,-16.589054,-16.54926,-7.8891253,-4.205899,-6.9929957,-9.68645,-11.54676,-12.782636,-11.399126,-12.278701,-18.284822,-14.526949,-16.30651,-20.516827,-19.032007,-18.290112,-13.395697,-6.3132386,-8.782868,-17.998016,-16.510027,-17.70956,-7.956456,-6.957609,-12.46883,-10.604923,-6.0064545,-3.228526,-3.4762719,-8.086091,-14.268018,-8.183582,-3.7934136,-4.1419544,-9.4716625,-15.141914,-13.47891,-13.365959,-12.831991,-9.915691,-7.5223083,-6.0635448,-9.352425,-15.659418,-12.586864,-11.322566,-16.455044,-19.804499,-19.732584,-20.391874,-20.311728,-17.644669,-12.21949,-6.898629,-11.0914345,-17.07454,-14.218456,-16.863857,-11.533385,-11.862679,-19.140451,-15.473602,-10.748005,-15.9755945,-20.525763,-21.435871,-22.296055,-17.728394,-18.558744,-20.64686,-16.866554,-9.115049,-1.874441,-1.3250687,-6.7353344,-6.300603,-8.334837,-14.382844,-13.912247,-14.629058,-13.751064,-11.694183,-14.87612,-10.1038885,-6.8958926,-9.083513,-12.366181,-12.485935,-10.538831,-8.246808,-6.7120748,-2.8292348,1.8423159,2.954295,0.230017,-5.799255,-9.292908,-10.35344,-14.006206,-8.94971,-8.030268,-5.435049,-4.902315,-0.26132715,2.1867566,1.6837115,0.89427584,0.06273034,1.7109463,2.105218,4.15688,7.8282413,8.405386,7.979219,5.71655,-0.55257314,-2.2306478,-1.69643,-5.4370117,-4.740883,-2.7140472,-3.145808,-3.1452885,-5.4690094,-7.2684727,-10.29237,-10.208681,-7.5903273,-8.356936,-12.389391,-17.712927,-16.918041,-17.318897,-15.067387,-12.870006,-12.384148,-15.549948,-15.419847,-14.71015,-14.20103,-13.526273,-11.722059,-6.648494,-6.277041,-5.8779335,-8.092958,-9.820447,-11.05598,-12.34495,-13.009037,-10.624039,-11.97524,-12.357786,-13.066825,-12.826938,-11.778307,-10.807109,-11.371051,-13.401042,-13.078171,-8.862698,-7.4735947,-14.001827,-19.82715,-17.103134,-13.89824,-11.995989,-11.597404,-11.793815,-11.928823,-12.281101,-13.179542,-15.200207,-16.302547,-17.136848,-12.619408,-4.1248837,-1.34423,-3.243113,-5.1098127,-7.7051497,-9.9094925,-8.475418,-7.1559525,-9.768076,-16.218693,-17.98132,-18.046131,-17.22653,-11.645496,-9.172181,-8.453113,-8.888715,-8.545522,-8.4145975,-7.3619723,-10.937652,-18.762249,-23.962906,-23.103931,-16.115921,-12.512005,-11.819377,-12.733477,-13.917003,-14.594855,-18.825947,-18.859478,-15.46059,-12.893481,-12.282711,-5.861137,-5.2410865,-8.004266,-7.15606,-8.105735,-11.5271845,-19.648607,-25.26621,-17.543737,-10.133657,-7.4795446,-8.561232,-11.789402,-10.963801,-10.019307,-10.672764,-13.1569805,-11.969734,-11.488557,-12.002571,-10.941816,-12.02257,-14.823261,-13.724269,-11.861908,-11.193328,-13.156363,-12.712735,-11.212261,-11.592978,-12.076942,-11.632437,-9.132281,-2.9518106,-1.8253767,-8.118441,-11.1060505,-10.635203,-2.0927048,1.7333354,-0.9927195,-5.3808146,-8.444437,-11.699189,-10.539576,-5.7386227,-6.2272377,-14.862033,-16.876453,-13.317894,-12.909559,-12.220737,-13.673911,-17.111134,-16.414577,-14.766722,-14.558806,-15.23397,-12.923888,-15.886457,-20.083527,-15.378022,-14.295427,-12.451325,-12.788768,-13.514667,-11.426809,-13.580312,-13.185395,-10.311817,-12.934811,-10.421225,-8.555848,-9.682301,-8.565556,-6.0482364,-8.216458,-12.135447,-14.527533,-9.504327,-9.116448,-13.572399,-11.506952,-13.894451,-16.378826,-12.944258,-9.555199,-11.903975,-15.580607,-16.25971,-17.219814,-15.050582,-16.637995,-20.975687,-22.873455,-23.634254,-25.5943,-20.995945,-22.71551,-19.254507,-18.530676,-19.338444,-22.356472,-11.545565,-3.5604634,-2.4203153,-4.085057,-4.097932,-4.6143003,-5.1158576,-5.927443,-7.225643,-7.334039,-7.763377,-7.9760365,-9.197101,-9.647645,-10.31531,-11.936383,-12.19247,-11.021748,-10.574721,-13.320807,-16.881603,-14.221336,-18.212404,-20.899887,-21.310284,-19.913198,-23.113388,-24.66949,-23.20972,-25.232145,-25.218412,-22.990425,-20.420357,-21.17563,-12.43494,-11.533215,-15.46933,-15.577712,-15.990002,-15.848921,-15.845196,-16.863997,-15.379781,-15.758436,-15.961989,-13.060304,-13.022595,-13.446517,-16.687714,-17.596031,-15.706953,-11.740618,-11.212784,-13.933706,-15.651145,-14.2198105,-16.094097,-14.43004,-14.557309,-15.455084,-14.798821,-16.667435,-16.010098,-14.687003,-15.165235,-15.44062,-15.604237,-15.4353895,-10.779868,-7.213317,-12.180632,-16.505178,-17.359114,-17.307337,-18.743969,-18.211689,-17.341688,-13.0208435,-6.6253424,-4.8788924,-6.4590425,-10.888454,-19.353224,-23.452513,-21.9603,-15.175972,-11.72289,-12.656074,-14.089612,-19.831055,-16.502106,-15.465633,-20.397434,-21.19711,-18.745142,-20.352215,-26.174871,-25.845537,-21.982267,-21.326504,-21.114498,-21.540905,-21.771357,-10.722544,-11.403942,-17.778557,-18.793928,-24.463911,-24.39741,-27.118414,-22.322227,-20.842804,-22.911938,-26.955025,-27.977102,-24.476881,-23.510447,-30.145721,-30.846455,-20.05402,-10.4924965,-9.262128,-18.515417,-22.06133,-19.717577,-22.330605,-24.880821,-25.113726,-20.911695,-20.284653,-18.998526,-21.834492,-19.883204,-18.502626,-18.778189,-19.988966,-20.153868,-11.160917,-2.5723596,0.24494268,-2.500607,-9.142052,-12.952564,-13.334994,-12.350569,-9.731453,-11.329751,-15.160851,-15.571214,-14.026548,-15.817122,-16.717995,-18.952263,-21.757385,-16.359308,-12.014563,-14.133921,-14.760694,-13.799033,-7.2094307,-9.593409,-18.616806,-17.817392,-17.93393,-17.293583,-10.844327,-11.156837,-16.995218,-18.181684,-15.509391,-13.468289,-14.234434,-12.55233,-17.120747,-19.735912,-22.3503,-21.950134,-22.317776,-22.130377,-25.056686,-25.567795,-23.238407,-21.328966,-19.257738,-18.288197,-17.066862,-18.608587,-6.1324315,1.041045,2.2993872,2.7331507,2.0300894,2.458525,1.5473443,1.202221,0.62927747,-0.025011461,-0.6904309,0.6134459,3.013608,-1.0927448,-3.9644907,-2.7506309,-2.616026,-1.6883614,-4.8782077,-3.4546251,-3.3656268,-5.571287,-12.720921,-9.628593,-10.400142,-12.632083,-16.353449,-17.2739,-16.260983,-16.923716,-19.274612,-22.206877,-19.151934,-17.96599,-9.463272,-8.838615,-14.536713,-21.165648,-25.532759,-25.03373,-23.42082,-24.537888,-25.423084,-26.573273,-17.058748,-16.031551,-23.911875,-18.687946,-19.333366,-27.700827,-12.894526,-5.7448063,-6.2325478,-6.842671,-6.8874383,-5.310199,-7.7063055,-12.242017,-12.186193,-13.190602,-13.886385,-14.13683,-14.452589,-15.435243,-15.202299,-17.427885,-20.182817,-21.664484,-18.667229,-11.667519,-13.514336,-20.68544,-21.954979,-24.051441,-29.182833,-31.083645,-30.005339,-28.179,-23.580719,-22.717,-27.304909,-32.2822,-30.456215,-30.43816,-13.39249,-3.8560038,-2.6794171,-3.72358,-7.4934025,-9.234949,-10.6958275,-12.518543,-11.975952,-10.302477,-11.7698,-14.680199,-16.747515,-17.90041,-21.826303,-20.96128,-20.915161,-24.20966,-17.316685,-13.638459,-19.027378,-30.055424,-33.887802,-29.239313,-33.112907,-34.4788,-31.833849,-34.992214,-34.385506,-27.815979,-26.128548,-26.992643,-30.16914,-30.789736,-24.177267,-11.42779,-8.212158,-10.016016,-9.434043,-10.712721,-13.374954,-13.843428,-15.425843,-15.645709,-14.623507,-14.374176,-15.708275,-17.958706,-22.839043,-23.726618,-21.122839,-19.697035,-19.337837,-17.747795,-19.734114,-22.43047,-23.6289,-24.11896,-24.356602,-24.685242,-26.206375,-20.694355,-10.259098,-9.344014,-16.338215,-23.232452,-22.228975,-12.40203,4.602619,7.002599,0.19192412,-1.1393147,-6.2753143,-9.7033205,-8.434761,-5.3745847,-9.598259,-10.344082,-8.747452,-8.814645,-4.2219343,7.410653,9.537609,3.2875824,-0.6340006,5.3731756,8.252929,2.1829703,1.2268132,10.271433,13.275658,9.768124,0.72770286,3.8301005,6.3184414,1.4697183,-1.4625275,2.808495,3.1400943,-3.2440743,-5.209572,-5.9505486,-3.5883589,-5.290104,-5.770565,-1.1976866,-1.065517,-4.81666,-6.734569,-9.146183,-7.4784603,-9.213432,-8.598873,-9.264812,-6.860794,-9.907923,-12.868973,-9.66579,-9.102242,-10.184745,-8.4898,-11.852488,-7.854598,-8.608825,-18.431469,-17.090065,-17.276762,-10.59531,5.864556,14.508951,16.055874,9.99091,-0.6264711,-0.958105,0.10942556,-4.7404823,-5.8778954,-2.8653965,-3.1855745,-2.0672617,-2.9040494,-4.4268026,-1.5867275,-6.128728,-9.875032,-3.8322444,-5.3175025,-6.7894316,-9.498776,-15.644733,-13.655581,-11.855364
-14.148698,-15.468456,-16.388777,-16.636587,-20.471966,-23.420795,-21.197987,-21.689606,-20.286486,-24.73244,-27.733316,-25.071136,-23.85656,-21.37881,-16.52034,-13.148851,-17.80231,-21.504995,-22.056675,-21.562458,-20.679495,-20.757786,-26.370277,-27.694855,-27.317158,-24.938862,-27.02903,-27.415373,-26.47266,-28.813332,-22.620426,-16.299946,-14.668069,-17.796387,-21.919363,-24.775738,-26.239502,-26.724472,-27.732399,-29.831825,-29.495373,-26.784756,-28.263548,-26.626904,-24.254787,-28.08466,-32.509235,-29.39786,-17.193502,-13.277492,-9.730545,-10.123224,-11.284552,-11.763831,-12.682932,-13.667046,-14.081441,-13.948576,-14.6390705,-15.509903,-14.747809,-15.324426,-17.38345,-18.271894,-21.064133,-18.985067,-11.711712,-8.83794,-14.767452,-24.827446,-27.56443,-25.672071,-24.919884,-25.900259,-27.092026,-25.741982,-24.282207,-23.400135,-25.51028,-24.70123,-25.677742,-20.637114,-19.248896,-15.318649,-13.35061,-18.800104,-21.012043,-22.986,-19.917011,-20.438059,-16.006264,-3.4623399,3.1005933,3.9619522,-1.9484066,-7.2433925,-7.6994486,-9.65932,-8.337022,-0.40040132,0.050331883,-3.5285711,1.1815681,0.24107966,-5.8710775,-8.800997,-8.647903,-10.2597885,-8.2917385,-1.1856501,3.237789,-1.5302012,-6.7920184,-5.0488214,-8.89229,-12.66204,-14.29211,-9.718503,-9.732588,-13.070908,-11.507074,-13.3740635,-9.711711,-7.451888,-7.4694734,-8.537616,-8.475601,-13.04248,-15.696053,-8.285652,-8.2526,-10.65933,-12.342876,-14.097759,-11.742844,-7.8263826,-11.54821,-17.513554,-17.494781,-21.014431,-24.496107,-22.953909,-21.76632,-19.621788,-18.078949,-18.31238,-21.289406,-22.26556,-24.395113,-26.066353,-21.667828,-16.521572,-13.755253,-17.637714,-17.774675,-15.480068,-10.419497,-7.6335297,-7.2679114,-10.783455,-14.554235,-14.262046,-15.022336,-16.882465,-18.728083,-20.41919,-20.352686,-18.08921,-17.04698,-12.79584,-13.320215,-18.059978,-20.01712,-20.976362,-16.28236,-16.948053,-19.137419,-20.451557,-22.597008,-19.355019,-19.732006,-23.467354,-25.242174,-22.106989,-24.287664,-20.037527,-12.996809,-11.866966,-16.882534,-12.045747,-12.283321,-9.13963,-5.141408,-4.971204,-8.552937,-13.893465,-7.5237904,-2.375279,4.499019,9.700795,10.977362,9.202816,2.3561344,0.16123176,-2.0827034,-3.2386124,-2.0172567,-2.3970964,-6.2113566,-6.0907183,-7.1183133,-6.952843,-9.720861,-9.991805,-11.328503,-11.009721,-11.86635,-10.875233,-8.384823,-9.549114,-10.58024,-9.003006,-12.409678,-15.872501,-12.293467,-9.477233,-11.509438,-13.960415,-14.571089,-14.591221,-16.300003,-17.581964,-16.362633,-18.537256,-21.49596,-21.481686,-18.786955,-16.798082,-13.86068,-17.987215,-23.36293,-19.044548,-17.389858,-15.185583,-12.57118,-14.443551,-14.543789,-11.083211,-6.5289154,-3.555114,-4.458359,-10.332144,-17.88887,-10.587195,-8.595435,-17.765629,-15.49449,-9.100298,-9.062193,-11.154392,-6.1004643,-5.161529,-5.3824053,-5.297298,-4.776276,-1.1499556,-1.1913075,-5.5941715,-6.258563,-7.1008406,-7.195616,-6.325945,-9.411192,-15.473076,-17.349236,-13.999336,-11.881653,-15.757537,-16.54081,-15.414018,-12.954389,-13.2368965,-16.267126,-16.690147,-20.321117,-20.396318,-20.16911,-19.973892,-14.496613,-17.050415,-21.875347,-20.905617,-21.837284,-17.95149,-16.305378,-17.31411,-18.543846,-18.148117,-17.528168,-16.712496,-19.898647,-21.915825,-22.847466,-20.759903,-19.547344,-13.054417,-10.498957,-16.950527,-19.664116,-19.90507,-18.981468,-17.145052,-15.969453,-16.390642,-20.286293,-21.029366,-23.591858,-25.193012,-22.87716,-20.398296,-19.999212,-18.107903,-17.55201,-18.172794,-21.006372,-24.241756,-18.747614,-18.248785,-20.078556,-21.416597,-18.337786,-17.70131,-18.742455,-21.19775,-24.092484,-20.293476,-21.92147,-25.204998,-26.440584,-16.224743,-13.280613,-15.951883,-10.938045,-9.194311,-11.231503,-13.750614,-19.058563,-24.76392,-27.125814,-25.960907,-23.94079,-19.741068,-18.38771,-19.098131,-25.180779,-20.948288,-12.614565,-11.580415,-10.421992,-11.485102,-13.868616,-13.611087,-15.381576,-19.398195,-14.853151,-14.188438,-15.141872,-17.95512,-18.154331,-15.283265,-17.633976,-19.05949,-16.29297,-15.096266,-12.589392,-11.188795,-5.144849,-1.8858178,-6.268938,0.89622724,1.34248,-8.775941,-9.830263,-8.312088,-12.040422,-10.734735,-12.1281395,-12.834656,-14.284163,-7.3100038,-0.6807112,0.90209454,-1.930012,-6.89093,-6.989835,-8.703917,-12.461409,-17.04595,-15.689156,-13.576827,-13.988772,-13.419237,-10.558435,-12.255785,-18.195255,-18.163437,-9.6228895,-6.5729384,-7.2448177,-4.277162,-6.524362,-15.648199,-14.99837,-18.062376,-16.319403,-10.689804,-10.510418,-13.636648,-13.599104,-12.517873,-12.400267,-12.797968,-10.472017,-10.622179,-17.062428,-14.999061,-12.49857,-15.174425,-16.029774,-14.378273,-17.04481,-19.035358,-17.005165,-15.902625,-7.401143,-4.583874,-11.893325,-11.891512,-8.274594,-13.39499,-13.474822,-6.5909796,-4.2646775,-8.966758,-15.46052,-13.872168,-14.810619,-15.887562,-14.695322,-16.186148,-17.028532,-12.728486,-16.084589,-20.45972,-14.120113,-13.788012,-16.635979,-16.288168,-13.877914,-15.927828,-17.264038,-16.793283,-12.979597,-13.600246,-15.286235,-16.006468,-13.7831955,-14.561911,-11.520498,-14.179628,-15.743465,-8.429146,1.2799456,3.5391996,-1.2011092,-7.4774513,-7.942982,-8.213739,-13.359053,-12.666315,-11.132703,-13.755704,-13.228964,-10.938901,-7.806512,-9.563862,-16.525362,-19.091457,-17.945675,-13.79974,-12.752589,-15.694608,-13.322344,-11.8884325,-11.457606,-11.963577,-13.05987,-12.654053,-14.5535965,-13.888383,-14.0521,-14.724737,-4.676951,6.238665,8.915579,6.157852,1.1611911,-0.4469334,0.6623871,-0.09359042,4.42987,5.680749,2.0002558,-1.2746714,-13.388182,-9.852493,-4.495822,-6.4279265,-7.7433805,-6.5654,-7.415785,-5.922687,-5.7234554,-0.84778756,1.3176836,2.8668835,2.273198,-0.045548826,2.8997424,4.1612453,5.835697,4.939255,2.3666003,1.1324241,-2.9909334,0.5939442,8.242893,6.90764,-2.8798876,-4.0138183,-3.0632167,-6.629212,-7.9896507,-3.8897052,-5.4043956,-8.713619,-11.361712,-10.118923,-7.578107,-8.20007,-6.149131,-9.569205,-9.748269,-9.339603,-9.817737,-1.0990219,3.436097,4.9173317,6.5417633,9.0923,8.896839,5.107308,-0.31043148,-1.4756749,-4.670431,-5.861933,-3.6679096,-6.239571,-12.45741,-12.595789,-7.2651763,-3.8827908,-0.658901,-2.9255085,-5.1424484,-3.945522,-5.603232,-4.1961546,2.5114,1.7918761,0.16677992,-0.9465763,-2.2282,-1.3205086,-1.430874,-4.8565764,-6.839407,-6.8316774,-7.631961,-12.517391,-10.611498,-4.647944,-5.8908157,-9.601594,-8.666539,-9.245971,-7.1395884,-0.7487714,1.0125769,-0.20832974,-2.3441875,-6.0408382,-6.5672636,-5.2472878,-6.1647406,-3.3800948,0.29949534,3.976529,4.249324,-3.9763758,-11.125942,-7.2548885,-6.990279,-11.498693,-7.227483,-7.4650817,-10.166684,-9.810141,-10.175897,-10.784951,-10.996671,-15.453509,-7.650557,-5.4084616,-7.399951,-6.7739096,-4.3790436,-1.7531888,-1.6148584,-5.4267693,-3.9291973,-5.739443,-8.4596405,-9.569573,-13.352027,-11.416068,-12.452622,-10.545502,-6.0342884,-7.745955,-10.161924,-7.02091,-7.618286,-6.404531,-7.3359065,-8.693584,-7.446145,-8.161996,-2.9324677,0.4656955,0.57543623,-0.106259584,-6.6198835,-11.972015,-8.673034,-10.391707,-9.329663,-6.451773,-4.30003,-0.80787545,0.02017673,1.780412,2.5076392,4.432612,8.477209,12.641085,14.117443,10.43618,8.352614,9.629337,2.4830847,-1.2998879,1.0627095,-2.0998538,-4.628816,-2.2788744,-2.9006581,-3.376842,-8.419791,-8.854954,-7.945301,-13.126118,-8.285805,-6.2586017,-6.7925224,-11.092974,-10.234083,-9.554432,-13.128609,-9.316771,-7.4364657,-3.2337856,-2.566681,-3.8141382,-6.819932,-9.22166,-14.951945,-8.502039,-7.3561883,-6.912803,-11.379008,-14.623519,-13.976388,-17.157587,-18.092691,-20.798681,-22.725899,-20.361263,-21.44926,-24.180716,-24.583294,-23.452742,-21.636745,-22.67399,-18.46326,-10.1689205,-6.880106,-5.8998966,-10.010151,-15.5177555,-17.883183,-12.895458,-11.720923,-15.516409,-14.890561,-14.152289,-6.4609213,-5.213096,-8.16019,-7.255326,-7.880812,-6.726412,-8.517691,-6.0369844,-4.716582,-7.1798153,-12.985429,-18.470936,-16.18216,-9.636613,-7.903324,-8.9355755,-7.3595285,-6.074956,-6.509096,-7.315967,-7.3325815,-8.396565,-12.0535,-11.923523,-9.930761,-15.746428,-16.851536,-20.701542,-19.58781,-20.750046,-19.96293,-17.42687,-14.924807,-12.728981,-12.540239,-9.500006,-7.236652,-9.423388,-16.63803,-18.77221,-13.105697,-10.470564,-12.346164,-12.773949,-10.158436,-8.107778,-7.4903607,-10.098081,-11.474537,-11.73303,-13.019315,-15.265049,-18.792986,-17.98877,-17.791115,-18.945507,-13.530093,-5.1397953,-3.7782726,-7.452675,-7.470581,-9.314213,-10.638836,-10.883493,-10.181402,-11.310901,-12.945743,-10.603697,-10.646199,-12.054397,-14.787249,-17.675377,-10.104364,-3.0534034,-2.5250802,-6.0959487,-8.183717,-4.9526606,4.5571423,4.023065,-1.2344418,-0.9468741,-1.786298,2.6092887,2.3486843,1.5486838,-1.3407264,-5.190034,-3.030057,-5.0799313,-7.335537,-6.8680954,-7.94347,-13.188557,-12.718793,-12.577888,-9.501308,-8.593616,-10.710483,-11.185037,-16.363728,-15.0991955,-12.645682,-8.132564,-7.781559,-12.892563,-13.88356,-15.784736,-14.034185,-10.212785,-11.795941,-12.953342,-12.311258,-14.39949,-19.812773,-18.356726,-14.188014,-16.260109,-17.889837,-18.16331,-23.487122,-12.780153,-9.3876095,-16.137947,-21.706507,-18.103672,-13.292151,-15.369246,-23.870682,-22.599327,-22.569298,-23.98182,-23.429451,-28.222271,-31.03821,-29.74325,-29.117773,-26.804192,-27.672598,-22.817442,-24.130562,-23.144688,-20.054844,-15.060785,-15.684761,-21.37492,-24.0667,-15.735273,-12.252746,-18.312134,-23.50261,-19.738956,-21.055195,-18.441832,-16.839388,-19.004747,-24.253117,-22.798386,-23.287737,-24.158062,-16.457905,-16.0164,-22.120392,-28.104416,-24.531614,-25.294445,-27.895987,-30.739674,-29.690636,-28.733442,-29.260345,-27.708103,-24.07324,-27.659332,-29.118958,-29.327892,-23.013096,-15.93671,-17.713367,-20.254309,-20.83994,-20.150814,-25.513054,-24.579407,-24.394138,-24.25647,-28.8744,-18.699192,-12.076563,-11.802931,-16.587418,-20.562326,-18.239109,-20.09378,-20.670609,-18.291405,-18.72459,-22.0286,-23.191124,-26.166359,-34.020077,-33.056118,-30.476648,-29.34077,-31.054457,-29.490585,-26.993336,-26.669853,-24.640656,-19.415886,-17.099308,-14.916554,-12.255693,-17.858698,-18.841593,-18.747932,-23.556473,-23.166658,-18.377138,-14.899504,-9.364569,-8.003561,-11.070174,-9.487548,-8.916236,-14.406981,-22.52989,-18.886507,-17.803223,-20.192041,-19.844826,-20.026548,-21.928764,-23.150253,-24.60765,-26.406208,-24.275082,-22.256956,-21.217705,-22.510359,-18.813677,-19.856428,-24.746044,-23.279034,-22.215395,-20.398634,-13.42205,-14.912357,-14.786487,-17.754894,-22.2814,-21.099863,-18.795464,-18.893152,-14.687029,-18.234936,-24.401608,-24.26918,-22.389606,-25.686443,-29.287155,-31.436905,-21.25687,-12.211995,-14.301512,-18.69169,-19.87857,-19.724983,-23.149004,-27.728817,-23.471659,-20.37836,-23.422039,-15.677944,-15.484474,-22.73848,-22.522757,-21.216019,-22.02857,-14.356939,-7.2984304,-6.599635,-8.618898,-10.455031,-11.72255,-14.063318,-15.144104,-15.8761215,-11.337069,-8.168589,-9.936876,-10.357134,-11.189313,-12.046285,-9.9045105,-12.365094,-12.653763,-14.460124,-16.738672,-18.271267,-18.621658,-13.955915,-13.628026,-18.539698,-13.027815,-11.62685,-17.693245,-21.453701,-17.051514,-11.272012,-9.517393,-13.312321,-12.860918,-14.100283,-16.159029,-15.732294,-15.65632,-16.494274,-20.515757,-21.303223,-17.911753,-15.683402,-15.51197,-13.574593,-14.884067,-17.05674,-19.16889,-17.993353,-17.55353,-15.284543,-9.134811,-6.338805,-9.71793,-11.507808,-15.295964,-17.281452,-19.205359,-22.76933,-22.574928,-20.977829,-12.581586,-5.6685295,-2.927097,-4.689537,-1.0443826,-0.2643649,0.38306266,1.2838501,-0.30507946,-3.9351356,-4.25031,-9.719446,-12.064258,-10.169216,-7.748484,-10.741812,-14.116146,-14.042046,-15.220598,-16.041183,-14.434568,-16.525766,-18.554775,-20.519667,-14.091354,-10.604822,-11.97432,-14.104871,-18.620346,-19.63908,-15.870074,-17.22424,-15.251316,-19.1253,-10.017375,-3.4074183,-3.6620054,-5.911463,-9.949072,-19.886375,-17.385498,-11.112375,-9.261065,-8.9650955,-8.004567,-6.2617035,-5.861663,-6.6719813,-7.0264378,-8.57259,-9.28441,-8.884191,-9.455424,-10.34232,-10.142245,-10.786356,-13.191982,-13.9411545,-11.7234335,-8.033068,-11.357208,-14.391249,-13.525816,-13.382319,-15.674822,-15.599394,-13.687115,-14.454142,-15.856392,-10.25908,-8.734132,-9.765282,-13.102694,-22.701128,-16.888432,-8.370932,-8.6029,-9.188796,-11.882724,-13.817401,-15.22958,-18.543362,-21.304075,-19.37423,-19.971045,-20.157642,-18.596485,-19.13996,-21.444426,-21.490433,-21.383877,-22.471989,-20.170856,-15.0739565,-14.851004,-14.13931,-10.966583,-11.611553,-15.165016,-14.51918,-14.760304,-22.048573,-22.322968,-23.132912,-20.052433,-16.48566,-17.487951,-22.400751,-21.423817,-13.549999,-12.974072,-13.1561775,-10.166894,-6.5938435,-6.211296,-7.2538447,-9.192051,-11.2509165,-9.746512,-7.894985,-8.901668,-11.895496,-15.513715,-19.812119,-17.838253,-13.422904,-11.115654,-10.624906,-12.511805,-16.047043,-19.410355,-21.33832,-17.124329,-14.153698,-13.932638,-12.641816,-8.138457,-9.83477,-13.729428,-13.449613,-12.580737,-13.070192,4.7421556,9.854172,4.7569304,2.826601,0.76110363,-2.8689148,3.016302,7.55074,10.653705,13.304348,9.665615,-0.61905915,-4.26667,-0.22847602,-0.7193558,-5.7713943,5.337706,14.197768,15.19945,11.228532,4.731307,5.243761,4.6653857,0.7155267,2.6388624,8.55024,9.865905,7.106349,3.259212,2.6216574,0.9275328,-0.46931088,0.7242179,1.8753372,-2.0209413,-1.0663944,-1.4582901,-0.54736954,0.3043186,-1.0324978,-4.4046097,-4.7797303,-1.4957589,-1.3389132,-2.8534203,-4.4406075,-2.3161747,-6.1202884,-8.880232,-6.797051,-8.560182,-6.0577602,-4.6977262,-9.022152,-4.5086284,-7.159005,-12.214994,-7.2403355,-9.471506,-8.802978,-6.790946,-5.571019,-5.5451636,-10.397042,-6.3582034,1.7689757,5.0017204,4.0335183,-1.1153953,-8.866686,-9.335788,-9.048092,-8.454223,-12.415881,-15.898888,-15.801825,-14.947061,-1.9550219,4.2813044,2.5042849,-8.067485,-7.011094,-6.2863584,-6.4313507
-18.538696,-17.643005,-12.368766,-12.604804,-18.038334,-17.412495,-19.332565,-17.22896,-15.4132805,-21.442123,-25.570759,-22.510918,-19.244741,-20.977287,-14.368177,-10.348185,-14.920455,-22.04957,-20.872726,-24.893497,-24.884956,-25.126497,-24.278866,-22.087029,-22.16481,-28.385313,-33.843716,-32.549866,-28.82745,-29.979773,-18.390577,-10.141526,-8.534954,-14.472872,-19.54309,-17.420607,-16.75037,-17.329342,-17.798105,-21.261847,-24.222013,-26.963104,-29.816797,-26.662106,-24.667704,-25.087078,-24.04509,-23.340216,-18.878624,-16.5038,-15.494133,-17.28164,-18.95643,-19.372175,-20.218266,-25.600584,-27.040203,-26.432636,-29.325668,-33.351875,-30.312817,-24.793365,-25.377373,-24.825602,-25.698263,-24.163094,-14.412783,-9.54039,-15.241685,-24.587696,-25.662477,-29.344406,-32.814983,-31.984821,-29.820078,-25.556885,-23.869556,-22.099188,-23.196585,-24.00419,-22.58651,-20.910263,-18.750698,-16.67279,-19.380362,-21.84746,-19.039387,-21.643635,-23.935072,-25.25221,-17.338276,-0.7291949,7.6475554,7.0848684,-0.45220527,-7.478705,-6.5930324,-6.424222,-3.7177942,1.5375148,-1.0374728,-4.7249804,-8.922499,-11.100492,-10.206791,-8.068031,-10.45896,-10.999652,-8.942454,0.6883565,9.207345,10.407458,10.898283,10.494771,2.883043,-4.212885,-3.2384696,-1.4192305,-1.4473562,-4.3962026,-4.330403,-8.33077,-6.6292944,-3.1875873,1.2440755,4.3766885,1.8497803,-2.9863052,-4.666305,-4.2404456,-9.45605,-14.363112,-13.5331,-11.807453,-9.147829,-9.012344,-9.758337,-12.052723,-13.355417,-12.380439,-14.197065,-15.123938,-18.591541,-16.876556,-14.648096,-14.992922,-15.832865,-16.873236,-21.153126,-26.494047,-21.888731,-15.0296,-12.333427,-15.379091,-11.27656,-7.036236,-4.3384104,-4.4707713,-6.556858,-9.663993,-8.746183,-7.832345,-10.330942,-14.878239,-20.050625,-22.396696,-25.322315,-22.887838,-15.076553,-12.230949,-14.235422,-17.336266,-20.086796,-21.725632,-15.53417,-15.08244,-18.671055,-20.426607,-23.198776,-20.99468,-16.3988,-17.013914,-17.770426,-18.664364,-25.17846,-24.572819,-13.52339,-12.629591,-15.977045,-14.754296,-19.503132,-14.24514,-8.149244,-4.0590296,-4.8512692,-11.198798,-5.983533,-1.453374,-0.07777473,2.1516922,-1.5000392,-4.4798617,-5.520339,-8.30073,-9.520127,-10.321626,-9.108076,-9.091507,-8.467984,-8.046504,-11.344936,-13.340271,-14.532437,-14.177819,-14.588717,-15.524713,-16.763195,-16.737516,-15.162537,-18.041847,-13.2506275,-11.301355,-17.356989,-20.01556,-21.008354,-20.546606,-18.15199,-19.374168,-18.845026,-18.834284,-20.61511,-20.958256,-22.66497,-22.64574,-20.936632,-19.781166,-17.822117,-13.834676,-12.155937,-18.939213,-27.140793,-25.79503,-20.857162,-19.206993,-18.727232,-11.900882,-10.178538,-8.819533,-7.3865185,-7.7982593,-8.283413,-12.07095,-18.419395,-12.186946,-9.010505,-8.475439,-5.0920844,-5.903837,-6.437921,-3.750025,-4.814106,-12.4678135,-14.439493,-13.981801,-9.016982,-11.246473,-13.1904745,-8.094336,-5.220704,-9.781588,-9.041845,-6.906006,-4.5475082,-5.40543,-9.885709,-7.870756,-7.162816,-6.4232616,-4.535482,-3.1382859,-3.068372,-4.2190757,-7.0278425,-8.270551,-14.102603,-13.936899,-12.893814,-13.795326,-13.145718,-11.3171,-8.903114,-10.740995,-13.756566,-9.155048,-7.2360334,-9.622242,-12.405899,-11.282786,-9.523808,-7.3246975,-8.376729,-9.613825,-9.683012,-9.628786,-10.916708,-7.3230944,-8.177542,-11.862779,-14.429022,-15.079672,-12.899149,-8.185837,-5.3182154,-5.85956,-8.976661,-12.07068,-12.787122,-10.580275,-10.519085,-12.868292,-10.758535,-9.455478,-11.796762,-15.632973,-16.260946,-18.34491,-12.441925,-8.915123,-7.5329905,-8.769018,-9.879079,-10.875239,-12.174815,-12.207309,-12.981733,-10.306738,-10.500437,-15.883016,-15.027514,-9.545686,-7.589408,-4.7001214,-1.5283027,-0.45740706,-2.5026467,-6.266458,-12.375742,-15.588456,-15.634815,-17.172186,-14.35615,-8.791541,-6.297143,-8.135577,-12.8325,-11.2747555,-13.476113,-14.341698,-12.053913,-9.663334,-9.574266,-14.054593,-15.991135,-15.511028,-13.347329,-17.036592,-15.207848,-15.183372,-13.187503,-10.9944725,-13.481049,-15.245468,-10.629671,-7.4744406,-3.9450746,-0.7063332,-1.5883372,3.5860667,2.1364198,-0.19055597,-0.44750527,-7.2791142,-5.9500937,-3.121893,-7.489397,-9.937303,-13.219849,-10.934988,-7.347383,-5.621881,2.48767,6.0304537,3.8209262,-0.5780818,0.06091025,-3.0891073,-8.040261,-7.671711,-7.4245934,-7.489371,-7.4236984,-8.681989,-7.83458,-5.3418894,-5.4982033,-2.9561696,-1.7833159,0.631498,3.4462204,3.9311452,0.4963237,-5.6026487,-5.256798,-8.899466,-8.633647,-4.564895,-4.9464436,-8.735458,-8.1256695,-5.8970637,-6.050907,-6.449994,-4.1366444,-3.8299153,-9.101528,-9.863214,-9.138509,-9.70718,-6.5904846,-8.217196,-10.550904,-11.029821,-10.427379,-7.9083276,-6.9363728,-8.510365,-11.161264,-9.737083,-7.5313287,-5.1802187,-5.325127,-5.9161158,-5.8507485,-9.368951,-10.0979595,-8.450415,-9.603231,-11.047506,-12.524992,-11.774586,-11.66121,-13.691887,-12.48129,-11.3392935,-11.808625,-12.663573,-12.885323,-12.801258,-15.623213,-15.398005,-17.712929,-13.159874,-9.545885,-10.291281,-9.993511,-9.862657,-5.747008,-3.8219678,-3.4842706,-7.8395996,-7.315228,-1.0193816,2.1142004,1.4237459,-2.2891328,-5.800578,-4.758815,-4.3660893,-7.248898,-7.8715873,-8.256182,-9.797148,-4.290287,-1.1381307,-1.4520799,-7.3183293,-14.676584,-13.5071125,-13.944523,-14.580235,-10.484763,-10.1318655,-7.797096,-7.7180095,-11.05732,-10.575798,-8.5767355,-9.10366,-12.295178,-17.669975,-20.407763,-12.197303,-5.9752707,4.016611,7.278454,3.6923194,-3.5231571,0.5341648,-0.06759358,-0.39634484,-2.235898,9.589484,14.149801,9.704999,-3.0662985,-4.2760406,-0.41900587,-2.6589737,-6.0033674,-2.245908,-4.249738,-3.7802508,0.010502172,4.19167,1.1447725,-4.8946157,-2.0837052,0.69662815,3.7004733,8.148833,8.839988,11.154118,8.04315,1.8283892,-2.0916388,-1.3182466,3.5116172,6.8412805,1.1002554,-3.2456121,-4.1134605,-7.5116053,-5.710707,-5.8666553,-6.265479,-11.529078,-10.04088,-5.137973,-3.6220884,-1.3015078,0.80239356,-0.65712774,-2.59259,-5.005831,-1.6786466,0.2676828,1.3201224,0.24556896,1.8587646,7.3085446,10.271396,11.215189,12.470044,10.606054,3.9507046,-3.5759494,-3.5157928,-3.3503902,-5.908087,-4.7220755,-3.854784,-3.5215068,-0.726023,-2.0841804,-3.2322862,-5.04891,-5.461209,-4.0178576,3.545627,5.0097675,2.2257974,-2.1960733,-0.05910798,-1.828587,-7.0595365,-5.2471848,-3.4021192,-4.8525147,-6.5891814,-8.693715,-6.732767,-4.655165,-4.8476763,-4.1413836,-6.3482294,-5.372532,-5.212104,3.2860038,6.5291243,6.0837865,3.5342276,-0.31282607,-2.1091683,0.7613817,0.6353372,2.229146,2.115524,-0.43569732,0.09286867,-7.394458,-13.456775,-8.156797,-4.928134,-9.437765,-10.691286,-7.009983,-6.58719,0.51106733,1.3925534,-4.010778,-7.02565,-9.706126,-7.333931,-4.255157,-4.7988224,-6.8173857,-3.5492702,-4.4509687,-10.660759,-10.626692,-9.223034,-8.35037,-7.3889294,-6.754259,-9.145511,-13.429141,-16.14899,-11.903566,-9.307262,-9.866501,-9.513895,-7.7880855,-10.799413,-9.67037,-12.317866,-12.353691,-8.005894,-9.001542,-14.944202,-10.777937,-5.760524,-3.6527681,-10.664621,-12.6646,-11.3970375,-14.454462,-13.199454,-12.278589,-12.924975,-12.68054,-11.65509,-5.2537947,1.090741,3.3017256,4.316872,4.587261,6.6751676,4.366737,3.3867047,6.9540076,5.8495617,2.6118324,1.1024072,0.96359766,0.14086135,-0.61901647,-1.9408193,-2.9372714,-3.9231918,-5.3779464,-5.467239,-6.5299344,-2.4600778,-1.1695104,-1.1522563,-3.1262076,-7.387984,-4.1550508,-5.6721582,-7.645998,-3.9773984,0.23822194,0.20136096,-0.53895956,-3.9417205,-8.717698,-9.793646,-7.5949388,-6.753043,-2.9274302,-4.7627783,-7.8719826,-6.690717,-8.368541,-14.078874,-14.790568,-10.334253,-9.31608,-9.737406,-9.809327,-10.331279,-11.216992,-10.420152,-12.4217,-13.5179405,-4.696288,0.28690955,2.3587852,-0.8832774,-6.0803633,-5.4836807,-3.5000608,-3.6729887,-9.285756,-6.414046,-3.0981455,1.3314831,1.6366727,-2.8773527,-2.532319,-5.081208,-1.2998097,-0.8408576,0.6751424,1.5857742,-1.6682576,-9.437425,-14.864211,-9.1574135,-1.9254802,-1.3425494,-3.9675734,-1.1034176,-0.93837106,-2.702494,-4.186038,-2.6864078,-3.7085948,-9.067425,-7.983158,-4.0284944,-5.5492105,-5.6719275,-7.7669597,-8.595526,-9.20098,-7.339669,-3.9459186,-2.2051697,-3.100208,-8.529333,-7.726901,-3.4007895,-5.8033323,-12.344203,-8.492901,-4.455241,-3.0417013,-3.8569067,-7.341585,-2.8807223,-1.159633,-2.0509644,-4.685567,-6.3360305,-6.834964,-6.7034554,-8.984044,-13.968272,-10.677235,-12.342377,-13.76341,-12.488212,-4.863669,-3.357015,-8.074892,-6.9148808,-9.62139,-11.697266,-10.339252,-7.7402534,-9.078048,-13.70598,-12.958532,-12.980117,-10.25386,-10.146809,-12.3641405,-14.295515,-11.147728,-5.2434993,-5.5556445,-2.5110457,5.1672416,6.9172277,1.1518043,-1.9938829,7.037012,9.786564,8.101137,5.2539535,2.2968664,2.53869,2.2322505,3.5947049,2.4900978,-0.55859923,0.8695502,0.5736029,-0.44011012,-4.0082855,-10.313629,-4.3935943,-3.921759,-7.5906734,-8.0452,-12.093821,-10.767087,-11.922878,-5.30215,-1.975234,-7.891159,-11.881604,-13.39987,-10.387913,-5.8874264,-7.129464,-12.073952,-6.143585,-6.813463,-16.73776,-11.830307,-10.691322,-14.915287,-19.702055,-19.768597,-17.510847,-3.1117692,-1.3828492,-10.666676,-18.972244,-15.419607,-10.392016,-10.693307,-16.353123,-16.427551,-17.239716,-19.260187,-21.397493,-23.657637,-23.40624,-23.17935,-26.519169,-25.32225,-25.936596,-16.958069,-13.549577,-15.847964,-16.344084,-12.134621,-8.603395,-10.74202,-12.239442,-9.73175,-4.097078,-7.68293,-13.103573,-17.604202,-17.551922,-17.072002,-15.678469,-16.12158,-19.066961,-21.414145,-19.298923,-19.213902,-14.294676,-11.298149,-15.236882,-18.728447,-19.88518,-22.8014,-25.421112,-23.106363,-22.143742,-25.83414,-25.913544,-29.543266,-24.217407,-22.28125,-25.073017,-31.316061,-20.223217,-10.535536,-11.787739,-21.028835,-24.917133,-21.629107,-21.86405,-26.14253,-27.665499,-26.801819,-29.873638,-29.681484,-19.52377,-13.390343,-16.400085,-22.357828,-17.145134,-17.95675,-15.145416,-12.030869,-14.76365,-21.308012,-23.661705,-26.770203,-26.29189,-27.508503,-25.590914,-21.463453,-22.151379,-24.384043,-25.986002,-29.851662,-21.420156,-16.633131,-20.388086,-16.132132,-10.301355,-14.086575,-19.249144,-24.058044,-26.328573,-25.053885,-22.201273,-17.67586,-10.653943,-2.9582715,-0.09410015,-0.42151868,-5.2033625,-11.155558,-12.029628,-10.551124,-10.854287,-12.137318,-16.18956,-21.502731,-21.27502,-22.003399,-21.426027,-22.124388,-23.150293,-20.930439,-18.543167,-22.704,-21.637709,-22.706894,-25.378706,-21.567804,-25.03806,-22.21991,-14.891809,-14.978581,-17.761566,-20.739553,-22.767828,-23.296204,-22.918398,-20.663586,-14.931429,-17.453695,-21.796953,-22.628687,-25.080568,-27.728338,-27.741741,-25.943033,-24.29113,-15.942198,-15.107489,-21.758476,-21.67746,-20.321564,-22.396486,-23.209925,-21.883879,-18.937494,-19.98,-13.499996,-14.145372,-19.104408,-19.786499,-22.8874,-21.628769,-9.352168,0.67265856,1.0489001,-7.1474333,-8.396206,-8.013001,-8.480772,-11.048369,-10.30168,-11.978935,-8.933813,-8.259377,-8.520393,-9.653083,-9.630614,-13.26603,-17.572073,-15.326475,-11.3402195,-9.834126,-17.556988,-22.333162,-16.56337,-15.524473,-12.123711,-10.240575,-12.869524,-18.03321,-17.320469,-18.982227,-17.162472,-10.228749,-8.925647,-9.9477,-17.301935,-15.700933,-13.385181,-12.93625,-13.240835,-19.000254,-21.664268,-17.77037,-16.869644,-19.30487,-15.523914,-12.164763,-11.336061,-12.925271,-16.07284,-17.75485,-19.148285,-12.09375,-5.694971,-2.956542,-7.46387,-12.666825,-15.022573,-19.293184,-21.773739,-18.372194,-19.147139,-17.023521,-9.436676,-1.6078146,1.1041706,-1.1533604,-2.7032652,-4.971081,-8.525239,-6.985178,-6.63326,-7.108432,-8.476681,-8.40007,-11.093841,-9.33387,-6.926818,-7.66623,-9.63621,-12.92518,-14.3005705,-7.9592047,-8.587819,-14.801868,-14.45199,-8.518891,-6.365944,-4.440784,-4.3263016,-9.113638,-13.695106,-9.659194,-7.5807343,-5.4546027,-7.5919905,-5.107745,0.8422994,-0.33587593,-4.7743745,-8.422777,-14.446878,-12.521303,-5.612476,-2.7769268,-3.417253,-3.5695374,-6.1258597,-13.583424,-14.534015,-14.787492,-15.563492,-15.801921,-14.147051,-14.342208,-10.85279,-8.862074,-8.558152,-7.7065783,-6.9280453,-8.038835,-6.720052,-11.30095,-14.53171,-10.177933,-7.1260242,-7.480207,-7.4049,-6.156129,-5.4130883,-6.684366,-5.509283,-5.6721296,-6.549163,-8.382124,-15.408571,-17.569012,-9.119655,-4.412144,-2.357858,-2.0464163,-3.7346876,-6.8556256,-11.268354,-18.70512,-23.124588,-17.6141,-13.015733,-10.77252,-11.532401,-15.907026,-14.2028885,-12.6423855,-14.145067,-14.116191,-9.992348,-10.698124,-7.6163917,-3.2304344,-2.3569462,-2.9777975,-3.2608023,-5.5797195,-11.013714,-12.527866,-15.912012,-15.899237,-11.233198,-11.203281,-14.226496,-12.876941,-6.539611,-6.4305444,-12.008816,-13.76914,-15.313484,-13.921274,-16.820353,-18.048748,-19.074938,-18.95269,-14.3000965,-14.634668,-15.806265,-18.348188,-24.498549,-21.687834,-18.042667,-12.167998,-8.931445,-3.8108644,-4.2529144,-9.184582,-12.755289,-8.957011,-6.244275,-4.947914,-5.204315,-6.121711,-8.474856,-7.5725746,-7.6409535,-10.917475,-8.876974,4.785987,13.655382,12.358631,6.65503,3.7318218,2.227426,6.82791,13.376005,17.483969,18.30803,16.61225,9.709982,-1.1869353,3.530049,3.936641,4.2029133,10.279222,10.600607,7.9345183,11.272177,7.9184484,5.5758867,5.0578203,2.2454116,3.4440684,2.0230367,5.6788473,9.366449,5.340633,0.97083855,-0.933935,-1.6590359,1.3586965,0.43672618,-4.615739,-2.6919806,-4.1411943,-0.49442255,3.9248478,4.080269,1.3148522,-0.6169217,1.9260325,3.1261482,-0.47738492,-2.8429475,-1.4382303,-3.7023554,-5.776676,-3.6893716,-4.8174176,-8.4508095,-3.5720327,-4.456032,-7.4142847,-7.5929475,-4.4024262,-1.6647655,-2.7868829,-3.9430332,-1.9958787,-3.3567548,-8.870582,5.2895365,14.873621,17.271044,16.589136,15.537305,13.336171,11.523445,11.037228,8.436249,1.8861927,-4.0883327,-3.7828538,-4.1622086,-6.2809134,-0.43248618,8.487205,11.25451,10.470223,8.779914,7.2595496,6.6234617
-23.118786,-20.191856,-18.851784,-21.01472,-23.441586,-22.002388,-23.176727,-24.177797,-21.841137,-23.354816,-28.014141,-27.691572,-24.696379,-25.89103,-18.473057,-15.433598,-14.410265,-18.98389,-19.836271,-18.796803,-20.671032,-22.528755,-22.161436,-20.688917,-16.227968,-14.70133,-15.941063,-17.900263,-23.1894,-26.05398,-14.060058,-5.14224,-4.004934,-6.4015193,-7.740576,-8.827697,-9.532815,-11.290895,-15.07942,-16.839298,-15.872976,-14.668213,-16.004272,-17.310894,-15.474239,-16.194256,-20.453865,-18.989027,-13.108887,-11.502032,-15.730538,-13.970389,-11.829231,-11.405062,-12.330093,-15.335823,-18.70769,-22.657139,-22.517214,-19.54348,-18.649715,-20.304516,-25.464811,-26.276798,-26.702972,-22.326105,-17.136894,-12.30898,-13.78013,-19.065174,-21.923111,-22.30258,-22.716608,-21.451933,-21.706978,-24.21608,-22.85299,-23.201742,-23.992199,-24.978935,-24.94656,-24.023502,-20.809069,-14.440744,-14.245473,-19.205048,-18.794783,-20.620026,-24.557398,-23.905365,-12.543104,-0.94482714,2.8397033,6.4875126,4.302582,-5.198844,-6.4900546,-7.7057457,-5.72273,0.65911585,-1.6092193,-1.1809705,-2.6542716,-6.800022,-8.014879,-10.871749,-14.3730755,-10.162195,-8.661106,-8.540604,-0.8820962,7.2128844,9.427025,6.9433093,-1.2966253,-5.5282063,-5.5739045,0.3567976,2.4041226,1.1196477,1.0091759,-0.06044226,-1.3384415,-2.3288465,3.3516774,6.8260994,4.342647,0.8187758,-1.5521741,-2.9264581,-4.3512983,-5.4550533,-5.054538,-5.330909,-6.683059,-6.207688,-5.16138,-5.74113,-6.200003,-6.63764,-6.360978,-7.5826406,-9.695815,-10.021663,-9.023151,-8.704143,-9.279777,-10.266205,-10.431892,-10.100744,-10.503783,-10.199555,-7.7676396,-10.789681,-11.232962,-13.558931,-15.02747,-14.8662195,-14.228028,-12.57563,-9.586916,-9.607743,-11.363664,-14.252573,-15.665348,-16.382645,-16.59121,-15.89755,-17.258953,-17.065536,-17.613522,-18.663908,-18.94637,-16.809647,-15.046562,-17.600128,-18.839975,-19.607851,-21.396616,-21.684496,-20.43352,-21.40891,-22.249454,-23.140013,-16.996626,-12.030028,-5.832881,-2.2575321,-0.116910025,2.2488444,2.5071888,1.8094018,-0.5955074,-4.2704616,-7.544045,-9.555158,-4.488774,0.98563313,3.0803118,2.4460862,0.01840109,-1.7001723,-4.9756155,-6.37824,-5.704377,-7.590458,-7.653191,-5.702061,-2.8136775,-1.8782903,-3.2861712,-5.4874363,-3.9958844,-3.4049711,-2.7147155,-2.849734,-5.1105604,-8.92196,-9.275177,-10.546314,-7.880943,-6.642061,-7.941828,-10.543617,-11.697948,-10.1078615,-8.748966,-9.776724,-13.07227,-13.938227,-12.782137,-10.996653,-10.770338,-11.981935,-14.470856,-17.835155,-13.1266165,-8.748441,-7.900803,-10.888615,-16.226086,-20.085497,-21.79343,-18.915539,-17.520903,-14.768372,-14.983974,-17.261866,-22.393108,-23.993797,-23.429918,-24.07398,-25.955566,-11.242249,-7.455688,-11.163035,-10.104132,-11.736884,-13.732088,-13.904834,-15.972174,-9.999815,-6.486245,-7.8156943,-9.34453,-8.620574,-5.1212626,-3.2662196,-7.9815693,-15.379957,-8.348213,-5.8091097,-7.2260704,-7.484818,-11.356259,-11.947474,-14.106292,-15.884289,-14.322775,-13.192629,-15.341696,-12.855865,-13.044466,-14.952389,-18.003637,-20.376284,-21.550209,-19.516315,-10.386572,-10.990887,-13.812398,-15.710375,-19.01665,-18.721588,-18.395634,-18.419855,-16.64481,-14.393284,-17.34771,-17.342,-18.261902,-18.632544,-16.667688,-17.159924,-17.75933,-10.442386,-10.145997,-15.401812,-20.887524,-26.96302,-24.419083,-21.259514,-17.0691,-17.916986,-19.646608,-23.11295,-21.943968,-19.298223,-19.791006,-21.11429,-19.5381,-17.005936,-15.511556,-12.718133,-16.194942,-22.70411,-23.097446,-22.539997,-17.811241,-16.680006,-19.508085,-20.280186,-20.74662,-23.21623,-23.761215,-22.022106,-19.070404,-18.961948,-16.05489,-13.097987,-9.425512,-11.104212,-15.178395,-14.928317,-16.945213,-17.328266,-18.166023,-20.803936,-21.217749,-20.890705,-19.450228,-17.621826,-15.98441,-17.174747,-18.016531,-16.43,-15.063739,-12.414636,-10.022698,-8.510822,-9.926047,-13.939887,-13.650532,-10.713911,-10.516559,-12.642904,-16.91078,-13.437797,-11.009546,-10.9072485,-15.233207,-18.646107,-14.737503,-10.421747,-10.981845,-4.703677,-1.9558446,1.6474062,5.2240067,2.3534334,-4.92341,-4.099788,-5.6410174,-7.759897,-11.622472,-6.381371,-5.769816,-6.153152,-7.151491,-4.1820865,-1.876066,-5.144435,-5.569513,-6.9376154,-8.714104,-10.830236,-11.420217,-4.363666,-2.0721521,-6.6118374,-8.494543,-5.4364243,0.24081029,6.756108,11.515932,13.545767,15.190195,14.494539,11.760641,6.0831785,0.12566759,4.3233104,5.286957,1.8782525,3.0333698,3.2680764,1.4166039,-1.7945718,-3.3916173,-2.0750005,-2.6020346,-4.1722956,-8.149615,-7.2578077,-3.7439835,-3.530954,-8.993302,-10.093281,-8.200811,-9.49586,-11.123534,-14.828421,-15.011885,-2.060746,4.5920343,8.0809765,9.3592005,7.366105,5.790687,8.412788,7.922334,1.9447972,0.92288744,1.2124861,1.8278651,2.5335631,-1.1596404,-1.080181,-4.204782,-5.0768824,-7.2645597,-6.34084,-6.584721,-4.156492,-1.4992433,-0.41120625,-4.2820354,-15.456067,-12.967139,-4.311739,-4.256342,-5.118179,-2.7967463,-3.8544111,-6.218588,-8.711069,-8.978185,-8.062927,-9.201609,-10.183934,-7.9179745,-6.076815,-6.2505865,-10.252045,-10.817002,-7.7709293,-5.3208866,-8.358265,-14.481413,-10.7424555,-10.16782,-11.63252,-12.219247,-12.19102,-11.89415,-14.519815,-15.709999,-15.138809,-16.155006,-18.299656,-20.916546,-17.290323,-11.386603,-7.4426646,-11.052528,-13.051292,-9.333268,-7.786434,-9.467744,-13.730594,-13.583184,-10.806452,-5.173871,6.13466,7.867916,2.3112984,-1.7534579,3.344881,3.9068449,0.62567586,3.8759127,6.816655,9.165661,3.213223,-5.8500795,-2.0611243,-2.6382313,-4.0800133,-6.5556555,-5.780391,-9.055118,-2.9022117,1.6537447,-0.3000538,3.0469694,4.2572637,6.482041,8.106656,6.51233,9.6891985,11.680931,11.220279,9.253915,3.8564777,5.5928826,5.6097198,1.2888343,2.8457487,4.6137657,0.9537232,-3.7138734,-5.7474155,-3.5742311,-3.6498365,-7.841304,-8.862482,-6.702445,-6.558405,-9.381258,-9.712165,-8.117711,-7.7054462,-10.815702,-12.878878,-10.9046955,-9.744031,-6.439066,-2.0594003,1.8727651,0.6097376,-5.0440187,-1.4074612,5.541765,6.6997986,-0.3353983,-11.449637,-9.921747,-9.28505,-9.864098,-8.323486,-10.627705,-9.073145,-9.744262,-14.275585,-20.525791,-17.192669,-11.044359,-2.4202447,-3.6847095,-9.418741,-13.441418,-13.948568,-12.46472,-12.058072,-5.647295,-4.0517263,-4.008867,-6.2591414,-5.8706207,-6.5279713,-5.738943,-10.639904,-13.310719,-4.2659636,-3.185021,-11.544153,-6.6158075,-1.461973,0.37222892,-0.13062987,-1.1861247,-1.8805013,-0.81549406,1.3354497,1.2134149,-1.6337258,-3.141748,-2.9077344,-3.0725598,-5.281719,-4.911038,-5.0431786,-5.279854,-4.133249,-4.058063,-4.90638,-4.635611,2.6880221,0.7184473,-5.1902323,-6.5583906,-8.55129,-10.235571,-6.5844893,-5.432413,-6.8487196,-9.227035,-11.3061905,-10.359888,-9.190485,-9.415735,-10.684314,-11.279335,-15.267167,-16.462944,-15.021482,-12.6400385,-14.128687,-17.815773,-18.083164,-13.075547,-15.736357,-23.265903,-26.100328,-15.449657,-8.43799,-6.426263,-2.7763817,-0.734699,-3.7711387,-7.884947,-7.1730084,-8.349865,-10.40022,-10.34507,-10.710478,-12.3541565,-15.6616955,-16.890326,-15.991536,-14.540568,-13.774823,-11.426952,-3.8165905,-5.669792,-5.384597,-1.9956558,0.6433705,2.285544,-0.5636905,1.2355914,3.2311091,-2.6551733,-5.5918837,-3.7700179,-5.771757,-6.3948483,-6.696104,-7.408676,-8.305188,-8.109788,-8.688006,-6.8934307,-7.833767,-8.585484,-9.725291,-12.857649,-13.773787,-11.706277,-14.376595,-12.805292,-12.877912,-14.445585,-14.665268,-15.357498,-17.53965,-14.92473,-11.377958,-10.139421,-8.394097,-14.73148,-20.277489,-19.383867,-17.788647,-19.5279,-19.600628,-17.374645,-15.991169,-15.700689,-15.798485,-16.05946,-17.031677,-18.977823,-19.826042,-15.266474,-7.876645,-10.365802,-11.490934,-12.097703,-13.685549,-13.719415,-15.277184,-17.018997,-20.763071,-17.164053,-12.639752,-9.93873,-10.751487,-12.659622,-16.856043,-19.751335,-14.293062,-8.210943,-8.654986,-14.360694,-20.176714,-26.115973,-26.221272,-18.830336,-15.627064,-16.365387,-19.917814,-18.455687,-19.578136,-24.125776,-22.756222,-21.53703,-22.22681,-24.743803,-14.39466,-11.517494,-13.227242,-15.203522,-15.404024,-18.643442,-20.993576,-18.836687,-15.119083,-13.712616,-15.242456,-19.602495,-20.966825,-19.488953,-20.142138,-22.101202,-16.89071,-12.881857,-12.645178,-13.799447,-14.600883,-15.146435,-16.51948,-19.870268,-23.901098,-25.384892,-25.287018,-25.576448,-24.882812,-23.551886,-21.233265,-23.217186,-25.759617,-20.123814,-13.317243,-16.136501,-20.702429,-18.530148,-22.25576,-27.706812,-23.652874,-21.425323,-21.31131,-17.2492,-11.8514595,-9.123477,-9.296244,-12.627899,-16.208916,-13.623694,-5.3703814,-4.4116235,1.1522208,4.2701597,4.1264453,-0.086987734,-7.2028427,-5.6460514,2.592729,2.9745617,0.65887296,-1.9812264,-0.8199186,1.8307996,-4.8208985,-5.6825676,-4.3655987,-6.566369,-9.371263,-8.6047535,-7.494711,-9.1458645,-17.84505,-14.269677,-9.696337,-9.73693,-9.7887335,-12.071354,-11.113459,-11.743957,-11.1141405,-7.1413608,-9.530272,-14.844791,-17.594675,-13.373822,-9.194073,-10.743445,-12.451276,-2.0812411,1.1831515,-5.2774053,-9.106609,-5.210534,-2.64951,-1.0628273,-2.9981847,3.4789732,8.399154,5.498593,-4.433601,-4.0261755,-5.0228257,-9.550622,-6.1729565,-5.4545946,-5.6010017,-7.1537185,-7.0065346,-7.4711876,-6.9199963,-9.68371,-12.657681,-14.972877,-12.448846,-13.005724,-17.066229,-12.276136,-11.524628,-11.023294,-10.026956,-5.859148,-4.7013054,-6.1948676,-6.6186423,-1.521658,0.15759858,-5.565425,-10.838249,-11.846909,-13.8636675,-13.146974,-10.22543,-8.946426,-11.560444,-11.281244,-13.707194,-11.741281,-11.938324,-16.87446,-17.501963,-16.049793,-17.277359,-19.078554,-20.101873,-20.099716,-22.570131,-21.475428,-22.501822,-25.446602,-21.52106,-19.150972,-20.73322,-19.99409,-13.166723,-15.424681,-17.434858,-15.642685,-18.04333,-22.25211,-22.111546,-23.263836,-26.606787,-26.925013,-23.092897,-21.727505,-20.750004,-19.711721,-19.033735,-15.251064,-15.39021,-16.481152,-13.477867,-12.461099,-18.646343,-24.56929,-23.082254,-19.070244,-19.833912,-22.050568,-26.260233,-29.131287,-26.497528,-24.4448,-23.019176,-22.175327,-17.393661,-15.038104,-12.003535,-0.80478215,2.940254,1.671424,-0.5758692,-2.63166,-2.9974322,0.45299894,2.513623,2.3492126,2.9125433,1.203481,-1.082696,-5.6253195,-5.596745,-3.9337394,-2.061316,-1.1694692,-0.5721904,-1.427591,-3.4891915,-6.8097568,-6.911995,-6.6604156,-9.05727,-10.821381,-7.201926,-5.477503,-5.3458743,-7.0257974,-11.227875,-13.804304,-11.975732,-12.17019,-14.389869,-7.9081874,-3.6178937,-3.3893325,-3.617507,-4.056123,-4.279627,-4.910293,-5.789351,-6.7215986,-8.514257,-7.456283,-6.639245,-6.686301,-7.5401473,-9.675209,-10.5246525,-9.219077,-8.973772,-10.035504,-13.41622,-14.589508,-14.729787,-11.791762,-13.843641,-12.539625,-12.23992,-13.294349,-7.5693703,-9.079504,-13.443742,-12.084511,-10.8342085,-13.166748,-10.465042,-0.45972553,4.8928847,1.8476461,-0.09291309,-0.24564333,-2.7299137,-6.298565,-6.953041,-10.169558,-6.909344,-3.0002787,-2.568905,-3.9848404,-8.168366,-10.303305,-13.164621,-17.799099,-11.6396,-10.212107,-11.950874,-8.596667,-7.902739,-7.0588217,-6.2568665,-8.841611,-19.328009,-15.843113,-14.425875,-15.370556,-11.342336,-9.859865,-13.254799,-14.42525,-17.504894,-15.445534,-12.7100525,-16.685135,-15.672169,-16.19643,-15.280931,-16.55409,-21.491966,-20.330095,-15.508154,-12.162667,-14.0301285,-19.26294,-21.51669,-22.291412,-17.462278,-12.645027,-9.543609,-8.35998,-12.573984,-13.518755,-14.180071,-15.820158,-18.909704,-14.729328,-14.885937,-7.8951836,-5.0270267,-7.1258955,-6.886814,-10.073623,-13.051858,-14.0113735,-11.706608,-10.762749,-9.795173,-8.650397,-7.3726854,-5.5942397,-10.411826,-14.308411,-13.568368,-15.238613,-14.658542,-14.375115,-19.284328,-17.17458,-18.644264,-19.776087,-19.471592,-11.384845,-9.569363,-15.568155,-15.79815,-18.34285,-25.462894,-20.74647,-17.131481,-14.890314,-16.824266,-16.568615,-13.294459,-13.850011,-14.962294,-15.85358,-17.24203,-15.502852,-10.913828,-8.333072,-12.790891,-11.44527,-6.9298,-11.074068,-15.628047,-13.417822,-12.533984,-12.262935,-13.000153,-16.264944,-19.228724,-19.280924,-16.923754,-16.312843,-10.728526,-7.9174776,-8.815513,-12.387272,-13.138867,-12.561518,-12.766127,-11.995289,-12.886801,-14.0111885,-13.505344,-13.537006,-12.089486,-11.379409,-11.906822,-11.55712,-10.736276,-11.321644,-12.502951,-12.142466,-9.6710415,-10.950593,-11.808225,-13.243676,-16.172073,-16.59383,-18.938488,-23.190956,-22.677662,-22.947609,-22.63304,-27.815132,-28.609781,-25.169235,-22.322556,-19.18259,-18.246132,-21.10859,-23.482346,-18.925243,-17.843071,-16.01449,-16.058296,-19.298977,-21.388718,-22.239723,-18.614277,-15.288997,-15.375225,-14.654833,-15.215204,-15.545025,-12.673167,-13.086013,-12.192555,-9.316396,-8.340703,-5.79071,-6.108188,-11.04116,-13.678904,-10.108024,-10.315254,-13.205656,-16.42352,-14.091227,-13.438149,-14.877682,-17.196548,-5.5504556,1.111538,2.1767197,1.7534881,-1.0032021,-5.369231,-5.8962436,-2.968627,-1.5746505,-2.905576,-3.0887482,-1.8220598,-4.909105,-10.111136,-11.276206,-6.3694773,2.8112392,14.4411545,15.228399,5.885394,5.0569825,11.252176,10.395547,6.777321,6.4851832,5.32498,9.635505,12.006201,7.7072296,3.7031877,2.399481,6.676469,9.745978,4.451822,2.1876283,5.6520076,7.184142,2.1669421,-1.9324002,2.986144,4.8267345,-0.16691504,-2.8553553,2.9489002,4.742604,-1.9872115,-6.8558497,-5.8848243,-6.7782745,-8.817332,-7.559454,-5.9491353,-4.580491,-2.4589462,-4.6157312,-6.0082445,-2.893504,-5.0490866,-10.067993,-12.496292,-12.346621,-11.178293,-10.351087,-11.032247,-13.210781,-17.091753,-12.300493,-10.542569,-4.3477874,-3.2930694,-2.412449,-4.591674,-10.618434,-12.10513,-13.3087015,-11.164723,-9.341991,-11.065274,3.9698038,15.893429,18.649273,13.578887,6.1488028,6.2039394,5.339819,4.357459,6.5932198,6.2810965,5.4930634,1.9650662,-1.6281102,0.20826232,-2.3491983,-1.6402727,-1.425972,1.2113061,5.1978846,2.9723015,-1.8768308,-1.2517847
-16.833424,-16.106071,-18.24688,-23.984621,-21.36917,-20.054121,-22.831575,-23.061432,-19.432684,-21.109432,-27.731237,-26.879055,-26.521156,-31.565361,-17.18616,-10.490302,-12.181488,-18.295195,-21.265694,-18.640947,-18.215092,-18.571667,-18.619095,-18.911507,-15.318942,-14.387999,-16.10402,-16.81877,-21.87075,-23.524773,-11.723704,-3.6801105,-2.7652807,-4.9509306,-7.171894,-8.631247,-8.972019,-11.148075,-15.501828,-16.69215,-14.422263,-14.521871,-15.76105,-17.907896,-15.036915,-15.245655,-20.481209,-21.385574,-12.89014,-10.358658,-10.662781,-10.301416,-9.102123,-9.640343,-10.933472,-12.994319,-14.9462805,-16.824902,-17.369503,-15.677448,-15.254671,-16.344234,-19.813116,-21.031338,-20.79031,-18.511229,-15.409557,-13.9307,-15.380625,-18.17732,-22.066118,-21.489761,-21.447205,-19.664015,-19.827316,-22.429083,-23.621368,-22.851864,-22.36596,-23.783396,-24.224255,-22.940199,-18.536064,-14.0742855,-13.917127,-18.253746,-18.528797,-21.548002,-23.929043,-23.482376,-17.521263,-2.616718,4.3143473,5.0154104,-0.46643734,-7.1539016,-6.6474223,-9.247018,-2.8816035,1.4650266,-1.5471303,-1.8207395,0.8934671,1.7293091,-0.94444036,-7.735846,-10.989096,-12.34496,-7.6802654,-7.41601,-4.583787,-6.6863003,-8.410726,-11.857248,-15.475948,-14.932557,-9.010342,-1.548038,2.1703603,2.2736535,2.356845,2.098451,0.5224521,-0.64513254,-1.6538793,0.051707774,0.18213612,-1.1095381,-1.9054626,-1.7264198,-2.254162,-2.57159,-3.98996,-4.135568,-5.4976125,-4.9448276,-4.445133,-5.177336,-4.5933523,-4.7064266,-5.0024157,-6.390992,-7.410974,-7.7895746,-7.014224,-7.4942045,-8.81676,-9.193448,-8.794588,-8.46806,-8.931502,-9.147388,-6.046458,-8.602159,-10.710431,-11.763783,-10.083123,-4.5856695,-3.6581583,-7.7986183,-13.546614,-12.719444,-11.706105,-12.005292,-12.760868,-14.615594,-13.948301,-13.927201,-13.632423,-12.535399,-12.949943,-16.688963,-15.865671,-14.606064,-13.97419,-16.63725,-18.046303,-18.817926,-18.7948,-19.614151,-19.105299,-18.36633,-21.00858,-19.762081,-13.771694,-8.210991,-3.3158112,-1.1952146,-1.4106644,2.3371224,3.491373,3.1861007,1.7986025,-1.8657827,-6.1576896,-8.093417,-4.094168,0.17602043,4.3833084,5.3980303,4.2699046,1.5567411,-2.297687,-2.2693827,-4.1618223,-5.501545,-5.524171,-4.452955,-2.0537808,-2.1486626,-4.170477,-7.613254,-8.262951,-5.153387,-2.8541758,-1.7742516,-2.7897968,-7.189083,-9.546467,-7.6430445,-5.439722,-4.319664,-6.435379,-8.049703,-8.8754225,-8.279501,-6.781978,-7.4049063,-11.059652,-11.480209,-10.18696,-9.555201,-9.448482,-10.275288,-12.566161,-15.917147,-11.949273,-6.6100616,-6.0679107,-9.347227,-14.090326,-12.666496,-15.971089,-19.445599,-14.3246565,-10.81057,-11.536112,-12.229613,-14.28873,-12.76772,-10.289474,-11.241626,-16.028225,-9.798007,-7.830576,-12.226726,-15.075006,-12.025971,-13.550578,-13.099535,-12.074673,-10.8412895,-9.244383,-8.12105,-7.523588,-8.06443,-7.675056,-7.726123,-6.515957,-8.526746,-7.5307255,-3.3563552,-6.9036317,-13.720035,-14.927477,-12.7319765,-12.709511,-17.784765,-17.731308,-16.555725,-20.678059,-21.7511,-20.052849,-18.935879,-20.42136,-18.96795,-21.712486,-19.712078,-11.949321,-13.051711,-17.857397,-21.11084,-20.892235,-19.644712,-18.07523,-20.659546,-20.145025,-21.695992,-21.795765,-22.473255,-23.011349,-22.673656,-20.321095,-21.448528,-19.132587,-12.654075,-12.24044,-17.834217,-24.792332,-27.857697,-27.290287,-26.09327,-28.906736,-27.288008,-27.346886,-30.95176,-32.25845,-31.931446,-27.75366,-22.91065,-21.3819,-21.658571,-15.861416,-11.581991,-17.604012,-27.878601,-27.165985,-31.441616,-33.075985,-33.13931,-31.251526,-27.93145,-27.700527,-30.143398,-28.424425,-29.723152,-32.49668,-32.825974,-26.115456,-13.468773,-9.665529,-12.537227,-19.749,-21.782972,-22.044775,-27.581293,-36.436905,-30.831556,-25.289392,-23.68077,-20.729158,-19.80317,-20.99818,-23.325655,-26.122944,-22.686384,-11.973218,-7.1816707,-4.740287,-3.7231312,-4.5531206,-7.1029043,-7.284133,-6.3026676,-6.1032195,-7.308555,-9.951821,-8.35056,-7.1319475,-7.034702,-9.703062,-12.736439,-10.008059,-7.383712,-6.5760846,-4.9539437,-0.43694925,-2.997736,-7.3667336,-7.746008,-10.66021,-8.345631,-6.1027436,-3.7302122,-5.812911,-8.221413,-11.507093,-14.841677,-11.98368,-9.282118,-9.229137,-11.505251,-12.315598,-10.100884,-9.06855,-11.1944275,-9.039335,-5.6117673,-1.1028827,-0.5615969,0.47449744,-0.63600445,1.322481,4.64995,6.5097876,5.8060293,7.7906966,6.1794467,2.2166636,-0.54164135,-1.7721715,-1.5977995,-4.2585034,-7.850885,-5.7051077,-5.8067923,-5.3745227,-7.570631,-8.671149,-10.554319,-12.700444,-11.825422,-14.407569,-14.462013,-11.501265,-9.558208,-12.162603,-10.738352,-11.782408,-15.206991,-15.132803,-20.34767,-23.531752,-11.884704,2.0189347,12.818128,14.67621,10.570959,7.934675,6.70325,8.869774,8.959591,8.32754,11.087722,7.5759754,0.90864533,1.0639153,-0.41632724,-5.327511,-6.8250155,-2.7086427,-2.4021044,-0.33576655,0.502603,-1.8287437,-2.8186288,-3.7381446,-10.8557,-6.17546,-0.7686507,-0.85608715,-2.2881284,-0.90612626,-2.5589511,-4.3453026,-7.150609,-6.9333644,-7.7357006,-6.8266873,-6.73236,-5.371185,-6.398327,-5.9699554,-8.683533,-8.793217,-9.930738,-9.107103,-9.338871,-11.340433,-8.297199,-9.956259,-11.415235,-12.1569395,-12.946705,-11.87842,-13.581977,-12.387506,-13.257446,-12.702483,-15.231246,-21.403267,-17.110756,-7.85465,-4.048525,-5.9193106,-6.429201,-4.6109867,-3.1331346,-4.376146,-7.129449,-6.7195807,-5.3711867,-3.1583571,-0.53323835,0.7337182,-2.1019294,-7.1438193,-4.497263,-2.9758039,-0.3604973,1.6083461,-0.038401037,4.81834,2.0367994,-6.5730505,-1.4170474,-3.7110763,-9.787746,-6.7326713,-5.0622597,-4.142871,-2.6767113,-0.5972782,-1.0389316,1.9595578,8.103695,8.434678,6.5542164,9.422912,8.709513,6.0824037,3.7361345,1.434313,6.695085,9.536689,7.6658325,2.6159313,-0.70368266,0.7539203,-0.48673138,-3.1557047,-2.2233543,-2.263568,-2.009905,-5.512908,-4.212852,-4.870879,-5.2624063,-7.1200204,-8.463186,-6.1801724,-6.1639757,-9.021872,-11.249523,-9.396161,-9.307929,-10.045105,-9.938046,-0.93456477,1.7990524,-4.416081,-8.537439,-7.7927246,-12.616528,-18.880674,-17.653028,-17.995848,-17.184261,-14.488771,-15.520969,-17.10714,-15.374643,-15.175812,-16.952375,-18.662283,-18.360777,-13.048037,3.1452844,4.9415483,-3.4137278,-10.380344,-7.037944,-3.6359332,-6.554737,-7.975774,-6.86018,-6.3798075,-5.790084,-2.7038538,-2.5789342,-10.063792,-10.472311,-10.500265,-7.2093525,-2.06959,-1.6558974,-1.2415617,-0.09009198,1.4421525,1.3582729,0.8574081,0.1637253,-0.4953732,-1.1748747,-1.4913611,-1.6365045,-1.7694836,-2.255457,-2.7092621,-3.774703,-3.34966,-3.4655645,-3.9121153,-2.7715273,-2.3890865,-5.1849546,-5.9254036,-2.8704307,-3.6648235,-4.684333,-6.5291076,-9.763079,-9.308622,-6.670849,-5.609727,-6.956459,-4.1930285,-4.175446,-8.081454,-7.575058,-8.628307,-9.855483,-10.440846,-14.78212,-15.822023,-13.44911,-12.585287,-14.286786,-16.652494,-12.396362,-12.125961,-17.438118,-13.262297,-11.578888,-11.56364,-9.1644,-4.6645684,0.3283581,4.9200974,6.3150687,4.5368667,-0.2672922,-1.3339579,-0.082286455,-0.31170008,-0.8470749,-2.6240954,-2.314842,0.5126756,0.9968958,2.2010694,2.0655475,-1.2613506,-1.461601,-1.2927969,-2.4192488,1.879931,7.310463,8.773445,6.4605074,1.2639847,1.4163405,-2.3216438,-4.4115787,-2.293102,-5.725133,-4.4831605,-4.006805,-3.2228055,-3.655943,-2.5884056,-5.828889,-6.2569766,-4.908093,-4.104536,-3.7294052,-4.2469773,-7.829753,-13.040962,-9.873211,-7.379347,-9.223472,-14.136767,-11.559107,-10.013294,-7.3488946,-6.9188976,-8.79269,-8.939693,-8.353954,-10.626292,-8.883064,-10.912036,-11.270979,-11.314823,-12.675042,-12.312296,-11.679601,-10.594397,-9.527651,-10.239778,-14.225904,-17.930561,-14.640751,-11.717763,-9.189406,-10.1314945,-14.691027,-16.91805,-22.907818,-19.486412,-16.429777,-17.080124,-15.9941435,-15.505262,-14.977854,-15.385715,-18.199085,-15.359149,-10.95421,-10.696352,-11.90325,-14.706495,-14.802226,-19.678621,-25.304888,-28.33622,-20.767326,-15.267088,-11.97197,-10.119515,-8.381146,-7.153563,-6.572637,-7.735942,-10.757414,-14.997331,-18.71538,-20.623451,-13.559391,-10.859001,-9.877156,-7.6855803,-6.259884,-6.7514753,-8.801146,-12.727074,-17.74256,-24.026524,-24.565222,-18.104406,-13.181093,-12.280711,-13.20223,-13.660234,-13.087755,-12.872286,-9.36319,-6.654568,-7.8072476,-10.00265,-12.252546,-12.762815,-15.008717,-19.193584,-21.555805,-21.572866,-19.22495,-16.287214,-15.47546,-14.623132,-15.891181,-15.223528,-11.246658,-10.617999,-8.517106,-8.16788,-9.584869,-10.511955,-12.499003,-16.021025,-13.880595,-9.195008,-6.916011,-6.0553446,-7.16061,-10.86815,-11.4711895,-10.762559,-3.1670165,-4.4014535,-6.688748,-5.650116,-11.799713,-11.090054,-10.131605,-12.167178,-11.301288,-10.248927,-12.835981,-6.9065084,2.5639403,1.8464696,-8.733259,-6.166991,-3.21068,-3.3430443,-4.970971,-7.402287,-12.0508585,-8.254371,-8.284249,-13.478055,-10.235979,-9.388261,-9.066412,-11.501535,-10.328208,-6.8832183,-7.368454,-14.454484,-16.087015,-19.43586,-16.350513,-12.348564,-9.6226425,-11.553558,-14.140826,-4.200636,5.9769435,6.7131667,4.094064,2.3394685,1.9925733,5.5533533,9.287081,11.487311,8.771363,3.7424233,-1.474731,-0.84337825,-2.1595755,-5.683057,-1.7016226,-0.5794222,-0.22004275,-4.661022,-4.6579833,-3.1608627,-3.9788756,-6.621002,-11.247953,-8.7442045,-5.74772,-7.7611966,-12.097689,-11.3861885,-12.952129,-9.674032,-5.930035,-4.757196,-3.0037637,-4.376112,-4.905147,-4.616608,-1.4307966,-7.7873225,-10.99587,-9.292068,-15.0847645,-11.858049,-9.380104,-11.279334,-12.11584,-14.066724,-13.862669,-15.395288,-11.93161,-13.971338,-15.441111,-15.187847,-17.511036,-18.720264,-20.21368,-23.875072,-23.153793,-19.914772,-18.9524,-21.83027,-19.719128,-17.225842,-17.223423,-19.220518,-14.523306,-17.247417,-17.11079,-14.609142,-18.42258,-23.245922,-19.014061,-20.09124,-27.05284,-30.630255,-20.571556,-16.65535,-18.485226,-20.122986,-16.812653,-14.147529,-14.334937,-13.948534,-11.152438,-12.909657,-18.5323,-21.121452,-23.725925,-20.864304,-19.921133,-21.985569,-28.762619,-28.246984,-25.567558,-26.88017,-23.6002,-22.351074,-16.563585,-11.076922,-7.763547,1.3797317,5.277911,3.9142284,1.1504703,-0.642013,0.166476,2.2579796,2.8905926,3.9348578,4.323647,3.4430897,2.1234586,-2.6780584,-3.4513645,-1.6858679,-0.45700157,-0.17817445,0.24089845,-0.043281965,-0.9967089,-4.2121034,-4.850903,-5.2898808,-6.196694,-7.3623734,-6.050515,-5.255562,-4.1943207,-4.877385,-7.8386908,-11.453842,-10.933929,-10.330866,-12.119953,-6.3835764,-2.5172114,-1.965451,-1.6039659,-1.7593799,-2.9701948,-3.3919048,-3.6646419,-4.6179543,-5.642528,-6.28388,-5.099792,-4.868472,-5.711321,-8.0808525,-8.593134,-7.0883946,-6.9301243,-8.765652,-13.234755,-14.358369,-15.083027,-11.71348,-12.03838,-11.893835,-10.786074,-12.979725,-11.126231,-11.192848,-14.498365,-12.122651,-9.452966,-11.462251,-13.179091,-5.348764,3.3495111,5.2564073,2.6322856,-0.08090457,-2.480187,-9.657242,-8.102987,-6.9502907,-2.8403738,-2.5734904,-5.0089893,-5.5953593,-7.54724,-9.499448,-8.263348,-8.871088,-15.615624,-11.7063675,-8.570874,-7.9464283,-6.9632487,-7.25924,-9.341969,-12.40423,-15.518584,-15.362005,-11.049977,-11.793268,-10.69045,-10.125204,-12.551947,-15.230068,-15.393934,-15.231461,-13.544662,-14.667115,-15.821038,-16.433943,-15.785619,-16.133017,-21.026955,-18.90571,-14.623208,-11.194546,-13.446053,-14.827543,-16.999355,-16.77451,-13.406082,-10.988062,-8.620662,-8.932837,-7.9962177,-7.143166,-10.217055,-12.510222,-15.190992,-13.927722,-14.191152,-9.085372,-6.7362633,-5.7400613,-7.818113,-9.226494,-11.843246,-8.453374,-6.4477973,-8.130753,-11.691136,-13.173372,-14.914222,-10.939246,-9.739312,-15.969826,-15.617419,-17.830322,-16.160595,-16.225069,-21.275276,-17.298262,-19.235853,-19.595606,-17.633736,-7.6385193,-8.924967,-18.825844,-21.223948,-19.559546,-22.425737,-23.545696,-21.294674,-19.793985,-20.864586,-19.814335,-16.847446,-15.365504,-16.67688,-17.348175,-17.953972,-15.454447,-13.641728,-10.258633,-14.10626,-20.559109,-14.769667,-13.704477,-14.775686,-13.104263,-12.272887,-12.104005,-12.945776,-15.999045,-20.492584,-18.912344,-16.519339,-15.405022,-10.56137,-8.113288,-8.5089655,-11.934141,-13.901205,-13.40901,-13.755294,-13.358196,-14.862037,-16.058405,-15.662859,-17.289272,-15.0538435,-13.745739,-13.112106,-12.521854,-11.766196,-11.606326,-8.317756,-8.554717,-7.1518173,-11.25305,-12.250098,-13.016422,-17.68869,-15.6803665,-18.07147,-23.104443,-23.17879,-27.817738,-29.420216,-29.270163,-32.545033,-28.494946,-24.54414,-19.182228,-14.052069,-15.201416,-20.569687,-27.635376,-30.26394,-32.847622,-33.59733,-30.140804,-28.82166,-28.685623,-21.665514,-17.050741,-15.9097185,-15.070896,-15.74937,-16.073505,-11.867153,-10.622446,-8.66748,-8.95307,-5.266144,-2.4665055,-2.8904166,-7.6625233,-10.233179,-6.1131954,-5.4273057,-7.8317904,-10.145885,-8.886549,-8.562789,-10.039272,-12.8623,-8.589334,0.8902372,3.7147357,3.4228828,0.6400755,-3.8035536,-3.6865268,-0.9887657,0.13068216,-1.3631127,-2.577276,-0.9390089,-2.4581947,-6.6357017,-9.232329,-6.2165546,-0.81716,8.694087,13.797134,10.272411,7.940808,7.5958853,3.9207957,-3.336946,-2.4785063,-2.1508605,1.0467237,6.9871864,10.61427,6.620726,2.4958389,7.289448,4.4218307,-3.580688,-3.5456276,-0.84301585,4.38194,1.8860817,-1.6837615,1.314414,0.59206223,-4.7772546,-5.4807434,-3.2863486,1.8017335,0.55827653,-2.872671,-6.123672,-12.653555,-12.115858,-10.277734,-8.44929,-9.115367,-8.659728,-8.193252,-1.2008866,2.415225,-3.4879184,-12.943226,-11.145841,-10.75366,-9.663621,-9.013904,-8.803817,-10.094734,-10.116602,-8.196959,-12.644962,-13.623043,-11.812744,-7.223668,-6.9924135,-9.193431,-12.901699,-14.003479,-11.213985,-1.7350519,3.6140528,8.694166,12.520573,10.135233,2.0349798,0.3763222,-2.6591249,-4.95354,-2.924198,-0.6582078,-2.2293117,-5.102669,-4.817141,-4.3161726,-1.2973795,-3.7725308,-5.662084,-9.363692,-9.544851,-6.908229,-6.7374015,-8.936914,-7.674448
-12.187218,-13.34401,-14.799366,-14.237864,-15.289401,-14.875574,-17.127512,-21.934452,-27.321005,-22.35524,-21.205873,-25.103619,-23.335388,-25.321896,-19.052357,-10.878935,-12.800085,-19.779762,-23.00916,-24.70517,-25.16785,-27.959743,-27.839527,-25.959488,-21.427563,-23.665007,-27.194103,-24.730434,-24.784187,-29.295002,-17.096432,-13.420558,-11.069927,-12.707197,-17.370825,-19.349777,-23.861828,-25.446663,-23.266888,-21.807974,-21.529793,-22.87513,-22.053677,-21.544,-21.800453,-22.731256,-23.191378,-25.563568,-14.226213,-11.489695,-12.580308,-15.136793,-17.803034,-21.024244,-22.667404,-21.49075,-21.71501,-22.620243,-23.592342,-23.442081,-23.975101,-23.900787,-23.920609,-24.203035,-24.099403,-19.616573,-10.7935705,-10.584918,-19.925154,-27.92054,-29.310326,-28.199162,-29.034727,-29.125948,-23.217714,-19.403599,-20.455914,-22.188812,-21.402876,-21.630695,-25.39373,-26.134588,-21.231726,-16.898582,-14.580621,-19.347837,-21.448277,-25.713554,-27.674934,-28.369862,-16.713234,-8.70294,-4.317489,1.7122159,1.6227782,-8.052482,-16.003681,-11.073225,-1.9453168,1.7803859,1.1912526,0.06714114,-3.4666016,-3.2328677,-8.243505,-9.453374,-12.698658,-16.4782,-15.583115,-12.011053,-3.193232,0.72992134,-1.6073476,-4.319993,-5.838625,-11.389063,-12.171986,-9.733261,-9.2100525,-14.712236,-18.310783,-14.289142,-5.531401,-0.41379035,0.847539,1.3549309,-0.38296562,-1.5445156,-0.9687927,-2.6064918,-7.5910797,-10.729537,-9.651889,-8.107729,-9.785388,-12.319187,-12.939856,-11.477835,-10.936175,-11.061722,-15.445408,-17.452065,-18.14911,-15.895213,-18.265772,-20.767591,-19.346333,-20.42631,-21.312183,-23.656523,-23.935823,-16.996754,-12.833227,-12.879322,-6.5782185,-1.9847643,1.9280304,2.9769018,0.3802736,-5.7136745,-16.667938,-14.319005,-12.521352,-8.571839,-8.263847,-11.446098,-10.394105,-13.081039,-10.7024555,-7.1632934,-8.980347,-14.660261,-16.243362,-12.837248,-12.025136,-16.201017,-18.332695,-19.857668,-22.529114,-20.600224,-17.537653,-16.899702,-19.428478,-17.657755,-19.13199,-18.949505,-12.101341,-11.149696,-15.353166,-16.776684,-19.7424,-14.648276,-8.771827,-6.4931183,-8.516084,-15.910332,-18.20345,-9.170953,1.5497754,5.0114207,3.207613,0.0062847054,-2.993982,-6.235813,-8.376745,-10.243607,-12.077476,-9.007287,-6.5577135,-6.127322,-6.4672804,-9.730809,-13.123915,-12.597409,-9.324041,-8.335945,-11.8893385,-17.29602,-17.256115,-13.223982,-10.796465,-9.480325,-14.689301,-16.874008,-12.669252,-13.384198,-13.54445,-15.32778,-21.527966,-20.350166,-18.17983,-19.852049,-23.696663,-22.040728,-22.52124,-22.20112,-16.850183,-11.871652,-11.341027,-16.585537,-20.927586,-21.317509,-19.52705,-17.546295,-16.691935,-14.178087,-15.265566,-16.406921,-16.557377,-17.838823,-15.948664,-15.944942,-21.258816,-13.580379,-10.553851,-16.637403,-16.199991,-15.564779,-14.387392,-12.480522,-14.665719,-17.30686,-15.190842,-17.868774,-20.34707,-18.106237,-14.289951,-7.2628336,-7.1074367,-13.637048,-6.6367965,-3.358357,-8.759777,-16.106045,-17.150503,-15.91777,-18.969795,-23.123737,-24.150877,-20.394104,-23.619953,-24.013624,-22.058445,-25.138287,-23.977282,-24.640673,-27.36209,-20.403442,-12.928501,-16.152319,-25.90948,-26.058609,-30.327627,-29.341465,-30.356144,-29.302284,-27.8777,-30.61673,-34.05061,-35.004383,-34.139877,-33.07498,-30.274605,-29.704933,-29.299011,-18.527662,-15.204784,-17.91592,-27.093924,-32.777073,-33.560055,-32.912632,-35.49088,-35.055748,-36.07307,-37.511715,-37.216377,-33.013252,-30.338833,-33.078926,-34.695927,-27.49472,-14.873322,-10.116718,-16.303982,-24.592144,-26.521988,-29.474003,-30.820263,-30.962603,-25.327414,-23.695465,-26.28625,-27.663404,-30.791008,-29.647766,-28.315632,-25.323563,-20.422022,-9.71219,-7.0615697,-12.307135,-24.843676,-31.274912,-26.83292,-25.183657,-30.370934,-35.68862,-32.327938,-31.249464,-29.163757,-27.985678,-26.80452,-30.81068,-34.518234,-21.186264,-13.333707,-15.4007225,-24.554693,-24.501791,-21.824629,-22.06474,-21.680523,-23.93151,-23.879383,-22.381401,-25.18944,-24.873314,-24.950249,-27.319557,-27.45713,-28.341532,-13.042651,-7.209626,-8.920264,-4.9235115,-0.31752202,-2.9294715,-16.125137,-15.712543,-17.037104,-16.12502,-4.9873734,-0.14836235,-4.7833276,-15.228048,-12.701625,-12.336662,-14.976873,-7.923391,-8.466452,-14.577407,-18.896114,-14.843487,-11.550631,-10.739218,-13.946732,-18.188313,-15.034903,-7.465153,-6.7011757,-12.417255,-13.281553,-15.053949,-16.53688,-18.376291,-14.847016,-11.692859,-10.365344,-10.63839,-17.471132,-20.487083,-21.624107,-20.76787,-22.34783,-18.404385,-15.020126,-16.619156,-20.45589,-23.141764,-19.986,-21.149677,-24.397013,-20.98225,-14.692279,-12.083454,-17.78004,-19.556526,-24.872261,-27.394806,-29.367344,-25.237463,-25.552904,-28.128063,-12.145315,-0.4636438,0.8631015,-5.4767456,-9.836252,-8.629852,0.7849846,6.6330476,6.528383,5.408692,-0.75114524,-5.8608246,-6.212432,-11.179695,-12.768359,-13.8280525,-8.651341,-9.091264,-7.2295732,-7.930618,-8.6614275,-10.335634,-9.140612,-12.044676,-7.7221384,-6.277233,-9.935464,-12.777213,-6.2535295,-6.4566727,-13.030496,-16.771185,-14.50836,-12.960543,-6.29806,-3.321893,-2.356934,-3.2962065,-8.7192545,-18.271254,-19.217535,-14.076796,-12.55172,-13.901385,-14.867083,-16.15884,-16.252735,-19.521029,-20.697916,-22.04372,-21.493914,-20.667105,-20.599194,-19.774258,-20.56559,-23.374899,-27.10926,-26.117666,-15.765127,-12.787455,-16.773594,-18.364109,-20.433025,-21.422213,-23.516556,-24.268942,-23.494022,-21.544134,-10.616189,0.14239925,2.388471,-3.2731361,-7.2895103,0.16264725,0.9708513,-0.24951175,-1.8607614,3.545439,12.233272,12.96178,4.48615,-3.8665488,-3.9642892,-6.4180346,-3.3084722,-1.6977723,0.8723645,4.921925,1.5350807,2.9880202,6.279137,6.9048114,6.842398,2.4068007,6.6907463,7.074899,2.1528907,-2.2907944,7.321606,10.973042,5.1482344,-0.23405896,0.99269277,-3.3976784,-5.0880327,-3.1207204,-2.7967181,-7.118779,-6.659651,-4.4277167,-5.778964,-5.422759,-7.163761,-8.524526,-12.507589,-12.915707,-10.664535,-9.546895,-9.878816,-11.258928,-8.551635,1.0047604,6.0623603,12.1379175,15.031091,13.022634,5.427927,-1.3321142,0.097189754,-2.4786763,-5.254948,-2.7805781,-3.0994997,-5.219993,-2.0389917,-3.7270234,-8.708257,-6.3739843,-4.893316,-4.7013645,-5.283045,-5.355971,-6.6864247,6.0515375,10.060929,3.0656374,0.5998748,3.86567,1.4274912,1.1218684,1.5263724,-4.834165,-3.787449,1.0931094,1.7418432,-0.85909545,-4.956467,-4.3658285,-5.641365,-10.5065975,-7.148566,-3.6386755,-3.8671443,-8.200361,-9.50944,-4.884717,-4.035433,-3.8212266,-7.968561,-11.838218,-12.615466,-12.005266,-3.288424,-2.094906,-8.914241,-13.742046,-12.193646,-13.454772,-14.293923,-11.841525,-13.338095,-17.803715,-14.975042,-12.708929,-13.227735,-16.074034,-15.026527,-16.607632,-16.769236,-13.698046,-10.656796,-5.3160954,0.6432295,-0.67086333,-8.877751,-8.20081,-6.961873,-10.593056,-13.236103,-12.47212,-13.85393,-13.376817,-13.138643,-14.990593,-14.779781,-13.447674,-16.068327,-12.8834,-9.715107,-8.258761,-11.741285,-13.942583,-8.268797,-2.4020293,0.06628105,1.728385,2.9176877,-0.73173636,-3.7446241,-2.3869488,-3.448924,-3.6285362,-4.353985,-4.235524,-1.4105377,-1.7455804,0.10561994,1.4261228,0.50650346,2.6354914,2.6244946,-1.685384,-1.2806028,-1.2079718,1.3385849,6.226518,3.3003142,-6.0090966,-7.0631237,-8.594716,-7.191291,-4.8343,-4.40063,-8.014897,-7.364748,-8.106603,-7.1921473,-10.988762,-8.157084,-8.463112,-9.131673,-9.886823,-9.444696,-12.746273,-17.16685,-14.664509,-12.757612,-14.812976,-18.16144,-17.037457,-16.12888,-12.891584,-12.445511,-16.562693,-13.3878565,-11.453712,-12.917965,-13.2270355,-14.761835,-19.038942,-17.698309,-18.337942,-18.199966,-18.715328,-16.055843,-15.480782,-16.395391,-19.524689,-22.596205,-19.635347,-14.143501,-7.6398993,-8.962125,-13.291322,-18.132046,-25.125216,-23.266682,-21.757906,-22.873346,-21.623936,-20.574244,-19.196438,-20.302624,-23.959084,-21.698284,-16.756174,-15.822641,-16.20672,-13.7331505,-8.963854,-7.7962847,-8.202938,-7.8771343,-8.25971,-10.834404,-14.508978,-15.746143,-13.553809,-11.635492,-11.236626,-11.90784,-13.982304,-16.791988,-18.619081,-18.5284,-12.685704,-11.6385355,-12.821387,-12.069272,-11.638334,-12.0878935,-14.71547,-19.475908,-23.81837,-26.714314,-23.711424,-20.249172,-18.26062,-17.116646,-17.921059,-18.338673,-15.599638,-11.687229,-9.109502,-10.7298,-13.773866,-17.160666,-18.451508,-16.954002,-18.104101,-23.068226,-23.994678,-20.941738,-19.014126,-18.119791,-18.160694,-18.680414,-19.728748,-16.031935,-11.816196,-13.012656,-13.550285,-13.182159,-14.14815,-14.952079,-17.505005,-19.674908,-16.919565,-13.100299,-11.653405,-9.5739565,-8.120886,-10.820116,-16.51144,-14.655533,-3.8646812,-1.5528346,-7.7763453,-2.9071155,-1.8563778,-4.2111297,-6.5968914,-8.6109705,-5.2634754,6.100225,13.421092,15.4055395,13.450813,7.82851,5.8341923,7.193167,2.229668,1.5936615,4.0917573,1.5400119,-3.690964,-3.6975193,-3.3937058,-7.281293,-7.387901,-2.871765,-4.033888,-3.8725224,-7.239509,-2.5814562,0.9869925,-4.323861,-9.753183,-13.986707,-12.365631,-11.232671,-10.147306,-11.5409775,-14.488382,-12.4503975,0.27821496,3.4413097,1.3941694,-4.7384195,-8.937103,-5.5086513,0.6403284,2.2587729,-2.9573395,-7.446608,-8.224939,-9.000938,-10.653852,-8.556675,-9.581719,-9.208538,-9.326652,-13.633667,-14.122274,-10.934113,-12.19615,-15.656183,-18.399971,-14.48236,-12.672605,-14.254457,-17.412199,-17.434706,-20.159662,-20.60482,-13.789086,-9.346186,-13.685745,-13.672686,-12.188792,-9.830476,-10.1727085,-16.4163,-16.830633,-15.679403,-13.817881,-15.059777,-18.802788,-19.9712,-20.630707,-21.265274,-19.607174,-15.512132,-14.342202,-16.43569,-20.41149,-22.223412,-25.861565,-24.869171,-26.25182,-29.45569,-28.497986,-26.620567,-25.191032,-26.719688,-28.804941,-24.196587,-24.460003,-19.993912,-10.891329,-13.027475,-24.8584,-26.300243,-28.002335,-27.291664,-26.603973,-28.559114,-28.991962,-30.358334,-27.994274,-23.329336,-20.329544,-21.91165,-22.63269,-23.224127,-18.342808,-11.301056,-8.806458,-13.551619,-20.272724,-24.8022,-25.670298,-26.081964,-25.944427,-30.526745,-31.346073,-28.350327,-28.372845,-26.88499,-29.655054,-26.373787,-22.780237,-22.983797,-13.991055,-8.528256,-11.5224,-22.425596,-26.56806,-24.477562,-24.285099,-18.804762,-10.086462,-1.4360394,2.140372,1.4943157,-1.8686023,-7.4186983,-11.080845,-13.101586,-12.819822,-7.4771423,-5.7306204,-9.718141,-10.275591,-12.034452,-13.1998625,-16.768154,-17.226505,-15.607752,-16.469477,-15.365633,-17.956617,-18.78983,-19.178593,-22.59431,-22.608383,-23.69317,-19.380978,-10.701133,-12.01282,-15.989178,-17.263601,-21.578472,-20.97314,-22.143776,-18.881248,-11.393524,-12.025297,-20.133396,-21.954573,-23.610018,-28.797657,-29.680904,-24.844593,-20.65033,-10.608262,-10.869057,-20.175465,-22.661417,-20.868652,-20.561838,-20.706987,-24.475636,-18.230375,-20.606699,-21.579445,-22.943792,-26.378057,-23.939266,-23.800486,-21.608139,-8.799354,1.2943958,2.734101,1.7285967,0.104396984,-0.06976821,-6.786784,-8.285929,-7.2549295,-9.289263,-5.904648,-4.0869536,-3.316163,-5.7702217,-10.251438,-7.6615815,-4.637081,-6.5049677,-10.496113,-6.658373,-10.038215,-13.39665,-13.4805565,-12.5106535,-17.890766,-16.93164,-16.476038,-19.598482,-18.13707,-16.949757,-16.277714,-18.027342,-23.131405,-19.614075,-16.476513,-13.560841,-13.396904,-18.40265,-22.601831,-25.203264,-23.55665,-22.446363,-24.028147,-22.194675,-19.390556,-18.524755,-17.81706,-16.505308,-20.660746,-21.036732,-22.347958,-12.744409,-8.187986,-10.324541,-9.9837055,-10.419889,-12.080331,-16.076426,-18.58726,-17.719639,-16.383732,-16.438454,-11.997349,-7.2427797,-6.0321054,-5.045504,-5.213954,-5.870323,-6.342616,-7.986836,-12.706164,-12.757778,-10.004817,-6.4400682,-9.289252,-14.533777,-14.525886,-16.818691,-16.356571,-16.550663,-20.137054,-20.82581,-19.459091,-17.898937,-14.7311325,-3.44133,-3.6442044,-14.125391,-20.502207,-19.503624,-22.446072,-25.182352,-26.638702,-25.156822,-20.890007,-21.20991,-27.407114,-27.435305,-26.47747,-29.313335,-27.135637,-22.038696,-16.51024,-14.935416,-19.890526,-19.583698,-13.73299,-16.905205,-23.78761,-25.16718,-27.201836,-27.53822,-30.144917,-28.665348,-27.576283,-26.997688,-26.683504,-25.200634,-24.272024,-11.573099,-5.312461,-9.848282,-20.072617,-24.997065,-27.322243,-25.391674,-29.235964,-30.73924,-31.096487,-23.367924,-22.71587,-27.87115,-30.94136,-33.54052,-35.08462,-24.1556,-14.582722,-11.203875,-9.678147,-14.727193,-19.84112,-22.210505,-22.81785,-18.47694,-16.593592,-17.551357,-21.776915,-30.49325,-31.65559,-24.87029,-21.996775,-23.647585,-27.654617,-17.83462,-11.315601,-13.056288,-19.527641,-22.661663,-24.725208,-26.828154,-32.049614,-35.303642,-34.069885,-33.21805,-27.01298,-26.18395,-31.989971,-35.567154,-30.740433,-26.260298,-17.144608,-12.027374,-12.111196,-12.099544,-16.255108,-23.751884,-22.948086,-23.829243,-26.911785,-24.688978,-25.417492,-24.990456,-21.068018,-21.853464,-25.700218,-25.317764,-24.574568,-20.585928,-16.676842,-17.43261,-23.34208,-28.835556,-25.884022,-25.076866,-24.565754,-23.577509,-22.549276,-15.6179085,-15.490436,-23.296606,-30.787565,-30.863333,-22.329964,-6.294398,-1.8396668,6.2989454,9.265689,5.3049116,-3.0820847,-4.6132083,-5.666712,-6.257854,-7.3702855,-6.94228,-3.576912,4.1020246,8.125479,8.018988,3.2942984,-4.252462,-4.1471796,-3.721455,-4.39253,1.215637,5.406534,3.9705384,0.57088643,-3.4428363,-4.1879706,-2.8358846,-5.988548,-1.6758025,2.1277769,0.0966632,-4.82737,-8.107907,-10.587573,-11.01817,-8.65766,-6.9659853,-8.729611,-10.157244,-8.06943,-2.578201,-5.6632323,-11.681776,-11.802096,-12.069977,-11.716958,-10.24032,-12.098814,-15.678122,-15.372795,-13.135166,-12.468369,-11.394738,-14.446416,-8.278479,-6.682621,-11.704235,-18.684637,-19.00431,-16.504126,-2.4649315,2.6854646,2.1571026,-4.215289,-11.174345,-8.117179,-8.728282,-8.54606,-14.036498,-13.606349,-10.359286,-10.888203,-12.109796,-14.166121,-16.966372,-13.703831,-14.933435,-12.6206255,-12.297021,-13.42142,-16.941233,-19.022911,-19.335552,-14.762289
-9.831951,-11.69434,-13.6003,-12.1879,-10.440262,-10.787701,-12.637638,-11.716537,-17.672039,-16.880451,-14.086086,-19.280437,-19.281536,-19.29313,-19.396242,-14.102387,-16.241589,-21.399555,-20.740032,-20.84915,-18.195644,-18.830063,-22.923676,-26.344433,-21.696978,-18.769682,-15.279484,-13.73356,-15.149107,-17.49605,-11.884586,-6.50344,-7.123522,-5.50981,-5.244626,-6.027584,-9.598467,-9.694265,-9.255908,-7.340011,-7.5397997,-8.111276,-9.338077,-7.640421,-8.27424,-10.730925,-14.369737,-17.111036,-11.560503,-10.048073,-14.214142,-14.308537,-13.540674,-15.953549,-19.689106,-18.902185,-18.029278,-17.26833,-15.670774,-18.86361,-25.870327,-28.759813,-25.45736,-23.149996,-21.867252,-20.26799,-14.644661,-14.680251,-17.653032,-19.212755,-21.737738,-21.68924,-23.2039,-22.468056,-14.056443,-8.062446,-5.8729086,-7.4943905,-7.9377465,-8.544702,-15.142077,-18.341238,-19.296864,-14.687863,-12.707937,-15.5361,-17.174843,-21.431927,-22.673489,-25.126549,-19.84802,-8.984548,-1.8932531,-1.6437148,-3.650395,-7.6975346,-10.952656,-9.670002,1.8676293,4.516849,2.56316,2.7121508,-2.853751,-7.7766633,-7.83201,-8.2397995,-13.621149,-13.677568,-12.90629,-11.310007,-4.35793,2.4440207,2.5574179,-0.038489573,-3.067217,-11.070384,-10.530495,-12.974236,-10.710968,-12.159477,-12.773661,-12.066888,-13.612751,-5.836477,2.2355292,8.632994,11.025926,8.75788,5.573504,0.6757699,-1.2887039,-4.2533817,-5.803108,-4.687448,-3.6699371,-5.294812,-6.0939054,-5.3542237,-5.465967,-7.2078724,-12.751926,-12.17328,-10.513406,-8.765938,-11.140586,-12.439814,-10.817272,-9.94449,-12.394299,-14.961495,-18.22502,-15.623263,-13.993131,-12.603202,-5.8132877,-4.4772606,-5.1070304,-8.276676,-13.331279,-14.379846,-13.087929,-17.295105,-18.486082,-16.066347,-15.658453,-15.694756,-15.249876,-16.183132,-14.283571,-9.560956,-11.24537,-20.114723,-20.156527,-18.127474,-17.72839,-16.296375,-16.78864,-17.774857,-16.077833,-15.810865,-15.173042,-18.818571,-18.643896,-18.710472,-15.838076,-15.9702215,-12.679649,-11.036048,-15.5437,-14.591745,-17.269974,-14.187756,-15.26145,-11.0339365,-9.665504,-16.172176,-18.196806,-14.409859,-11.240707,-11.775625,-19.79497,-15.480631,-15.424801,-15.207909,-14.872688,-16.524057,-17.239649,-12.946991,-7.8981686,-5.7182302,-6.039958,-5.5724506,-5.1340537,-5.515323,-5.2084846,-8.108679,-13.060289,-14.817914,-15.073961,-15.796663,-16.052595,-13.692378,-14.58132,-17.223068,-18.89208,-21.456041,-27.191668,-22.538641,-24.095036,-23.68088,-18.71368,-18.40588,-19.427994,-19.19929,-21.024057,-22.914818,-20.087872,-13.63917,-16.291897,-21.608643,-22.244251,-25.128908,-22.892609,-16.930002,-16.999971,-20.432076,-24.341122,-23.69933,-18.267355,-13.240097,-14.161006,-17.286566,-20.518143,-12.445688,-10.188342,-17.22206,-15.645146,-12.31579,-15.299512,-16.262386,-12.615586,-10.28253,-9.0395155,-9.890168,-13.009443,-10.170248,-7.6852064,-7.545334,-7.660941,-7.2775946,-9.520549,-10.948869,-13.904549,-14.226222,-16.683798,-18.124363,-21.3261,-24.539711,-23.680105,-22.337152,-21.139868,-22.14967,-22.270294,-24.19628,-23.570757,-25.504625,-25.395945,-23.57468,-14.695865,-15.259143,-21.890945,-22.014725,-22.74104,-24.346514,-23.028803,-23.277227,-21.549328,-24.473366,-31.100399,-30.777903,-31.664057,-32.499035,-27.985895,-29.54179,-21.323622,-10.601674,-11.602823,-23.022173,-26.261368,-29.374603,-27.672844,-30.46693,-29.074749,-29.857332,-33.759884,-33.447388,-32.648563,-32.613625,-32.416637,-32.030174,-34.22966,-27.100815,-17.16505,-12.738544,-18.160471,-24.5918,-26.932066,-28.684422,-28.183899,-28.390741,-25.182505,-24.004042,-25.889894,-27.816093,-30.588129,-29.814634,-28.062527,-24.451878,-20.804626,-13.888244,-15.008544,-22.047054,-28.452415,-30.82407,-26.753613,-26.44661,-31.89373,-39.055946,-37.512455,-32.642315,-30.740578,-29.278866,-32.013546,-31.471823,-32.532562,-16.66505,-5.049613,-1.8089716,-2.3608358,-3.9389782,-4.881604,-4.869998,-3.854526,-5.5847073,-5.7837667,-7.5674396,-7.4974356,-7.4720454,-7.774474,-8.241642,-9.409558,-9.559313,-8.595087,-6.7066393,-9.188492,-2.8556178,-0.7281491,-5.4774504,-10.227678,-9.76399,-10.182362,-10.816613,-13.435612,-11.015702,-11.931806,-14.773603,-13.284565,-11.7297535,-11.454308,-13.674133,-15.52705,-16.220207,-19.24507,-17.993275,-17.117744,-17.45601,-20.422089,-22.207222,-20.362934,-16.234764,-12.547083,-9.299234,-10.722375,-17.85656,-22.687176,-21.126732,-12.102196,-11.614371,-13.173734,-13.64043,-17.09182,-18.382217,-16.373838,-16.98007,-21.753288,-19.325705,-18.209501,-19.25724,-18.406178,-18.136244,-19.493597,-18.600288,-19.377766,-20.041336,-13.934681,-10.681017,-16.155336,-22.620266,-25.225471,-23.274666,-24.4147,-22.323112,-21.667307,-21.127445,-21.622276,-21.400053,-9.812602,-7.1805058,-7.1847095,-8.039502,-14.676966,-11.9199295,-8.144529,-11.001585,-15.5903,-14.973769,-16.912535,-18.63855,-21.2092,-20.633162,-21.078985,-20.172066,-18.123402,-19.511585,-18.754509,-14.088841,-11.10062,-10.082552,-10.900788,-14.270753,-19.781574,-15.002821,-9.961626,-7.423136,-7.8255663,-7.601462,-7.3112907,-5.2054777,-2.8334105,0.5135349,5.3312545,6.8733177,0.78479403,-11.270324,-9.690787,-6.557249,-7.467767,-10.497753,-10.656177,-11.401976,-11.516471,-15.680824,-15.859091,-14.636468,-14.250576,-14.725989,-16.986053,-17.127136,-18.951601,-18.708206,-21.335432,-15.985203,-5.776239,-1.9018776,-1.992306,-2.3353844,-3.1835413,-3.647346,-3.7672377,-5.2419386,-4.634567,-6.095005,-3.7346473,-1.5152932,0.035466116,-1.8693326,-6.498012,-1.3029613,2.6346664,0.24045615,-0.8588071,-1.7963276,5.6796455,9.22031,2.8141499,-8.233181,-9.432858,-9.591777,-9.180165,-11.206664,-5.030642,1.8075265,9.60033,9.288194,8.829008,5.886457,6.3679576,5.9562225,6.977427,12.189813,7.719775,5.297161,11.31764,8.776826,0.19928308,-4.6646943,-3.7997465,-3.0176563,-4.106032,-3.4236374,-3.0967646,-4.494339,-3.7973595,-5.3453217,-8.520256,-8.731205,-9.037811,-6.9831605,-5.741422,-7.452383,-7.7524652,-8.974598,-11.743967,-9.201153,-2.3133292,5.4401293,9.4873705,11.78926,13.522669,13.901255,10.428698,4.5392923,1.9584177,-1.9467576,-4.522066,-3.6248448,-5.4040236,-7.065823,-4.326094,-6.121339,-8.756212,-5.638797,-4.019781,-3.3779929,-4.6355705,-7.6884594,-9.946634,1.1237948,10.139419,10.977611,9.915801,5.923364,-4.688186,1.8257864,4.4533257,1.817156,2.0517573,3.9702413,1.5897536,-3.0461311,-2.5695052,-1.226578,-0.20224032,-3.95219,-7.2795525,-9.723683,-8.505419,-5.9117203,-3.2756913,-3.7346876,-6.7219615,-0.9592726,0.6458788,-4.757981,-0.02343556,3.0852418,2.3924282,-1.7151107,-10.158356,-11.387563,-11.976409,-10.681783,-8.212579,-8.209226,-13.546598,-14.608507,-10.167601,-5.5758915,-5.145461,-14.62425,-19.395107,-19.555367,-17.615017,-15.898603,-12.132216,-9.005874,-7.7780704,-13.899811,-13.103369,-5.8992386,-5.246051,-7.998167,-11.174106,-12.912965,-17.318047,-18.915962,-17.85774,-18.299662,-17.397453,-20.61386,-15.1888075,-14.562279,-21.205366,-22.097837,-23.22918,-15.66037,-7.5171304,-2.155749,-3.7222824,-11.179856,-14.515335,-16.566654,-20.917763,-20.095102,-18.021206,-15.923256,-13.047539,-15.553658,-23.506756,-27.958652,-24.09945,-19.91585,-10.4038105,-4.643536,-7.998165,-11.22233,-10.865551,-13.527172,-9.35164,-0.4115261,3.9118629,0.38403332,-9.368947,-13.917358,-6.9943295,-3.156973,-7.574656,-4.7253094,-4.3056207,-10.655642,-15.74697,-11.439971,-9.254284,-11.2473,-13.232441,-17.192049,-21.208855,-19.671246,-20.579945,-22.428432,-23.30495,-22.726448,-20.608143,-19.783413,-22.782799,-23.018341,-21.528126,-13.410984,-9.740814,-8.192489,-10.137239,-15.81159,-20.892601,-24.951439,-19.895056,-20.52984,-22.14769,-23.842077,-23.19127,-25.302097,-24.844427,-21.448515,-21.249285,-22.122192,-18.13389,-9.227312,-11.027386,-16.30074,-19.107098,-23.289246,-25.532738,-25.169136,-24.219593,-24.503813,-29.023607,-27.271301,-23.734493,-26.464321,-25.938246,-27.42986,-31.274355,-18.289883,-11.03264,-7.9231067,-8.911473,-9.986712,-9.507295,-9.934103,-11.682486,-14.483683,-16.889463,-18.682028,-20.052778,-19.367115,-18.296011,-19.642952,-21.522942,-21.560953,-19.779585,-10.248256,-10.972953,-20.750546,-22.778475,-24.715193,-26.09379,-27.54126,-30.399712,-27.83843,-27.778414,-25.136583,-22.719723,-23.930737,-23.793573,-25.13952,-26.419542,-19.842611,-13.528225,-14.0407715,-17.379837,-21.431387,-19.332617,-18.026396,-20.165949,-21.12891,-24.507425,-24.410988,-23.517334,-25.25269,-29.131582,-26.579372,-26.299664,-24.717367,-15.373406,-10.420699,-14.072535,-17.861134,-18.658411,-20.895712,-22.55072,-24.725655,-24.681711,-21.310146,-19.547422,-22.206839,-15.64198,-7.4892287,-7.218609,-16.773037,-14.545687,-6.647029,3.323967,7.3206325,8.177413,7.377687,1.7732754,-4.273136,-5.887088,3.7990525,12.11408,16.55064,16.511496,13.341625,10.873611,11.80942,13.993491,12.217278,9.476436,9.616928,8.67504,6.1728153,2.095481,-0.1909525,-2.1102736,0.90178204,2.6327536,-0.5919027,0.26940513,-0.89993954,-0.55253285,2.458827,-1.1222914,-4.274221,-5.638275,-8.848448,-7.2422247,-5.6918716,-5.434497,-8.411299,-12.800569,-13.269234,-8.037347,-10.275919,-12.397018,-8.487928,-8.112678,-11.694039,-11.783181,-10.09807,-8.536319,-11.158127,-16.423347,-12.7338295,-7.737118,-10.194075,-15.506034,-14.46754,-15.118995,-19.159676,-21.531242,-24.209654,-23.025408,-20.42627,-16.759102,-15.365662,-14.335634,-14.847059,-14.801131,-13.8681555,-14.947113,-12.652266,-12.632133,-16.204082,-19.233269,-15.002289,-9.910209,-11.22489,-8.92232,-11.040638,-19.35444,-17.958014,-16.34888,-18.92174,-20.406778,-22.210209,-22.348732,-25.053434,-19.605404,-18.255995,-17.98509,-17.134321,-17.460539,-18.694555,-17.924686,-18.191833,-19.13206,-18.378782,-19.224916,-22.799711,-24.565336,-24.22343,-24.40157,-23.129177,-19.140574,-11.110164,-13.722416,-20.368778,-23.81345,-23.642061,-26.47779,-27.28046,-28.610256,-30.293262,-29.274195,-27.416918,-23.226097,-20.075012,-17.86742,-13.870324,-13.69988,-14.237733,-11.341669,-9.311828,-11.08881,-14.675475,-16.091246,-14.830915,-16.436441,-17.236694,-19.96948,-22.836208,-19.199741,-16.001617,-17.12926,-20.189646,-18.275593,-13.863002,-7.6301436,-5.7005043,-4.794927,-7.0817823,-8.919181,-9.48887,-11.403927,-9.424759,-8.911144,-7.2577977,0.43334362,2.3163302,-1.1316134,-1.0777179,-5.6343174,-12.275544,-13.12421,-9.270526,-8.43241,-7.155569,-9.237049,-9.293305,-8.144864,-10.417957,-12.108667,-17.531685,-21.621609,-20.938501,-17.855608,-15.565282,-17.72836,-18.731026,-16.621576,-16.871763,-15.627504,-14.916009,-10.24015,-12.186834,-17.826365,-19.559032,-15.631632,-18.424252,-19.30614,-17.794777,-12.358613,-11.1751375,-13.581123,-12.353064,-17.432724,-19.26053,-18.338882,-16.701681,-17.267185,-12.836809,-13.203116,-14.379347,-14.654097,-15.801057,-15.72435,-16.824266,-20.470478,-16.132702,-16.806696,-18.0171,-16.726683,-20.80736,-20.7195,-18.178123,-14.0954895,-8.801671,3.2590163,7.3892727,5.630255,6.3567586,2.4222736,-0.59546524,1.3377498,-2.7662635,-3.4220576,-1.5948846,-2.4417288,-3.014184,-6.4888973,-7.3015113,-7.0257854,-5.6760445,-5.7327275,-8.06043,-9.409872,-10.722078,-10.553628,-14.080904,-13.420616,-15.499348,-11.536739,-10.7729,-16.912024,-18.449638,-17.113184,-18.620615,-13.696121,-12.618961,-13.973541,-17.734192,-13.986134,-11.6584015,-14.925924,-13.835663,-16.564249,-17.744793,-19.73233,-23.25597,-19.728127,-16.859837,-16.77817,-12.863615,-11.127781,-16.602615,-20.808104,-19.866325,-13.269086,-11.624087,-13.241158,-12.875976,-10.357534,-13.585929,-16.758224,-15.709571,-18.274652,-17.247286,-15.367701,-14.877086,-9.156199,-5.923202,-10.011173,-16.097929,-13.7654505,-8.443535,-7.8317313,-9.445305,-12.2565,-9.588483,-11.135665,-13.833713,-14.645016,-13.477907,-14.48094,-13.787376,-15.218527,-16.49896,-17.204319,-17.465643,-15.687889,-15.171155,-8.878055,-8.36533,-13.947297,-18.11716,-22.49356,-22.417622,-22.972996,-24.1405,-27.366064,-23.19799,-21.802914,-22.555292,-23.18557,-23.25983,-26.118244,-25.302267,-18.961357,-12.5786705,-11.152743,-12.312842,-12.740737,-8.635286,-6.2354918,-6.9209094,-9.958007,-12.816152,-10.703871,-11.689852,-14.378685,-15.465608,-18.229467,-17.086266,-13.2211485,-13.856123,-15.010859,-7.2229624,-8.279551,-17.741955,-20.644081,-19.399078,-20.918512,-23.654478,-26.783312,-26.931862,-19.432806,-17.222368,-21.41696,-23.198792,-23.425781,-26.5852,-18.631264,-13.28253,-12.057137,-11.409561,-13.889015,-16.694376,-17.478275,-17.777035,-16.555851,-15.027555,-15.558838,-19.186663,-24.436302,-23.276634,-20.91932,-21.277496,-22.365154,-26.443293,-18.288181,-12.985797,-17.017294,-20.760895,-20.433443,-22.336958,-25.725994,-30.06094,-31.36342,-30.656841,-31.140898,-25.965422,-27.452637,-30.067722,-32.677494,-32.85624,-26.063683,-13.352529,-8.429917,-8.248181,-4.3104105,-5.676819,-3.9344862,-4.4668036,-7.6171627,-6.838416,-8.400556,-9.285394,-9.765859,-9.740617,-10.850148,-9.459563,-8.869859,-12.536837,-12.514381,-8.156904,-8.521858,-11.498873,-13.765688,-15.439176,-13.737316,-12.629095,-14.511492,-16.587618,-15.559853,-14.96666,-16.26488,-16.319206,-18.392735,-17.223146,-6.996624,-3.7022095,-5.590467,-7.044136,-13.284477,-16.572098,-7.3021793,-3.4537265,-3.7612245,-2.5923576,-6.5432615,-15.302565,-13.247323,-3.4640684,-1.9099662,-8.38283,-6.439998,0.18322669,1.4563551,-2.3902018,-8.911612,-0.058554597,1.7981411,-4.31579,-5.403425,1.0754101,2.5942116,-0.84058154,-9.255386,-11.450795,-9.808471,-12.606935,-13.288143,-11.091442,-14.080227,-13.902624,-5.9383492,-6.29132,-11.890032,-11.625217,-7.4982786,-8.936233,-14.587316,-15.792975,-17.00032,-18.822298,-17.749922,-17.5671,-18.30984,-21.083237,-18.621557,-9.903606,-8.872944,-15.789212,-9.062817,-7.6661654,-11.936931,-16.078972,-18.52298,-21.154148,-19.882236,-16.861568,-15.739532,-13.551033,1.3131047,8.534386,10.701687,10.968705,11.650076,13.768601,14.719683,13.029423,7.503075,-1.2864783,-0.49546373,0.9304535,-0.17819656,-1.4301461,2.8918743,4.823795,2.8301623,-0.109822586,-1.2673126,-5.227435
-9.48528,-14.639843,-24.86108,-20.796589,-15.8678255,-14.514435,-13.057872,-12.0907345,-16.299316,-21.624931,-21.984669,-26.676426,-23.529451,-21.169067,-16.82464,-14.175119,-14.668593,-16.212488,-17.599958,-15.378266,-14.654919,-16.699446,-17.241508,-21.592209,-24.3526,-18.090437,-15.359487,-15.041058,-16.01896,-14.6707,-10.582771,-7.386728,-9.451437,-11.230802,-14.993223,-13.602686,-14.588441,-14.840042,-13.63302,-12.840929,-15.757747,-15.121617,-15.3817425,-15.50391,-17.476536,-20.130371,-22.472322,-18.50044,-12.743697,-12.5470495,-17.661966,-17.086025,-17.836851,-22.427116,-24.73069,-21.857117,-20.876545,-22.665638,-21.789791,-24.662106,-30.074938,-29.874031,-27.741365,-24.60264,-23.423826,-20.041912,-12.42634,-12.39338,-17.41914,-18.916973,-24.510729,-27.395988,-26.224182,-22.513851,-17.522161,-14.871531,-13.313981,-15.424057,-15.712853,-14.89941,-19.766829,-21.998465,-20.136831,-12.94083,-11.579081,-15.115513,-16.82608,-18.51558,-18.811348,-19.07597,-14.632693,-8.720659,-5.877295,-2.807458,-5.1921725,-17.709421,-17.947601,-9.687873,2.181332,3.8119605,2.5848534,-2.4998848,-6.5687094,-0.79888827,1.6950057,-2.5183573,-10.006218,-11.740654,-10.423496,-8.849695,-11.308593,-9.586493,-10.287302,-11.78561,-9.710492,-9.323586,-8.775157,-8.671792,-6.421354,-9.200628,-10.19639,-10.336713,-13.934338,-14.923723,-13.523898,-3.0394301,1.3660526,-3.388054,-7.140248,-1.2107713,0.50468594,-2.611902,-6.209603,-6.3261013,-3.6111095,-5.412503,-10.161232,-9.376763,-10.669514,-12.118188,-13.670727,-12.593925,-11.6482935,-9.849493,-13.729492,-13.82482,-12.641593,-13.6833515,-19.025871,-18.357412,-13.828248,-13.209667,-12.044468,-11.959991,-8.857326,-5.427904,-7.6013517,-11.51229,-9.569511,-10.668787,-11.543064,-15.024855,-20.949612,-22.233698,-18.516132,-16.671173,-12.197163,-11.155682,-12.763088,-12.461475,-13.534502,-20.6013,-20.707159,-16.337574,-14.460029,-13.640851,-14.103823,-17.468737,-16.509174,-14.83153,-14.636388,-18.96777,-16.499079,-18.971554,-16.040108,-14.938401,-16.608234,-18.39382,-19.718054,-18.033398,-19.174644,-18.017008,-21.112078,-22.356323,-20.789034,-20.29334,-21.706451,-18.826935,-13.1756315,-11.132913,-7.024345,-9.112094,-15.336651,-13.706342,-15.258025,-16.815374,-17.859365,-20.86013,-20.965275,-16.706993,-12.511055,-7.2912593,-5.310255,-3.3386934,-1.3575922,-1.5117159,-7.650365,-13.872972,-14.753078,-15.637741,-15.084631,-11.079122,-12.707695,-14.07901,-17.172256,-17.784033,-17.946957,-17.580639,-18.81425,-20.51865,-21.279282,-19.885357,-18.688402,-23.315178,-21.430866,-21.857536,-22.175886,-16.233845,-18.290632,-21.549877,-21.278072,-22.861622,-19.358807,-16.4086,-17.621807,-14.474114,-14.419104,-11.845058,-10.719194,-11.761177,-11.238234,-13.803287,-21.983978,-13.022793,-9.612522,-15.455108,-15.169041,-14.945092,-10.038661,-9.828424,-9.109097,-11.714611,-16.221493,-14.733418,-15.249439,-16.214006,-16.074745,-12.980337,-8.1341095,-10.256063,-9.017697,-9.337762,-16.57509,-16.904299,-16.661419,-18.987091,-22.191422,-22.925177,-20.484089,-20.307487,-19.681044,-20.251629,-22.1611,-22.060167,-23.641266,-24.07761,-23.667019,-21.86013,-13.394299,-15.153126,-23.687363,-24.235525,-24.257906,-26.506393,-25.781576,-27.483368,-23.386393,-24.844288,-28.31257,-28.440823,-30.311096,-30.33495,-25.613762,-25.519152,-18.840176,-9.2926655,-10.82955,-22.947815,-27.26711,-30.616701,-30.219755,-30.33882,-27.837343,-29.269325,-31.712961,-29.760248,-29.17688,-29.885616,-27.171175,-27.920847,-31.500309,-22.374691,-19.53581,-15.257654,-20.63157,-28.531898,-30.95494,-35.514153,-33.51638,-31.932693,-32.37633,-33.199715,-31.594414,-33.507885,-37.349022,-37.34516,-34.178642,-25.775969,-20.873384,-17.876648,-16.104248,-16.527351,-24.8339,-30.450558,-33.339188,-34.52561,-36.7238,-36.246574,-33.60623,-37.796436,-37.968475,-35.001007,-36.88714,-33.63899,-31.863642,-16.372993,-4.0316467,-1.9311724,-3.1486435,-4.475972,-5.503423,-5.5003223,-5.214184,-6.293069,-6.883943,-8.197896,-7.9575276,-8.045915,-8.55839,-9.334894,-9.867398,-10.295769,-11.064034,-7.9994116,-4.6379795,-1.359507,-1.2095448,-4.2200603,-7.304146,-13.24235,-10.872648,-10.192997,-11.362608,-10.451559,-8.621206,-12.659043,-12.504426,-11.594046,-10.10786,-6.438418,-6.978874,-15.074011,-18.442688,-18.150686,-18.634766,-19.372887,-20.481495,-17.164639,-16.025726,-15.351801,-17.41489,-17.853666,-14.858398,-11.812683,-12.235781,-10.842475,-11.179153,-8.759834,-8.092998,-11.23126,-13.654142,-12.453799,-10.477629,-14.324149,-17.543957,-15.894636,-16.339558,-17.228598,-19.196985,-20.3829,-22.12782,-19.529509,-19.120924,-19.798353,-14.714384,-12.177942,-19.143185,-23.163702,-23.182459,-21.912655,-20.435583,-21.076397,-18.713518,-10.618906,-7.858528,-10.318891,-7.631675,-3.9693272,-4.7781,-4.0829277,-4.7523217,-9.950085,-7.4594026,-7.2409544,-11.175678,-14.584648,-17.498512,-15.003307,-14.656979,-16.527489,-17.734722,-17.35536,-16.290049,-15.251825,-12.563653,-8.167161,-8.214329,-14.239961,-14.143015,-14.573263,-16.823685,-13.998498,-11.832832,-10.595915,-9.940259,-7.8531404,-6.558379,-4.603538,-4.3358517,-4.063532,-3.064101,-2.6680589,-7.167893,-14.991222,-15.785643,-13.424868,-13.347589,-16.908297,-18.937338,-20.151878,-19.833914,-22.427746,-24.827133,-21.981754,-22.13605,-22.016077,-23.593163,-23.061068,-24.203663,-25.941383,-26.374838,-16.397346,-5.168969,-2.319642,-2.4480572,-2.7609882,-3.7344394,-4.407679,-4.938711,-5.7487545,-5.531233,-6.9382377,-5.548109,-0.5284373,-0.08170849,-1.4332341,-7.1353717,-6.807513,-2.3750236,-0.4425928,-6.762261,0.38013607,7.1704903,7.0739245,1.8411018,-5.381563,-8.546256,-8.947819,-8.571062,-6.476618,-8.405362,0.5187153,10.164253,10.774082,5.5410285,4.846038,5.060424,9.187484,9.802221,14.426097,15.795344,13.973266,11.787715,5.6128907,3.027822,1.46841,1.1302222,3.2887712,3.2728384,0.840644,-1.0340937,-1.4850861,-1.7731113,-5.470934,-4.762149,-4.1476307,-6.142811,-8.767574,-8.976858,-10.444061,-14.57803,-12.856777,-12.585199,-7.2726316,-4.2319946,-7.3808093,-8.430804,-7.491467,-4.1391273,-2.7886298,-1.6063313,-1.1575594,0.34170613,-1.7842366,-8.91543,-11.767361,-14.0519085,-14.7785845,-16.926332,-17.960672,-17.498583,-15.2440605,-13.884505,-17.138876,-20.327133,-21.733704,-16.064104,-6.8530893,-0.32641843,5.63623,5.4247184,-2.1440432,-7.194586,-3.9586701,1.3589801,4.965416,3.7445831,-0.24682902,2.4256701,1.0588124,-1.0020432,-3.7813618,-5.1853566,-1.7445041,-3.3741271,-12.223444,-8.855059,-3.318839,-3.7974257,-10.286027,-11.974959,-4.850402,4.3111286,8.142705,8.274672,5.4151435,-2.6079938,-5.805457,-6.16061,-5.2961645,-5.0281453,-4.3472013,-3.5914853,-3.710922,-4.2841473,-5.3914814,-6.417881,-4.8968406,-5.2460594,-12.5567,-19.328615,-18.562721,-17.896973,-20.584602,-19.435894,-16.259512,-16.49826,-17.651108,-17.752907,-15.148018,-11.829,-12.422464,-15.393517,-17.500843,-20.365776,-22.695284,-21.322159,-19.887035,-19.795807,-20.340588,-15.5298605,-17.388733,-24.923706,-25.707037,-14.843107,-9.171494,-5.7683077,1.3522799,4.660769,5.339905,3.191947,-2.6795778,-7.7039814,-9.819374,-9.867382,-8.1174555,-4.2216487,-1.2592051,-2.8780723,-5.208123,-3.152951,-7.503596,-12.42832,-10.09224,-8.557209,-2.5810213,0.67006856,2.0272799,-0.070270404,-4.9377656,-1.288618,3.3752985,1.1127856,-0.9263905,-0.1430032,-2.1893356,-6.2332325,-8.135184,-6.9980364,-5.7864766,-7.6216726,-8.515988,-8.807892,-8.203629,-10.389462,-13.222754,-13.0942545,-14.810968,-16.276781,-16.998653,-18.011549,-20.129583,-21.554567,-22.44736,-24.130762,-23.327084,-22.537426,-16.386148,-12.670395,-9.577447,-14.614922,-19.493532,-25.514599,-24.325247,-20.54567,-21.447323,-22.276787,-25.162655,-24.496153,-24.658726,-25.56941,-25.232761,-24.703741,-25.441841,-19.950813,-10.574827,-10.499071,-12.964012,-17.59366,-20.144236,-23.953054,-25.523228,-25.379713,-25.497604,-28.020302,-25.115402,-22.694359,-26.840036,-28.098734,-29.694262,-28.315313,-19.489496,-12.397638,-10.475964,-17.372616,-21.847187,-16.749607,-15.078735,-15.510241,-16.35263,-17.21277,-18.372837,-19.557808,-20.35044,-21.40942,-24.567049,-29.346458,-25.26675,-18.984262,-10.6831875,-9.767387,-14.335651,-18.425726,-22.649204,-28.602451,-26.990082,-24.705046,-24.772814,-23.168385,-23.116997,-20.495163,-20.73605,-22.259329,-22.933922,-25.563372,-21.195297,-16.16481,-13.840245,-17.92413,-21.512585,-22.195702,-21.702662,-20.420246,-18.55925,-22.69082,-28.431871,-27.598576,-27.689335,-29.248846,-29.051516,-26.189129,-24.080584,-17.538118,-14.137336,-15.474967,-18.147066,-20.192957,-21.81838,-22.688978,-23.31394,-23.355627,-21.472132,-19.388927,-17.539864,-17.478062,-11.5446005,-10.828842,-19.815027,-16.661457,-10.545635,2.1213655,12.05945,13.844976,9.354841,0.5163394,-5.0985765,-5.2246876,-2.2021315,0.9158999,-3.3236856,-3.1276703,-0.53111464,-2.1042492,-2.4522243,-0.40535152,1.9826992,-0.3223655,-4.205282,-3.9620888,-3.6696098,-5.471383,-7.2761292,-8.691911,-9.404658,-9.794222,-9.163396,-4.9987,-0.75042397,-1.2863932,-5.2093887,-6.63351,-9.771101,-10.981536,-10.438638,-9.285535,-6.9929,-10.558252,-12.621941,-8.696873,-9.365281,-10.968826,-11.173754,-14.060923,-12.775904,-11.739616,-13.7455,-15.113107,-12.185478,-10.363036,-13.244041,-16.946323,-17.727169,-12.042873,-14.828861,-21.139746,-22.422928,-20.45906,-20.006699,-22.159767,-23.401611,-22.63819,-19.559525,-16.957273,-16.756016,-16.444876,-15.611017,-17.25643,-18.71734,-15.378206,-11.8718605,-10.543847,-16.209398,-23.370419,-20.14577,-11.524918,-6.422945,-3.285327,-7.9758854,-14.781,-17.291092,-20.513401,-18.362307,-16.285604,-13.755724,-14.458862,-15.864895,-13.054134,-11.820165,-13.035917,-17.4327,-20.194214,-21.573555,-20.68401,-21.615765,-21.965454,-20.113142,-20.932215,-27.74147,-27.860874,-28.663301,-28.195557,-26.948467,-24.196806,-14.553535,-16.030289,-21.789724,-18.06353,-18.77077,-19.365688,-19.617865,-20.059582,-21.4654,-22.58054,-21.194618,-15.976435,-17.037443,-19.434698,-17.935846,-19.556086,-18.179045,-14.101938,-11.33436,-12.209797,-15.648824,-17.841494,-18.99418,-20.991913,-19.806526,-22.842075,-26.58269,-23.510838,-20.85815,-22.178766,-25.14181,-24.390965,-13.630444,-8.043114,-7.538867,-5.993164,-7.8086905,-9.083306,-10.062722,-12.084698,-10.557674,-9.710351,-4.650582,2.0491269,0.79918087,0.9919933,0.32246667,-6.498111,-12.513357,-13.556255,-9.472723,-7.7595377,-5.112677,-6.7255445,-10.283134,-10.19424,-11.411232,-12.256341,-16.267298,-19.151375,-22.255516,-17.900848,-15.643421,-19.092155,-20.45922,-16.664383,-16.72825,-16.277874,-15.123184,-9.804858,-12.106371,-16.94108,-18.670876,-16.188982,-17.327383,-16.380682,-16.149286,-15.051405,-11.717283,-13.948039,-14.683973,-17.341368,-19.659527,-18.661797,-17.331194,-16.887964,-14.035721,-17.459885,-19.765203,-20.573666,-20.106163,-19.215591,-21.364185,-21.683605,-16.71268,-15.203384,-16.300991,-20.152847,-24.851887,-20.866135,-18.030464,-12.191691,-4.3669043,1.8404226,5.5391145,5.227201,6.4499254,5.6158695,2.3592167,4.8840528,1.7402053,-1.654146,-0.09595939,-0.30654538,1.9231921,5.7617064,2.4673376,-5.7549,-6.4294634,-6.1343985,-6.620736,-7.9604483,-11.565481,-12.654688,-10.162105,-10.514884,-8.268521,-9.539931,-15.530486,-14.3046,-13.983693,-15.696593,-16.492756,-14.724859,-12.955093,-13.425336,-15.830664,-11.222107,-11.081487,-12.874328,-12.749748,-14.089144,-16.190792,-21.251991,-21.0454,-18.895803,-19.054527,-17.367895,-13.238098,-11.717454,-16.161476,-19.867823,-21.361532,-14.272608,-9.190796,-11.142497,-15.328077,-13.677113,-15.257126,-17.000465,-18.27412,-21.209896,-16.780312,-14.223548,-16.22795,-15.498828,-16.917936,-18.175846,-23.018208,-20.038132,-10.776645,-9.080674,-12.881975,-14.599252,-12.711383,-13.305368,-13.713585,-14.566486,-14.295927,-12.472704,-12.452146,-14.695544,-15.985741,-17.166267,-16.673252,-14.3137665,-13.957171,-11.133538,-11.304007,-16.897484,-18.538654,-23.024595,-22.996532,-22.712372,-25.190784,-29.069273,-24.87893,-18.462044,-17.340662,-22.399467,-21.567135,-20.532558,-21.793823,-21.367472,-15.310963,-12.426138,-11.35417,-10.120546,-11.103435,-12.4164505,-12.799048,-15.506525,-19.044704,-15.242802,-16.590893,-19.63958,-17.67834,-18.993769,-19.577717,-16.687174,-17.442276,-16.419971,-10.612026,-11.000714,-18.073467,-22.891846,-22.111511,-23.275047,-25.008858,-26.717503,-23.579872,-16.453503,-16.307257,-20.890085,-20.557833,-21.313856,-27.144619,-16.175186,-10.708599,-10.212423,-11.045312,-13.568304,-15.001397,-15.157218,-17.65804,-24.353958,-25.736809,-23.601124,-21.112116,-20.363531,-18.563702,-18.804678,-23.606163,-25.545238,-25.90191,-17.635567,-14.862364,-17.66185,-21.059015,-22.850657,-24.695171,-31.822792,-32.112343,-30.16179,-32.47443,-32.047493,-22.473852,-22.771473,-26.00789,-27.658567,-31.586246,-25.176086,-12.747652,-7.0975037,-5.2747006,-4.713705,-6.3034124,-5.9686713,-6.218521,-7.8294296,-8.325798,-8.922815,-9.7866745,-10.298588,-10.125685,-11.119686,-10.162451,-9.65403,-12.565901,-10.398765,-7.549584,-8.874302,-11.939693,-14.607668,-15.827156,-14.958349,-13.053926,-15.192637,-17.417944,-12.486773,-13.556761,-16.976093,-16.300066,-19.098793,-17.537634,-7.3756337,-1.3793236,-3.09765,-7.7765474,-14.840805,-10.012173,-2.2801538,2.5978174,4.562139,4.4920506,2.212469,-2.9898837,-9.524511,-13.170517,-14.323621,-9.536389,-1.5039673,-2.4485788,-6.1042495,-2.6274076,-4.723729,-10.795176,-12.708132,-8.193258,0.31523424,-0.21022253,-6.223083,-0.53503084,-3.7885146,-14.618563,-14.889441,-15.089396,-14.8203945,-14.811661,-14.2927475,-13.628042,-10.840005,-9.410003,-9.010629,-10.576193,-12.211924,-10.256689,-9.599496,-12.646019,-18.165321,-18.446589,-17.372944,-16.84185,-16.696054,-17.793074,-16.395576,-13.534691,-14.350937,-11.94167,-10.591843,-10.580182,-11.748839,-15.233845,-17.400528,-20.892698,-19.629662,-17.385223,-13.848052,-2.3220901,5.735161,9.052009,8.947526,9.656276,12.674101,15.656463,16.76152,15.420242,11.157178,3.3286593,1.1145456,2.799714,2.6515808,1.3880088,3.9105296,6.253447,5.2766848,2.6271617,-0.70587033,-6.7531633
-6.3215466,-9.412507,-12.952396,-14.953943,-17.621614,-13.735199,-12.443351,-13.04667,-14.8766,-19.916094,-18.56025,-15.2851,-16.132046,-17.37064,-14.523943,-12.714978,-12.427602,-10.701022,-11.052703,-12.370175,-14.732605,-20.111938,-24.59195,-19.407255,-15.430372,-15.372618,-16.780634,-20.500175,-19.29402,-18.757442,-16.423014,-12.45968,-10.301538,-9.657902,-11.040415,-15.964014,-18.887386,-18.481443,-15.309447,-12.641734,-12.336598,-14.305689,-18.493414,-23.492708,-22.903107,-18.271086,-18.576464,-23.464596,-16.527231,-12.189192,-14.449101,-15.228895,-18.890259,-23.383253,-17.310825,-16.065445,-17.473204,-16.01537,-19.910734,-21.114702,-24.249565,-26.476192,-22.097425,-20.055668,-23.682192,-18.223503,-12.099704,-14.376773,-16.256695,-14.28692,-12.14739,-10.410879,-11.245987,-11.785643,-13.656403,-16.592142,-15.170654,-13.875747,-15.332068,-16.832804,-20.137417,-23.284939,-18.786734,-13.7050495,-10.814805,-12.66271,-18.040045,-21.837824,-23.361826,-22.77295,-17.447294,-10.817554,-5.945,-6.407174,-10.216011,-14.444288,-15.204109,-5.792345,2.035244,2.5172927,-0.22059202,-3.8871655,-9.379357,-3.8608518,-2.6951196,-8.475922,-13.006124,-14.046072,-10.42948,-8.6370125,-7.7429466,-5.8211145,-7.357648,-6.330595,-7.0892243,-11.086193,-12.972237,-10.109486,-6.835209,-10.380168,-10.286161,-8.204652,-9.029287,-6.1652827,-3.3079338,-5.34591,-3.9982293,1.5675645,5.7031965,6.3551645,1.5650251,-2.6848378,-5.1647286,-2.7617621,-3.0598962,-3.9929402,-4.652188,-7.6108446,-8.514068,-9.892429,-9.3911915,-7.850603,-5.033539,-4.6818557,-8.349553,-13.671142,-12.255972,-14.116315,-12.821988,-11.882672,-10.773997,-10.545498,-12.121214,-9.0881405,-1.5910907,1.8656181,0.7825053,-2.2696168,-2.8429747,-7.844496,-10.89943,-7.2936707,-8.119943,-12.731709,-14.156872,-14.481243,-16.901165,-19.021002,-17.814932,-12.3040495,-8.13213,-8.976379,-13.69648,-15.163394,-15.944107,-12.315586,-10.698538,-11.873915,-13.226015,-16.699474,-16.644575,-16.510012,-13.818027,-11.901339,-12.305334,-14.95385,-13.2987995,-11.422486,-12.558353,-10.100874,-7.391681,-5.8387737,-5.1174407,-7.260299,-8.377753,-8.957424,-10.64555,-11.393065,-5.1920652,-1.1387783,0.7490271,-1.0884529,-6.842732,-12.7827,-8.6488285,-4.580855,-7.0243683,-9.95813,-10.270613,-8.602456,-9.68259,-9.2043085,-10.045304,-11.554588,-10.639243,-10.367842,-13.545464,-15.493487,-18.156855,-14.551657,-10.874908,-9.908895,-11.153612,-13.759769,-15.309576,-11.793203,-11.64707,-14.800253,-16.064398,-13.121302,-14.719707,-16.869835,-14.521606,-14.116377,-11.635141,-10.7738695,-13.920969,-10.779838,-10.673369,-17.25825,-18.062504,-12.232055,-9.827333,-6.4525585,-6.3765306,-10.974822,-12.1806965,-13.223883,-15.259941,-18.880566,-14.366392,-12.707388,-16.698725,-11.106652,-8.187655,-13.505844,-15.4090395,-14.508175,-13.982144,-11.34521,-12.083496,-10.246826,-13.001863,-15.508272,-14.097864,-12.27016,-12.48701,-13.351279,-10.8288965,-12.045576,-9.684045,-7.1521254,-5.8583264,-7.242041,-10.525247,-10.098952,-5.938811,-4.7925997,-7.896413,-8.180172,-9.6839485,-9.27061,-8.036943,-9.7689905,-6.057122,-6.7057037,-6.3516464,-6.799657,-10.519137,-11.220788,-11.127659,-14.704954,-11.3798065,-10.216323,-9.102679,-10.467295,-17.461988,-18.521301,-12.663124,-12.883525,-16.816418,-22.075466,-15.774146,-12.8814745,-11.760503,-9.577044,-8.446607,-10.258107,-10.146255,-7.6264453,-8.036772,-10.972511,-8.907944,-9.628176,-10.195292,-12.408291,-12.736219,-14.012103,-12.351832,-13.872028,-12.695902,-11.016148,-10.984377,-9.454628,-13.094681,-14.760839,-15.952858,-14.068237,-16.532423,-15.496703,-17.22084,-15.785457,-16.186037,-20.387268,-23.883812,-20.30896,-17.044355,-15.89896,-10.308865,-11.286401,-10.493374,-9.360967,-8.402441,-10.99885,-8.747108,-9.6937065,-12.228115,-10.453413,-12.5126,-9.95952,-8.097512,-12.338811,-17.89407,-16.89299,-20.084465,-14.424513,-11.717234,-12.50826,-14.316999,-14.315781,-15.500433,-16.836365,-18.062458,-18.62205,-20.756413,-19.542793,-18.480894,-19.050972,-16.555725,-17.95962,-18.362293,-16.068584,-13.909904,-10.309074,-4.788306,2.2020154,0.46037734,-2.0153532,-2.9917529,-5.058734,-8.630803,-6.718603,-5.6518974,-8.012029,-9.292034,-10.10471,-10.53046,-12.274738,-6.8093495,-4.923858,-5.6525493,-4.167015,-2.6213584,-4.7253613,-3.2412553,-2.6821992,-5.650052,-2.831254,-0.64175797,-4.2822638,-4.889872,-0.23181719,2.7473335,3.8361623,5.8326416,6.5862627,6.082547,5.364489,5.8333855,3.3843138,3.0477047,4.8359413,2.953844,2.6489348,2.7911112,1.7222977,-0.03557439,-4.7408733,-3.0008383,-4.0314093,-3.2010329,-3.2152948,-6.0857606,-6.5689516,-7.551409,-5.863035,-7.333755,-8.954078,-7.8803916,-8.3723955,-7.4766264,-8.24745,-8.173053,-8.59067,-4.300065,0.5279388,5.6435065,11.089815,12.964087,11.943569,10.816769,10.853324,6.121013,2.8000197,4.0950994,6.1929946,2.9519482,-0.11780627,1.631242,-0.57009774,-1.9873686,-2.790348,-0.3922109,1.5821266,-1.5836067,-5.145311,-3.3436651,-2.8414285,-3.8234904,-9.037077,-8.378144,-7.8628354,-7.9750466,-5.471973,-6.5880914,-8.354152,-8.494179,-1.6400855,0.8925504,-1.4188819,-7.895261,-10.317375,-10.469403,-9.4114895,-7.616053,-8.32205,-7.0052776,-7.4049654,-11.71178,-8.586954,-8.002752,-10.504604,-12.483503,-12.45737,-14.619385,-12.12606,-9.95885,-11.337219,-11.270014,-9.88972,-10.796939,-14.711156,-11.071468,-13.570686,-16.70709,-12.266741,-15.981035,-16.31222,-13.480764,-17.450207,-15.803585,-14.392816,-13.074574,-6.8612223,-3.9321864,-4.347197,-8.784671,-4.7416263,-4.18611,-3.2345843,-0.9113842,2.690858,6.171317,9.054283,4.55255,-0.897666,-1.912359,-1.7777035,-4.5926223,-3.3906212,1.5405033,5.8303385,5.427061,8.215582,11.385923,11.865178,7.707655,7.193601,10.981405,8.390543,12.33425,13.093381,8.52286,7.109522,8.018795,3.0473018,0.6947226,0.18761106,1.5667182,0.5019371,0.3449772,-2.706828,-3.6177254,-7.8052754,-6.987588,-5.861458,-5.2346015,-2.442173,-2.9760318,-6.891062,-8.25769,-4.630463,-1.8808725,-3.8727653,-1.4849662,4.8506193,4.3274846,-1.9947361,-5.4593706,-8.395509,-12.582184,-7.8518915,-6.4332933,-7.4592075,-5.862572,-8.152897,-10.754647,-8.185822,-10.043457,-11.786663,-12.319879,-14.364766,-12.46009,-13.525062,-13.229655,-11.393589,-13.333471,-12.547084,-11.4444275,-9.677956,-7.082299,2.7385235,8.034839,8.363996,2.9946494,0.0055464082,3.130785,-1.8212914,1.9310082,4.503986,-0.7442516,-4.2609396,-5.5831695,-0.98837054,2.3764057,0.22057095,-0.22458866,-1.9072537,-4.62789,-0.6718755,1.1311121,-1.4235722,-1.5932121,1.8895196,-0.025856394,-5.162552,-6.828892,-5.8859644,-5.166023,-7.5394564,-7.832611,-7.775712,-9.638453,-8.499363,-7.132762,-9.196372,-12.241555,-9.977367,-10.638314,-11.247506,-13.33787,-7.6555924,-6.612878,-5.7883654,-2.5141425,-2.1377983,-3.3116581,-7.4333673,-9.321516,-11.652323,-10.238208,-10.729349,-10.380272,-10.30241,-14.887976,-12.260099,-13.703279,-18.446707,-16.886366,-15.730376,-12.906681,-9.069435,-8.142013,-7.548335,-6.7131414,-6.7056556,-8.44411,-10.306901,-3.0488424,4.6612387,6.8912764,4.2287335,0.24658698,-5.0220003,-4.1198153,-3.250182,-2.3353162,-6.2681603,-5.7420087,-3.9147348,-0.86271274,-2.1599886,-3.4881756,-3.1280327,-2.3054924,-0.0070466977,1.679899,1.0991992,-2.1576843,-1.3168344,-4.631706,-0.21078824,1.5134773,0.29271677,-1.816075,-5.1845465,-9.318184,-9.607965,-8.835882,-9.135422,-12.5861225,-8.767765,-7.5379615,-9.345288,-9.04333,-8.378654,-10.03963,-11.794315,-12.576582,-15.815851,-10.440289,-6.7806935,-7.0690536,-10.676284,-11.488566,-13.156291,-14.872959,-9.502109,-8.524675,-9.185226,-11.928999,-11.714057,-13.790994,-13.981138,-13.46383,-14.6818695,-15.123728,-15.304556,-14.941498,-16.099312,-18.95665,-22.39522,-18.09125,-17.153675,-13.414249,-6.72367,-6.9727345,-4.5351644,-5.3257074,-6.995102,-9.348941,-13.072437,-14.731136,-9.97972,-8.826985,-10.495376,-8.604249,-7.51719,-7.6699295,-5.362694,-5.459883,-6.9720845,-7.893128,-11.746706,-8.673414,-6.01612,-5.471008,-6.0778465,-10.843756,-11.414307,-10.878971,-15.548724,-14.819055,-15.181784,-17.363625,-19.576294,-17.22116,-14.459163,-12.600861,-8.31851,-2.906464,-3.682898,-8.198822,-11.208807,-12.13991,-10.966541,-9.613693,-8.57354,-9.107229,-12.123624,-12.423268,-9.676897,-8.423813,-9.475278,-14.48741,-17.961214,-13.129488,-12.753841,-14.841476,-16.586107,-18.942398,-17.233845,-17.321617,-18.756157,-18.303112,-18.668133,-19.092981,-18.664516,-21.30725,-21.500952,-19.906063,-21.550844,-18.38187,-12.962991,-12.377973,-14.775725,-18.438143,-16.255966,-13.30879,-12.459572,-13.03465,-13.09215,-14.631708,-15.925339,-14.728126,-11.581209,-10.236324,-17.299788,-12.335769,-0.8189663,2.9577348,1.7881079,1.230438,-5.6469398,-8.1916065,-9.727538,-13.033768,-10.242339,-10.836485,-8.41297,-2.100378,-1.7145152,-6.6294904,-9.05645,-8.406633,-6.978721,-6.9519334,-6.3848686,-6.2693386,-4.9502563,-4.879243,-8.297161,-10.347877,-11.685841,-11.808632,-12.798429,-13.484905,-4.739651,-0.5980586,-5.0589175,-8.878904,-10.7913475,-9.64569,-4.913711,-6.2651687,-7.6926346,-11.204168,-16.312462,-13.203892,-6.597171,-5.0702925,-2.7998397,0.48020536,1.2292142,-0.28019613,-3.692806,-2.8554132,-5.9860992,-9.724272,-9.15414,-9.314296,-10.688713,-9.884833,-10.59533,-9.454944,-10.6813545,-12.149496,-9.119995,-10.67341,-13.388782,-13.070802,-12.869492,-10.855276,-14.154585,-17.073048,-15.64599,-14.827924,-16.164171,-15.073854,-12.2759495,-10.254058,-14.809877,-14.644455,-16.672947,-12.902652,-10.01433,-9.981911,-13.126152,-14.334973,-13.252648,-12.790213,-17.29677,-16.576046,-15.332487,-17.214647,-17.191856,-12.703237,-13.781314,-14.622058,-14.639659,-12.938324,-9.836895,-8.278646,-7.4985414,-7.3261223,-9.112004,-12.491874,-19.633148,-22.750948,-17.2157,-15.049446,-13.153285,-13.001065,-10.481417,-12.319439,-16.98798,-20.548553,-22.082207,-19.589962,-20.824417,-21.955193,-19.695936,-17.902601,-16.598717,-15.697334,-17.273928,-23.26286,-23.70258,-17.842405,-13.7333765,-11.249655,-12.820287,-16.763361,-15.152177,-15.2562275,-13.157329,-12.463937,-13.182649,-14.796822,-18.096302,-23.713293,-23.327747,-23.98581,-24.138382,-17.507088,-14.004306,-15.4340725,-15.217347,-10.4931555,-7.1111526,-6.321623,-8.08308,-10.382552,-10.2201605,-7.826847,-1.8347324,0.64125574,1.428175,-1.6190627,-5.1472397,-8.892398,-9.224073,-10.161436,-12.560387,-9.618215,-9.837552,-8.630295,-11.259201,-12.7721405,-9.525874,-11.839499,-16.24665,-17.723104,-17.863634,-15.178539,-14.426256,-15.404979,-13.990306,-12.195339,-16.085943,-21.217678,-19.41004,-12.574858,-10.167733,-10.228344,-14.22503,-15.213805,-14.712304,-16.245117,-14.432731,-10.469842,-9.123302,-12.620563,-17.643116,-21.343998,-19.031282,-19.6449,-20.64828,-16.748476,-12.189161,-14.215815,-17.798616,-17.523462,-14.055878,-11.277448,-10.261438,-11.484456,-11.266012,-12.857302,-15.574944,-19.4241,-17.467234,-19.086071,-22.392239,-12.871717,-9.544228,-5.0890346,3.7304916,7.669172,10.813895,8.442183,1.868183,1.1265725,2.3214061,3.9651828,4.1401644,2.7653508,3.9586468,5.8115664,1.979202,-4.0015864,-4.0286427,-5.7225137,-4.6199217,-6.490693,-8.593485,-7.6842375,-9.062031,-9.1550865,-9.136014,-10.929027,-11.95816,-9.533624,-10.880313,-12.304752,-13.152561,-12.9072,-12.543181,-10.142029,-10.513592,-9.015938,-11.808757,-15.827131,-18.744432,-18.987808,-15.546051,-14.220928,-18.241913,-16.155193,-16.749382,-14.265451,-14.617956,-15.55591,-13.592993,-14.487304,-15.18095,-12.821266,-5.3323035,-5.2833934,-7.2369585,-5.0332212,-7.1946945,-7.2628803,-9.506571,-11.965242,-12.126097,-9.585063,-11.612688,-9.515862,-6.903923,-7.345566,-9.304646,-11.7221365,-9.853828,-10.735874,-10.850664,-11.488833,-11.568513,-12.482718,-14.156311,-15.262096,-13.80148,-14.748943,-17.587196,-18.890623,-18.83362,-16.78115,-16.24511,-18.273026,-16.345932,-12.100068,-12.164143,-9.4509115,-6.357398,-7.98312,-9.494142,-10.08769,-11.880455,-13.921571,-13.691032,-13.416012,-10.457092,-14.626873,-14.226282,-8.238238,-8.645301,-10.003283,-9.172183,-11.7711735,-17.594492,-16.5226,-8.496715,-6.375087,-8.566668,-13.390778,-15.120801,-13.114246,-15.5484915,-21.017235,-18.454493,-17.582945,-21.293392,-15.6139555,-12.674018,-9.363707,-7.5339956,-12.540358,-15.17263,-16.379168,-15.157205,-11.291104,-11.464372,-9.4646,-8.371527,-9.876836,-12.071064,-15.144772,-19.240435,-21.496485,-16.938475,-13.987547,-10.298539,-8.159495,-7.600641,-8.99376,-12.803528,-17.047968,-16.58979,-19.73206,-22.556103,-16.780615,-14.98043,-17.959816,-17.258446,-16.791477,-21.08156,-19.009453,-17.111855,-10.043407,-7.7214975,-7.531459,-6.89884,-9.610304,-6.248491,-7.945345,-9.376045,-6.8207808,-8.342325,-9.254749,-9.93888,-13.31224,-10.2477665,-11.350792,-15.107666,-15.755178,-13.450603,-9.375889,-9.997716,-9.7019615,-11.443162,-15.638317,-18.367218,-17.570635,-20.858921,-22.6128,-19.744991,-18.383915,-15.634355,-14.573349,-15.496183,-17.218204,-19.17515,-10.177452,-5.600552,-7.2661967,-11.403301,-14.200187,-17.567928,-14.486034,-10.698111,-10.47812,-10.418705,-10.838767,-11.253243,-9.275146,-7.6887865,-8.673159,-7.749577,-7.7241344,-3.895275,-2.8359363,-3.2472496,-5.5755043,-1.5412812,0.11117648,-1.0005763,-3.26712,-5.344109,-0.7714531,2.2473326,-1.8529202,-7.5951395,-6.9029875,-2.9550865,-2.1630285,-4.4068084,-7.45523,-3.298329,-3.2506814,-6.924801,-1.8579595,-1.5363239,0.65322334,0.90999615,-2.3847928,-2.2057898,-3.0457914,-11.486229,-10.646205,-8.451087,-10.16768,-7.774085,-10.413786,-15.165674,-12.2279,-10.773864,-5.5564966,-7.2860475,-5.770741,-2.7150564,-6.2557693,-8.918626,-9.557331,-7.9821277,-9.651783,-16.522501,-14.3616,-14.997758,-12.106375,-8.400117,-11.023113,-8.199834,-6.9413643,-5.471657,-6.100466,-9.94568,-9.87899,-8.999183,-9.291637,-5.862308,-2.7287207,-0.2790057,-4.2582984,-9.02524,-7.5130596,-7.5125527,-7.0165896,-9.373473,-10.441274,-10.259682,-8.820753,-8.964171,-13.590678,-14.398307,-13.185217,-13.416189,-12.912785,-11.866384,-15.489628,-18.148754,-16.003935,-18.45612
-8.519374,-11.114087,-13.812191,-12.210564,-12.132243,-11.693567,-10.80401,-11.626139,-13.703548,-16.761414,-15.3072815,-14.309299,-15.696062,-16.684855,-12.53419,-9.237796,-11.085178,-9.74759,-9.626129,-10.463289,-13.979206,-15.5670595,-16.12211,-16.331944,-12.136388,-13.569518,-15.7087755,-18.53784,-17.823397,-17.47138,-15.560675,-15.561222,-11.518325,-9.389201,-11.397785,-16.776684,-20.705414,-19.918705,-15.633683,-12.893198,-12.464088,-14.155011,-18.310085,-22.93956,-21.973797,-18.630604,-19.723822,-22.810509,-17.447098,-12.443944,-13.265467,-12.837004,-15.414114,-18.813663,-13.516035,-11.273712,-11.886244,-11.974604,-15.343389,-16.759375,-20.659325,-21.771305,-17.200052,-15.399481,-17.583105,-16.719955,-10.595797,-11.962246,-15.552408,-14.549637,-12.996225,-10.324784,-11.925105,-12.214036,-14.433288,-19.557417,-16.686146,-14.291023,-16.145245,-18.159578,-20.9077,-24.022963,-20.930458,-14.634875,-10.211302,-10.463086,-13.898568,-15.174594,-18.81484,-18.862114,-16.052979,-10.307413,-5.5342846,-6.3546925,-9.468432,-12.856714,-13.476792,-3.9777503,3.299801,2.93411,-1.2505907,-10.931125,-14.641426,-10.4286175,-6.092457,-6.171398,-13.169785,-11.839982,-11.417519,-12.818872,-9.183504,-3.0834584,-2.048559,-2.141734,-4.7655044,-9.9507675,-10.565024,-9.290735,-5.403901,-7.7764487,-6.4035516,-4.5455213,-5.5622797,-2.446414,2.7252402,1.0771452,5.327706,10.577197,11.349518,7.4354405,1.420604,-2.5399399,-7.735697,-6.515586,-3.5769775,-3.4886622,-5.717451,-6.1332088,-10.845068,-10.3736515,-9.184044,-6.1977015,-3.3753614,-2.9625776,-7.511087,-14.039706,-11.300591,-11.546474,-13.533935,-14.227834,-11.023859,-10.181927,-12.610521,-5.75651,-1.0741843,-2.8293066,-7.2462826,-10.702347,-10.976046,-14.149574,-18.429201,-15.073371,-13.938026,-16.162743,-16.240862,-17.87514,-20.915909,-22.858713,-11.934886,-8.508388,-9.333467,-10.952872,-14.785972,-17.101782,-16.876572,-13.967962,-11.966742,-12.905663,-14.40707,-17.84907,-19.88975,-17.704994,-13.961475,-12.179565,-11.791205,-14.747303,-11.367586,-10.461494,-10.024202,-6.209832,-4.101631,-3.5669422,-3.5996006,-5.3310337,-7.3616366,-7.574909,-8.752997,-11.153802,-11.5217,-9.126382,-6.5889673,-6.7137628,-8.394138,-10.842087,-10.684696,-6.4512453,-5.53944,-6.690506,-4.445484,0.09893802,-0.030177107,-1.0998771,-5.2055974,-8.476576,-6.751249,-8.682181,-9.073959,-12.139164,-11.366537,-11.319183,-9.328291,-8.956544,-9.873923,-7.803746,-9.10371,-9.7348385,-9.406066,-13.959359,-15.7656,-10.219111,-8.997084,-11.758921,-9.065432,-9.14065,-8.11646,-7.59835,-10.845504,-8.743462,-7.8978467,-9.298569,-8.9459715,-8.766891,-7.253331,-4.4115567,-4.2265024,-9.433315,-11.164804,-10.107808,-10.668142,-14.247832,-11.475087,-9.076412,-11.210929,-10.103441,-11.16758,-13.942552,-12.931269,-14.891573,-9.612127,-8.549529,-10.656024,-10.531454,-12.980752,-11.246454,-7.8867073,-5.348686,-6.3132915,-8.919713,-6.618724,-10.764788,-8.5576515,-5.6633515,-2.4996176,-1.9697248,-5.9279823,-6.0436773,-2.0116873,-2.8875506,-9.21618,-6.974844,-6.6387396,-4.881453,-2.7386591,-5.34002,-4.0956306,-5.114413,-4.80364,-5.890908,-10.575515,-7.9946656,-7.1861506,-11.460605,-10.059939,-10.614852,-8.805864,-8.712479,-13.803753,-13.288912,-9.334458,-9.714283,-13.911564,-19.74053,-14.742296,-9.822102,-6.9099026,-4.423071,-4.6149282,-9.06549,-10.442124,-7.764187,-7.8621073,-8.224715,-5.5369067,-4.960561,-3.0617762,-4.443844,-8.52977,-7.64884,-7.6207213,-11.929407,-12.906046,-10.988384,-10.321245,-8.921794,-8.845611,-9.194188,-11.67798,-11.366123,-12.130853,-10.674534,-13.595891,-11.817952,-9.411867,-12.629669,-18.229164,-14.320449,-10.990322,-10.596823,-8.263635,-5.5998874,-5.2790136,-6.017825,-5.189214,-6.674194,-6.8954396,-8.9053135,-6.7316904,-5.261454,-7.198624,-5.1868906,-5.9655333,-10.601464,-14.516527,-14.07477,-16.769545,-10.666687,-9.805824,-10.790552,-14.46293,-14.624336,-16.02131,-13.777626,-9.892519,-9.825039,-12.395624,-14.468971,-15.934519,-13.757707,-12.707348,-15.872098,-18.667156,-16.447027,-13.778215,-6.421313,-0.48660022,2.1798632,-2.58002,-6.0058947,-8.779636,-6.223531,-7.25905,-5.9951687,-1.3885901,-3.0679436,-2.465575,-3.395102,-5.779354,-10.860296,-10.486679,-9.397773,-7.0592875,-1.3508544,0.017413737,-0.36868334,1.4869719,1.0209069,-2.320042,-0.9784293,2.74291,1.5067403,2.767705,4.975431,5.5969853,4.1186104,2.4386718,1.3500671,-1.0248045,-2.7672033,0.1759573,2.0825694,2.9683604,1.2754743,-3.946589,-4.050227,-4.0635056,-5.103895,-2.9747806,-5.123476,-3.2687294,-5.2889013,-7.347949,-7.5121756,-10.742208,-11.867876,-12.624456,-9.434564,-9.471518,-11.505055,-7.9650187,-9.580876,-11.218164,-10.52383,-11.324209,-11.516804,-10.467191,-8.006135,-3.2370667,2.4889429,6.017786,7.2814016,10.05085,11.411383,8.897474,5.297937,2.0988145,2.2860577,-0.5226981,-6.543222,-3.4777899,-6.0447063,-8.747327,-10.732316,-7.4886913,-5.0733376,-8.9694605,-12.69599,-8.194595,-6.4458055,-6.896973,-7.782321,-7.661853,-10.691709,-2.2808456,-1.0084674,-4.1736298,-5.294996,-8.6170225,-5.3169627,-1.9560058,-0.54203546,-5.2399416,-12.401376,-14.037691,-11.267394,-11.387722,-10.811623,-6.501345,-4.8420978,-8.572716,-6.837046,-6.4974947,-11.066832,-13.059586,-12.220852,-13.988272,-11.731733,-9.637212,-11.8355255,-11.472354,-9.190913,-10.290576,-14.604937,-13.893686,-16.331799,-15.619846,-10.643659,-13.964884,-15.826726,-12.428727,-16.716839,-16.301033,-12.603606,-9.961813,-1.6386592,0.002837728,-4.647311,-10.046649,-9.006928,-7.284529,-5.3159933,-4.5530834,-0.19439971,1.5907235,2.9631498,1.5860714,-2.5522425,-3.6743116,-3.133063,-5.6948557,-5.6163874,4.580645,10.125123,10.177035,15.641255,17.592632,15.403797,15.920671,12.673042,8.089497,7.42711,3.8027945,4.672726,4.6709223,7.838471,5.8234687,1.2720518,1.101932,0.36605364,0.24566877,2.338397,2.449127,-1.4597465,-3.017424,-2.6787653,-6.189384,-4.961993,-3.9763486,0.599174,-0.22839907,-1.5713396,-3.598514,-1.7317953,0.20161402,-1.3149033,1.178868,8.434437,9.353438,8.76176,6.4328885,-1.6745656,-2.9911752,-4.262841,-2.6887605,-1.0040234,-1.3633943,-2.782842,-3.1696181,-4.092916,-4.266692,-4.9229918,-7.6024814,-11.042442,-9.30057,-9.884825,-10.719977,-8.285666,-9.014994,-4.6868653,-0.53387964,-2.129495,3.4560654,11.312277,14.474232,14.750067,12.310656,5.7650476,7.276244,8.654279,6.2023883,6.001981,4.6549635,1.9956671,0.11936201,0.24069959,0.7804554,2.95323,3.7053716,-2.2395737,0.85597026,7.5063586,9.579919,9.612038,5.983159,1.0364935,-1.5166051,-2.1238987,-3.965309,-1.6297566,-1.5514029,-4.400503,-5.137412,-8.091043,-8.802404,-6.04228,-6.1681137,-6.542687,-6.5754337,-5.7805495,-9.542111,-9.672777,-6.372946,-4.5726256,-6.062042,-4.7445273,1.4846239,4.4093146,3.951291,-0.85702664,-5.70648,-6.8441133,-6.0726767,-6.527894,-7.901351,-6.434268,-9.702417,-7.241951,-9.660259,-10.590811,-6.837869,-10.465074,-10.723752,-6.154954,-7.6934395,-9.535141,-9.398595,-8.675587,-5.1487913,-0.04470894,0.28301144,-4.7181835,-5.8576965,-5.5762663,-7.5187693,-7.5090904,-5.9336014,-5.881645,-5.3356104,-9.274536,-10.447096,-8.138904,-6.8502693,-7.4032784,-6.1671715,-5.237484,-7.983048,-12.148134,-11.797065,-11.960669,-10.605219,-7.2787237,-4.6644955,-6.981179,-12.183352,-11.591367,-12.319045,-13.950873,-13.884072,-8.880276,-10.034728,-13.129054,-13.366452,-8.3068495,-7.706373,-7.7617116,-7.744431,-7.9687552,-11.153388,-11.544846,-11.426167,-16.104528,-8.915276,-5.5898046,-6.2942247,-10.457481,-10.350581,-13.197149,-12.997317,-5.9300466,-5.7003775,-5.9717474,-7.3651686,-8.205957,-10.340671,-11.226677,-10.389152,-9.877516,-10.433992,-12.547207,-14.405148,-15.24768,-14.946835,-13.759071,-8.759703,-9.435894,-9.196252,-5.3644776,-6.518278,-6.239142,-6.8631516,-7.247697,-7.891343,-8.61246,-11.312298,-7.455372,-7.6326437,-9.84078,-7.2479534,-6.781825,-7.3343096,-4.0912304,-4.6358833,-7.558528,-6.049624,-7.978926,-7.779073,-5.2013583,-3.9059234,-3.7268252,-8.556613,-8.742359,-7.698565,-10.380598,-10.842123,-13.350552,-16.949345,-19.272852,-14.783483,-13.924934,-14.718458,-8.166328,-3.0023594,-3.9972162,-11.057339,-15.1841755,-13.247358,-12.149647,-10.108366,-8.102859,-9.361702,-14.387389,-14.666073,-10.707445,-8.343049,-9.431935,-15.5743265,-20.72636,-13.945542,-11.32223,-11.825915,-13.576679,-15.808395,-16.892006,-18.67612,-19.340912,-19.380508,-22.155954,-25.1042,-22.80595,-24.930258,-24.023727,-22.9931,-23.058949,-20.43905,-14.261583,-13.354796,-16.640461,-18.923582,-13.552483,-10.547575,-10.240165,-12.11007,-14.587475,-16.858303,-17.269653,-15.037517,-11.75489,-9.128536,-13.866271,-5.445659,5.0124836,10.850098,7.6270647,0.27483732,-6.7104793,-6.688971,-4.316863,-2.3251896,-1.5867454,3.0692444,6.162021,10.275005,12.720383,13.169683,10.9027195,8.449142,9.745474,11.850647,12.720784,13.417791,13.88306,10.780364,3.482963,2.9792628,5.0615764,5.618638,4.6128287,4.3304405,2.2810044,-1.1679233,0.46998742,-1.9705849,-3.5629585,-4.387522,-8.874142,-9.456255,-4.136846,-4.5652876,-6.104704,-3.6811285,-2.2102685,1.0160043,2.7560196,0.1330276,-4.1896267,-4.713531,-5.7037187,-5.97462,-7.504137,-10.142007,-11.949017,-9.1669445,-8.729438,-8.263469,-7.763527,-9.053888,-10.3935375,-9.8123665,-8.111969,-10.1007185,-13.393324,-12.697358,-12.8210945,-12.618569,-14.781371,-15.738499,-15.037898,-14.019609,-15.21101,-15.70283,-13.005486,-11.184821,-14.92905,-13.927786,-14.45849,-9.688393,-9.248949,-11.308191,-8.007608,-5.9099574,-6.613613,-7.7817345,-12.578186,-10.932995,-10.707531,-12.81909,-15.02777,-10.470661,-10.875119,-11.489454,-12.10435,-13.133601,-10.240271,-8.2069645,-7.659309,-7.2553606,-9.171614,-12.384272,-16.647087,-17.076708,-14.370774,-13.142694,-12.335791,-12.537048,-11.743974,-14.345397,-16.74783,-15.474824,-14.4544525,-14.309306,-17.28233,-15.717507,-15.376782,-15.63648,-15.798498,-15.946556,-17.869507,-20.443577,-18.375694,-15.709017,-13.642069,-11.921028,-10.622171,-13.777355,-14.728933,-14.9201565,-13.389158,-12.26328,-13.642317,-14.777769,-18.322977,-23.512543,-22.156029,-23.925726,-26.8289,-20.198404,-15.821152,-16.319576,-14.385517,-8.5971775,-4.02875,-3.1435852,-4.6496444,-5.754071,-6.6191998,-6.8059306,-3.4145305,-0.111372784,1.3706809,2.349176,-1.8721821,-7.7884693,-10.723652,-11.946068,-12.101217,-10.327993,-9.800509,-8.878411,-11.164368,-10.267676,-8.77317,-11.358694,-15.450293,-15.597961,-15.241301,-11.22903,-12.722821,-15.817419,-13.488454,-12.547493,-15.195369,-20.147606,-19.451614,-14.418665,-8.22555,-6.846308,-11.061702,-9.346863,-10.156048,-12.488209,-9.100452,-9.551609,-9.214073,-10.010585,-12.773662,-14.004149,-14.871087,-18.927973,-19.838655,-14.126545,-10.243572,-12.100218,-13.111103,-16.639046,-15.878611,-11.387032,-10.198322,-11.8702545,-11.371127,-11.395693,-13.779254,-17.966415,-19.162018,-20.28101,-22.429049,-13.749709,-10.425328,-5.125454,-0.9830234,1.082028,-0.016664702,-2.4114008,-0.5317094,0.16825888,0.59818304,3.5115674,5.5890913,4.600936,3.6710238,1.8364047,0.6630876,5.869102,5.659354,-1.3923556,-6.6795597,-4.648484,-6.8193383,-5.5880804,-5.7123375,-10.3186,-10.086065,-12.034576,-13.56563,-12.194377,-11.346161,-13.411423,-12.406888,-10.406599,-11.312872,-10.714522,-10.737526,-9.093904,-10.620134,-11.60866,-11.925521,-14.149744,-16.35918,-11.860403,-14.050306,-16.074135,-17.235613,-17.361574,-19.05228,-19.330002,-14.019023,-14.513399,-16.164158,-15.018129,-6.420451,-2.9869246,-4.0140634,-2.9769232,-6.2425814,-4.847842,-6.289274,-9.21139,-9.874113,-6.9838386,-7.276201,-3.8357663,-1.9782852,-6.5989923,-11.480427,-14.015379,-11.171907,-9.389233,-9.187114,-8.123611,-7.2779007,-7.744337,-8.599976,-9.780407,-10.344307,-11.731621,-12.948307,-14.162146,-14.205574,-11.459818,-10.692385,-12.037305,-12.877623,-11.683163,-13.849029,-9.18206,-6.5582304,-9.161038,-9.534419,-10.419922,-12.919853,-14.667385,-14.394806,-13.59609,-11.206645,-13.552623,-12.416152,-8.683661,-8.789099,-10.617126,-6.6976285,-8.92048,-17.871058,-18.513733,-9.859809,-5.7165422,-6.8107247,-10.680502,-13.317199,-11.46484,-12.748832,-18.337276,-17.13661,-16.171497,-19.174717,-13.967639,-12.804517,-11.243696,-7.7932744,-12.111932,-12.583027,-13.577044,-12.948021,-9.790016,-11.547726,-8.724477,-7.7755747,-11.140135,-11.500243,-13.174968,-17.818697,-20.448143,-16.173271,-13.45919,-10.470458,-9.267226,-8.596341,-7.9290285,-10.820101,-16.985266,-14.651755,-15.374798,-17.132023,-14.299004,-13.569068,-16.763174,-14.9575615,-14.334985,-18.41059,-15.96571,-14.691382,-10.501651,-9.290014,-5.744735,-5.1929955,-7.9862213,-4.447436,-6.3019037,-9.165909,-6.2910004,-8.705098,-10.242815,-10.613066,-12.729591,-9.0758915,-10.94605,-16.006634,-15.792635,-12.626686,-8.931736,-11.454488,-14.200474,-11.402625,-13.260488,-17.051844,-14.528159,-16.168663,-19.812122,-19.771463,-19.003195,-17.123787,-21.014444,-18.724438,-17.484562,-17.60564,-11.122562,-6.0219526,-4.987022,-6.9056053,-10.438767,-13.44777,-13.663688,-9.694733,-10.735984,-10.706503,-8.342503,-8.499827,-6.361432,-6.8553405,-9.370603,-7.5170784,-7.675774,-5.6954765,2.0265622,3.8081255,0.7710699,-1.3825165,0.2299905,-0.11757195,-1.0880795,-1.3815928,-1.7263443,-0.2924105,2.752309,0.2833112,-2.031983,0.46961015,-3.2385163,-4.8942556,-4.6913996,-5.6565948,-3.4474409,-0.57718855,0.6335003,1.8148803,-0.47077015,1.3330092,-1.596092,-5.3334527,-5.5337424,-5.8933854,-5.334616,-6.0549903,-10.84545,-8.877703,-11.427716,-11.519571,-9.95458,-7.0652413,-2.9475565,-3.790333,-3.1561306,-1.8103282,-5.0692105,-7.810751,-8.760717,-6.4938,-8.109238,-13.320768,-11.034575,-11.479734,-11.34248,-8.641899,-8.882304,-9.972685,-9.776135,-7.7070923,-6.7017465,-9.416391,-8.587157,-6.5559587,-2.3129628,1.0081272,-0.53175825,-4.910388,-12.006254,-15.2799015,-10.043003,-8.890406,-9.980528,-12.740785,-11.728202,-11.04034,-12.140179,-13.164436,-11.13577,-10.923142,-10.437259,-10.291098,-12.119799,-10.87734,-13.326973,-15.885771,-15.104534,-16.119072
-11.218092,-14.333501,-17.746326,-14.630622,-14.40834,-18.506802,-16.368649,-17.190163,-17.22068,-15.557035,-17.908203,-19.798035,-21.48054,-22.178629,-19.744751,-16.134415,-16.651136,-19.700834,-20.878712,-20.460274,-20.223875,-22.966822,-23.041393,-25.501247,-27.086508,-26.172634,-24.370405,-27.4751,-27.360687,-27.279322,-24.241337,-18.978443,-14.676219,-18.001335,-22.744486,-23.254778,-25.682526,-29.400581,-29.452091,-26.784184,-23.09492,-24.506226,-24.557867,-23.109663,-24.076529,-27.273684,-27.349577,-23.836124,-14.569444,-12.17868,-16.966484,-21.131805,-23.29908,-25.333832,-26.34113,-27.23673,-28.20944,-27.007143,-25.486086,-25.976341,-29.480892,-30.040731,-29.542377,-30.613476,-29.361933,-19.23835,-11.868893,-12.9452,-19.37478,-25.987177,-29.336823,-32.05286,-35.57344,-35.712143,-29.137308,-26.823233,-30.490253,-30.813587,-31.107275,-31.837118,-33.34765,-29.346165,-20.048971,-12.183671,-11.801857,-19.952698,-23.155699,-23.599005,-25.736217,-26.150007,-21.750595,-13.458664,-7.809605,-7.8903823,-14.096412,-18.066622,-16.059958,-6.0753746,0.029364945,1.987297,-2.949758,-9.341464,-8.92646,-6.249483,-0.19747958,-1.8660297,-11.001639,-8.7051735,-7.0646095,-8.3966055,-10.500753,-12.035131,-11.29787,-13.488626,-13.642879,-16.844162,-13.585563,-5.9977775,-5.3466296,-10.06442,-16.06342,-18.311243,-19.771515,-13.091967,-7.3819323,-10.035993,-7.0955186,-3.5002317,-3.222957,1.5046747,3.9704452,2.7413697,-1.2069016,-4.307845,-5.7861223,-6.049163,-9.181868,-8.463307,-8.868309,-12.934724,-16.49399,-14.963721,-10.363146,-6.204282,-7.7833624,-13.796709,-14.159111,-12.093181,-12.930488,-16.577328,-20.935364,-17.783316,-13.290541,-13.784112,-12.278546,-13.167728,-13.294771,-13.948194,-15.83917,-20.416264,-22.090302,-21.133362,-22.457905,-21.550068,-24.626266,-22.553423,-24.09023,-24.665474,-12.312103,-9.560979,-14.570489,-22.664604,-21.414429,-20.195074,-21.553364,-23.630335,-26.91142,-28.06159,-28.281067,-24.04807,-21.117876,-22.571154,-25.760769,-27.565262,-24.066248,-21.56889,-12.091667,-11.917589,-20.870638,-24.19277,-27.511322,-22.742899,-19.367012,-19.480145,-17.695768,-18.349861,-20.627056,-20.38026,-14.373284,-12.925996,-9.768918,-11.652687,-17.068087,-15.076624,-17.766172,-19.532383,-16.775364,-17.560276,-17.019638,-12.284926,-7.91399,-5.6973495,-7.747859,-9.07094,-5.888176,-5.102635,-9.178016,-16.54989,-12.709242,-13.9481945,-9.811121,-9.373926,-16.24642,-18.243397,-15.7033825,-15.328444,-22.261248,-25.081923,-20.964537,-19.939896,-21.234547,-21.256275,-18.616852,-19.354456,-22.703396,-22.931633,-21.590572,-15.613356,-14.657602,-18.467314,-19.478592,-18.216417,-17.816734,-17.757936,-18.650818,-20.968637,-19.759785,-16.652939,-17.598251,-20.041597,-24.15695,-24.248234,-22.804945,-11.708191,-8.970573,-15.025109,-13.279319,-13.812896,-14.504946,-11.145985,-13.097166,-12.839318,-11.795242,-15.725154,-15.099987,-12.719204,-14.468027,-14.372859,-15.563039,-18.097761,-10.214304,-10.039465,-14.456018,-13.769901,-12.961411,-12.769832,-14.789657,-14.514698,-16.333048,-18.442572,-18.552248,-16.174847,-17.14996,-19.433323,-22.441847,-22.092335,-23.951077,-19.18129,-13.741909,-16.221306,-21.93346,-21.06702,-23.686863,-24.74075,-22.6204,-22.702473,-21.544638,-20.122288,-19.13253,-20.001556,-22.137854,-21.726562,-19.973944,-23.480112,-22.048492,-16.323782,-15.315796,-17.885212,-21.552097,-23.116692,-24.157751,-23.396246,-20.314806,-16.11397,-14.776526,-14.915363,-16.924026,-20.276392,-20.711603,-19.403118,-21.874426,-24.885689,-18.753841,-14.902498,-19.547184,-19.483206,-21.695034,-26.191347,-25.425571,-22.967718,-22.012947,-20.69637,-19.87983,-20.659552,-21.156097,-23.343676,-25.716192,-23.264328,-17.277876,-13.253146,-11.981496,-12.966933,-18.676165,-20.128971,-20.125252,-18.864862,-16.049314,-14.990942,-14.9358225,-15.538622,-15.933746,-15.625625,-18.23766,-23.124456,-22.00735,-19.031185,-16.980652,-17.930103,-20.832317,-22.275936,-25.530605,-23.929352,-20.280396,-18.613241,-18.413462,-19.987267,-21.164043,-21.096132,-22.577917,-27.535786,-25.138557,-22.959496,-18.221132,-5.6386514,2.377482,2.1876314,-2.903669,-10.326048,-9.575394,-9.228747,-10.470421,-11.1726265,-5.5277224,-0.57758886,-3.239764,-7.935261,-7.513324,-8.397491,-9.572105,-9.58773,-9.658542,-14.5992775,-13.92277,-15.835605,-10.4335,-6.8065224,-10.219789,-12.1704855,-9.66852,-5.871537,-6.0016465,-9.731577,-13.263447,-16.590002,-15.611763,-14.672695,-9.598502,-6.4630756,-7.114904,-10.515723,-12.93902,-11.713421,-10.649227,-12.242862,-15.768894,-17.020489,-10.246761,-10.243086,-14.444232,-12.538614,-13.815104,-16.065952,-16.553814,-18.426802,-15.648584,-15.08521,-15.495662,-18.491688,-20.111202,-18.79218,-19.37694,-19.674677,-23.125364,-22.718006,-19.069473,-16.628872,-17.061995,-13.5893545,-8.644124,-10.724021,-13.254532,-6.528159,-5.3084965,-11.363493,-16.928171,-18.175608,-19.63409,-18.459206,-17.23668,-21.268377,-21.214718,-16.759235,-17.19506,-20.2791,-20.829687,-21.473423,-19.850075,-19.646614,-18.297274,-19.349197,-19.761646,-16.893574,-1.2887552,4.2544003,3.7613325,6.5317717,8.340872,7.7818103,10.878819,12.045357,8.350252,3.7528107,0.025914116,2.043277,0.80288804,-5.7373023,-6.18638,-6.2352133,-4.9157314,-5.3621078,-7.1651382,-2.1024384,-0.17886655,-1.1994092,-5.288701,-9.387427,-7.4290204,-8.031301,-11.246171,-16.345121,-13.949884,-7.3437147,-4.878402,-5.3854218,-11.456424,-16.504969,-20.05745,-18.512684,-19.43865,-22.34386,-18.725956,-16.42925,-10.630352,-5.174148,-2.7843175,-3.4891934,-8.896498,-4.8109126,-3.659929,-6.5300612,-4.3457785,1.9726901,3.767263,3.8936896,-1.3550473,-7.1971393,-6.8797503,-6.041272,-5.209415,-6.8719344,-3.3667393,7.5398293,15.740203,15.350451,8.701198,8.999702,11.386246,11.95332,7.1229978,5.1187444,3.3385313,1.7284514,-0.13440196,1.7132175,-0.34683228,1.7464504,2.2236462,-0.5750255,-1.4441655,1.1698165,-1.2876178,-3.4500864,-2.6442165,-3.6605868,-2.937562,-2.5236967,-4.103507,-2.525703,-4.861026,-5.0783854,-8.517665,-10.8320055,-10.515803,3.192773,11.646704,13.194962,10.960945,8.109423,5.3324604,3.3801298,1.9858235,-0.4229988,1.280962,1.1323898,-0.8276218,-1.4488047,-2.8722408,-0.2038548,-0.2940619,-2.6310434,-5.7548814,-5.8155603,-7.2229567,-7.94166,-5.921623,-8.4018345,-7.2915893,-4.0780506,2.5820932,3.8647528,4.6533413,4.167578,-0.8268803,2.3749242,10.128319,11.174773,5.0095854,3.0667396,0.680016,0.8140061,3.632314,5.357518,5.255268,2.3787267,1.0386823,-0.025766555,-4.6973104,1.4915495,6.4773602,4.8033147,3.6162386,9.436787,9.02802,0.83630586,-6.578064,-6.2681365,-7.0097165,-5.717884,-3.6737587,-5.877676,-10.285765,-8.037606,-4.67254,-7.747181,-8.0000725,-7.2558613,-7.01406,-6.1343765,-6.6569567,-10.014094,-9.09736,-8.419076,-7.489733,-11.272349,-5.9281273,-2.579169,-3.6099374,-7.893681,-12.893163,-10.703192,-9.660072,-9.586516,-11.914042,-15.581316,-16.186506,-14.988771,-17.450504,-13.5266,-10.201243,-13.503052,-11.995568,-12.4472065,-11.961739,-12.268762,-11.338626,-4.6304755,0.15162924,4.454967,8.871897,10.186334,6.38346,2.3320522,-0.90137,-0.9025724,-1.9467986,-4.3471665,-2.6229951,0.3023715,-2.8262215,-3.8258557,-7.0868354,-7.7194076,-4.601884,-5.20168,-6.8636155,-6.391358,-1.9912065,-1.3412572,-2.0255618,-5.2508783,-5.645816,-2.784988,-6.068945,-11.189642,-12.403139,-15.364999,-18.56864,-17.888853,-18.551924,-15.567251,-13.610419,-8.309083,-8.903252,-13.404135,-17.563993,-15.863354,-15.1899395,-16.191195,-16.02894,-18.54472,-15.842671,-15.171963,-18.838058,-20.22411,-22.16017,-22.865673,-21.682583,-15.973316,-12.861071,-10.0608635,-12.740926,-18.183147,-22.079464,-21.136076,-19.089577,-18.857967,-18.615469,-21.640919,-23.094465,-24.183853,-26.240522,-23.113178,-19.087456,-18.568275,-20.308327,-14.178139,-11.088018,-17.160717,-22.500154,-25.535622,-20.010569,-18.736166,-20.662214,-25.237103,-28.750937,-24.031033,-21.199152,-25.12167,-23.651478,-23.686838,-28.196203,-23.663015,-16.313803,-12.531807,-18.565567,-30.401722,-24.703651,-25.329973,-25.486977,-26.10875,-27.858929,-27.677462,-28.58843,-32.811035,-33.609093,-35.17269,-36.114487,-38.103382,-27.201973,-15.323812,-9.682246,-11.534475,-18.65907,-26.392916,-29.213621,-33.710026,-35.21553,-36.414886,-32.470688,-29.35488,-23.00428,-23.142101,-25.980927,-27.1303,-31.09019,-20.72508,-15.834681,-16.658157,-24.264603,-28.371033,-33.250652,-32.92063,-31.870062,-35.19181,-33.353794,-31.184633,-31.017132,-33.808334,-35.037804,-32.305397,-32.840675,-34.316536,-23.241444,-13.602141,-13.562865,-21.316444,-24.627186,-28.431477,-30.330505,-31.775923,-32.650524,-29.968891,-26.00346,-25.220987,-27.932426,-15.550977,-12.521732,-16.75785,-3.4546008,5.057483,9.066672,8.980053,2.118394,-3.4098303,-2.814897,-2.077102,-1.6818482,-0.43099058,2.3843007,0.2710976,1.0222093,5.5356646,8.693271,8.655044,9.36767,11.948991,13.297466,13.555168,14.076152,15.705486,13.310204,5.521751,3.4764957,5.878977,6.930128,6.1141243,7.3464394,5.9464283,2.0983987,2.8803923,0.7086778,-2.5165858,-0.9511107,-4.827995,-8.991396,-6.590383,-7.4044566,-3.9214306,-2.6845021,-1.9749048,-0.66882706,-2.5585756,-6.505286,-8.691848,-11.192985,-15.33175,-14.582333,-11.520958,-12.843351,-11.233084,-8.933946,-9.054876,-9.863597,-11.03313,-10.968191,-11.724705,-11.363687,-9.0025425,-11.198954,-15.325875,-14.812569,-15.576629,-15.536299,-13.720547,-15.001226,-17.319462,-16.212631,-18.23456,-17.727037,-13.44775,-12.586386,-15.023924,-17.038378,-14.512483,-13.412232,-16.882784,-12.994246,-10.628487,-13.805681,-14.647255,-16.806501,-17.788942,-18.022196,-17.345297,-16.689438,-17.290634,-10.63143,-10.621167,-15.826478,-16.840784,-18.959316,-19.90866,-24.433157,-23.754002,-23.04577,-20.702982,-19.784399,-23.830566,-23.097652,-24.793167,-24.925097,-25.417538,-23.376648,-16.147343,-18.640636,-23.344597,-24.333126,-22.638647,-24.054749,-27.416763,-27.115898,-24.779057,-26.74515,-26.677944,-21.172907,-21.378418,-23.228407,-22.139055,-22.27266,-19.297329,-11.79535,-9.682064,-15.327017,-28.462887,-27.482185,-24.993933,-27.69377,-27.50401,-27.474789,-31.237652,-24.407822,-24.041084,-27.469452,-33.480896,-32.24166,-30.635416,-27.403347,-19.191368,-16.987568,-22.003193,-26.720573,-26.455685,-23.280502,-20.400923,-9.992138,-2.986624,-2.9326904,-3.782778,-6.2807283,-7.487431,-11.164911,-14.237677,-14.343393,-15.664301,-15.996914,-12.880178,-11.017428,-14.075503,-12.973137,-15.981568,-18.519041,-16.754372,-18.05951,-20.929945,-20.19751,-20.419092,-19.650711,-20.37879,-23.578743,-21.970207,-21.733849,-21.652164,-13.32409,-15.51997,-22.201298,-21.418049,-23.559626,-24.03903,-22.817219,-22.537382,-13.969249,-9.586707,-14.846254,-17.825592,-16.693645,-20.755852,-22.937344,-24.771517,-18.455532,-9.821863,-11.224823,-18.683443,-22.595997,-23.03173,-18.804672,-21.936623,-24.851448,-20.94075,-20.764923,-22.91264,-27.037745,-27.680954,-22.808086,-20.61989,-15.01819,-12.628804,-5.8826547,-3.5583434,-6.9557786,-4.258446,1.5498978,4.786535,5.7723055,2.6905966,0.24753141,7.7786617,6.269894,-0.85127,4.027984,10.317495,9.203108,4.2994647,1.7379974,-1.2670314,-0.012441257,-2.3405042,-5.0754905,-4.9181023,-5.942628,-4.0252967,-7.7560644,-11.239437,-6.210375,-6.2415557,-8.087376,-8.920141,-5.772444,-6.5723295,-9.352294,-9.603062,-8.626901,-6.6442895,-9.858931,-10.635094,-10.3561,-17.564281,-16.878008,-17.945492,-15.22195,-16.767181,-18.62887,-18.442413,-18.538467,-17.654045,-19.847303,-20.17765,-13.248875,-8.825568,-11.809116,-16.617073,-22.795135,-21.967037,-19.519115,-21.557358,-19.217983,-15.294334,-16.768404,-18.911814,-17.73846,-17.280262,-22.850685,-24.148937,-22.540777,-16.16226,-13.663368,-18.187939,-20.466616,-20.507713,-18.603905,-17.051832,-19.834738,-21.038166,-20.112442,-19.008194,-21.821247,-24.547634,-26.675724,-24.345829,-25.728806,-21.617619,-13.24082,-12.601232,-12.507933,-15.964395,-16.313717,-16.928608,-16.03769,-18.960255,-23.638287,-21.28341,-17.798923,-17.170626,-19.400097,-17.359465,-18.274408,-20.56156,-20.289614,-13.843493,-11.243701,-14.657097,-16.065714,-11.649281,-13.302567,-16.778473,-17.710213,-19.485878,-22.620861,-21.82224,-21.804241,-22.061626,-25.863964,-28.106947,-19.452131,-14.117893,-14.024408,-10.491894,-13.562086,-20.705927,-17.257801,-17.793177,-21.813965,-24.405272,-25.647774,-24.05796,-22.23548,-24.706514,-28.381897,-25.659805,-23.208172,-24.617954,-23.327984,-18.200209,-15.094219,-13.698396,-16.174877,-24.237179,-26.339802,-23.377071,-23.256376,-28.238346,-28.226143,-24.19057,-23.775074,-26.757122,-25.38261,-26.574245,-31.609118,-30.754753,-20.607931,-15.501603,-14.753143,-18.401552,-26.83545,-26.27841,-26.034828,-22.846678,-19.458736,-18.408228,-19.427343,-21.231098,-22.030317,-21.017147,-23.643562,-23.40558,-22.836483,-17.913366,-11.853157,-13.453009,-12.95746,-15.013961,-19.228765,-18.975882,-20.22812,-22.233227,-23.056366,-23.439161,-25.751684,-25.676344,-26.578735,-27.959148,-29.983511,-22.461884,-14.522294,-13.011127,-14.839896,-18.829725,-21.104961,-24.65659,-24.043447,-23.514847,-22.151453,-18.273193,-15.448725,-11.69388,-14.663459,-20.914646,-24.488174,-20.797651,-9.661476,-5.9241767,-2.6272159,1.3010738,-0.66820025,-6.6571007,-8.406912,-12.457723,-13.121491,-8.659291,-8.2871475,-12.217431,-2.2254624,2.6824353,2.5429797,0.029686326,-4.4083004,-1.6377711,0.9717364,-2.0788274,-3.1581857,1.721576,1.5178071,0.39283288,-4.2509418,-5.0683336,-6.8913293,-9.104752,-6.5852194,-1.1647049,-1.8035208,-8.406564,-10.112421,-10.695993,-10.808079,-10.183374,-9.405376,-7.193804,-7.3061266,-9.314631,-9.208767,-8.153618,-12.478824,-14.506106,-16.099874,-17.50505,-16.200514,-15.448896,-14.250575,-14.934932,-16.052471,-11.013754,-8.330592,-12.1391945,-9.37465,-8.696764,-15.624218,-18.869835,-14.374685,-14.453356,-14.739422,-13.276869,-16.71983,-13.579364,-1.2565498,4.4117365,6.292775,5.971332,3.9897504,3.4846778,8.289503,11.094075,9.091807,0.9931793,-7.863414,-6.856062,-4.295124,-6.2185383,-2.1724098,0.870707,1.5799878,5.1207933,4.660007,2.2317407
-18.506363,-19.581244,-22.783506,-23.577059,-24.000528,-29.752457,-32.47702,-25.444752,-23.236752,-25.13273,-26.815844,-30.385122,-26.263672,-26.60791,-20.468899,-12.897657,-15.345392,-22.09443,-23.935581,-29.538189,-30.749252,-30.959284,-29.839634,-30.329254,-27.377377,-30.47741,-32.754826,-31.260605,-35.496338,-32.6057,-20.15339,-16.19611,-14.194217,-15.851174,-25.60094,-30.82298,-33.070045,-37.8263,-38.22809,-35.964092,-34.97889,-33.59958,-36.788048,-30.054028,-28.183796,-34.663437,-37.781376,-28.88058,-15.50233,-13.735903,-14.524042,-14.640627,-16.852991,-18.247751,-20.438034,-24.052856,-28.412502,-35.34377,-34.66814,-33.71655,-34.9217,-33.336193,-33.381645,-35.315014,-33.649742,-17.654173,-9.933492,-11.907757,-18.858776,-27.773994,-31.874971,-34.294544,-33.908104,-36.776497,-29.81889,-28.624601,-35.11167,-37.67161,-32.784943,-32.25618,-35.166756,-34.381645,-26.283236,-15.320765,-13.767009,-23.142527,-26.002338,-27.066336,-29.027174,-29.553576,-22.415909,-12.406666,-6.144805,-5.02995,-9.987406,-19.757883,-17.744564,-8.0456915,-1.0166669,-0.8304337,-8.107332,-11.047909,-11.8878,-13.080023,-11.139643,-10.903915,-16.01452,-16.678806,-15.340051,-12.7807255,-8.128835,-5.779178,-5.438376,-5.6444197,-7.440874,-10.740767,-12.260036,-8.98323,-8.072807,-12.667749,-12.012868,-16.07789,-19.8897,-12.969765,-4.945738,-1.5459998,-1.9245629,-1.9001617,-1.3505824,0.59848887,-1.4898127,-4.3562217,-4.1027155,-2.3003607,-5.412414,-9.187565,-10.157026,-9.757088,-7.7043667,-7.88758,-9.592796,-12.675566,-11.70156,-10.796474,-12.980923,-15.271616,-15.017348,-13.991695,-17.586662,-17.978441,-16.55895,-17.195465,-15.169516,-14.306617,-9.895884,-8.201474,-6.263651,-8.71394,-14.9821415,-22.388926,-24.896847,-20.419676,-20.031015,-22.746674,-21.461483,-19.773449,-21.41681,-21.837845,-14.545702,-12.980462,-16.559965,-23.202656,-23.422564,-20.524818,-22.159382,-24.262655,-26.257687,-28.377102,-26.893642,-24.946287,-18.939592,-17.771515,-20.035124,-21.92335,-24.063597,-25.163355,-15.717392,-15.623016,-22.023813,-18.87025,-20.815184,-10.48539,-2.2011046,-0.5080457,-5.144931,-13.117867,-18.029392,-15.698063,-5.2860074,-1.7570888,-1.932357,-3.8151743,-7.3943205,-13.705105,-14.937993,-16.461752,-11.1220665,-6.2342987,-7.1733465,-12.362123,-14.162413,-11.666607,-13.354196,-15.394326,-14.084318,-13.051394,-12.40041,-18.257626,-23.454323,-21.709766,-14.16976,-11.789013,-17.185886,-24.05629,-25.05884,-23.134195,-22.29462,-21.096151,-21.953156,-24.553022,-22.874659,-23.679405,-23.047316,-22.421173,-24.5535,-24.045147,-22.133938,-15.275292,-15.617687,-21.14217,-28.332758,-24.170712,-20.762613,-19.413816,-18.269123,-21.542856,-22.071442,-19.511686,-15.551153,-13.259743,-15.652713,-20.150963,-24.072464,-11.780903,-9.086901,-15.700289,-16.573776,-12.371788,-14.565116,-18.23701,-14.404045,-12.28075,-11.804655,-12.922016,-12.500377,-11.422445,-14.855402,-16.071756,-15.318792,-19.140202,-11.380247,-10.402408,-15.523432,-13.2389965,-12.778332,-14.079201,-17.719051,-17.850142,-18.942778,-19.018196,-18.045732,-15.876617,-15.964056,-17.718994,-20.141123,-23.936327,-25.72137,-18.080265,-13.644166,-15.976733,-19.800093,-19.828278,-23.408539,-24.538832,-24.73803,-23.180532,-20.56483,-20.319155,-20.157898,-20.41328,-22.308414,-22.610481,-21.565878,-26.536068,-24.418549,-14.428824,-13.697953,-18.184269,-22.889784,-25.692053,-27.102993,-28.645247,-24.222641,-19.014412,-17.688353,-18.390097,-20.911253,-25.59699,-22.44827,-21.564972,-21.439554,-23.259754,-20.266949,-17.338924,-21.010841,-21.700438,-22.762539,-25.038975,-22.363098,-21.20272,-19.069857,-17.762856,-20.421665,-23.62223,-24.159111,-25.144093,-23.681,-21.702726,-17.530878,-13.723862,-12.959977,-15.94602,-23.00623,-22.52512,-21.488216,-19.098413,-17.936676,-17.745258,-18.143251,-18.505348,-18.400162,-17.954792,-19.621365,-21.89125,-19.649418,-17.093542,-16.647394,-16.306593,-15.601498,-17.581684,-17.697674,-17.673609,-18.752235,-17.222975,-17.291723,-18.904951,-20.288382,-20.284111,-20.74984,-22.130093,-20.701609,-18.42175,-11.948434,-3.0141296,-1.5713303,-1.2033768,-5.811692,-10.233101,-8.323633,-5.899704,-11.203532,-13.526695,-13.841697,-11.26259,-14.083924,-16.965101,-16.93748,-15.408043,-13.77165,-10.852009,-11.77557,-19.170858,-18.12603,-18.892916,-18.935963,-19.196445,-18.693121,-16.153778,-13.81357,-12.076452,-16.479923,-21.988075,-16.18586,-11.914121,-11.018314,-12.528112,-13.236483,-11.658022,-12.402861,-15.872461,-18.853361,-12.702358,-11.828195,-13.576832,-17.05475,-19.608648,-16.344315,-19.20281,-20.935406,-17.569324,-16.638596,-20.145306,-22.284653,-21.697578,-20.565315,-19.370468,-18.373034,-19.931656,-18.211176,-18.911089,-20.544348,-20.157492,-19.992483,-11.444297,-6.734893,-7.4726925,-9.171713,-7.1264772,-7.4661846,-9.638211,-10.360168,-10.718409,-8.284999,-11.4503975,-17.037857,-16.912748,-18.567053,-18.684748,-17.075947,-20.031372,-20.014803,-14.9447155,-15.713417,-17.50856,-14.9396305,-12.442322,-15.416012,-19.621304,-14.653492,-14.334173,-17.79148,-14.702802,-10.134966,-4.3725867,0.35807642,4.2783055,8.823017,9.134213,8.073332,5.345316,2.4996557,-0.493805,-2.818413,-2.671274,-4.7923326,-10.949892,-9.234272,-9.417108,-7.404001,-7.5257707,-7.7608023,-6.1283164,-5.3130608,-6.0000086,-9.459256,-15.112829,-14.20972,-15.052375,-16.637646,-19.985634,-18.792965,-11.293559,-7.3246617,-7.097808,-12.430764,-13.116693,-15.100608,-16.039192,-18.884706,-20.282772,-17.766262,-16.372932,-10.207281,-0.9567997,1.5730922,-2.8610764,-9.539408,-9.759622,-5.3663664,-4.343089,-1.1541213,-1.386581,-4.005856,-2.4560854,-5.906379,-13.346403,-11.151265,-11.827938,-11.37898,-11.589026,-2.4988165,10.266932,13.640184,7.5000925,3.9052782,1.6143507,2.5137177,7.497725,7.3551726,6.023348,5.347779,4.938382,1.3902284,-6.4457936,-1.6763611,-0.2725121,-1.9642423,-7.224125,-7.8121653,-6.634524,-7.581487,-7.064776,-8.099872,-11.259497,-7.472624,-7.122993,-9.501272,-9.944108,-11.2305355,-10.827345,-11.812492,-13.39616,-12.016497,2.0356884,8.211156,6.403701,0.7701183,-2.4892137,-5.1882696,-4.3697014,-6.501355,-5.0661173,-2.236031,-5.498864,-10.463494,-13.2612095,-10.282009,-5.638462,-7.345537,-13.2248125,-14.036304,-13.635493,-13.50843,-15.589585,-14.064562,-15.666842,-13.574471,-9.684507,-6.717408,-4.0840797,-6.699054,-15.783682,-18.046165,-16.07103,2.9533677,12.02067,10.318869,-3.118172,-4.1119547,5.71634,7.5174427,2.6542974,1.821447,5.747508,6.955714,0.5149955,-1.4400959,5.9267764,6.526676,-0.77860445,-1.8353553,1.057408,6.0281253,5.1534553,1.7896135,-4.0124645,-8.389075,-5.733788,-8.498295,-10.033465,-8.6527815,-8.483475,-7.9012957,-6.643248,-6.813778,-7.8250904,-7.908144,-7.1520157,-9.263733,-12.73658,-13.8393345,-12.529203,-10.71055,-13.65266,-12.988192,-11.805914,-11.599575,-14.284587,-15.430286,-11.356401,-8.059827,-11.687687,-15.670498,-19.20626,-19.851263,-16.431177,-18.99174,-20.156986,-14.898466,-11.391759,-8.662613,-8.513798,-5.9935803,-6.099732,-3.5609725,-2.3802,-4.4767756,-5.5146713,0.6232057,6.5914397,6.342716,2.9564981,-1.1882753,-6.1064167,-7.762608,-11.870021,-9.82373,-7.319632,-6.8389964,-5.3404055,-6.38188,-7.4318714,-6.3476715,-7.2939997,-5.5588236,-5.254297,-2.873289,-3.6072347,-5.3428864,-6.3108406,-9.151524,-5.284407,-6.8311462,-12.378808,-14.769207,-17.970165,-18.657099,-19.441662,-16.622107,-16.823977,-12.808289,-8.295023,-9.590797,-14.544063,-17.356932,-16.613266,-20.66549,-22.21682,-20.341389,-21.34554,-18.94727,-19.605734,-24.587757,-23.84613,-25.452847,-25.08712,-24.530058,-14.774303,-10.171875,-7.4865875,-12.209796,-20.215862,-25.565731,-24.589027,-23.699942,-25.33413,-23.418823,-27.268288,-26.72021,-26.747166,-31.135605,-32.985138,-32.995415,-33.160717,-21.270317,-12.207551,-13.30593,-19.308346,-24.438244,-31.707024,-35.39361,-32.82581,-33.2445,-35.67635,-36.58118,-33.55639,-30.623558,-33.698154,-27.629097,-26.436409,-30.76749,-22.767708,-14.78641,-9.164661,-10.667593,-13.239356,-13.996269,-14.310129,-16.367943,-19.911108,-22.463797,-23.667099,-23.964153,-27.75703,-29.58906,-28.043468,-27.276234,-25.357855,-22.60815,-14.10366,-10.907155,-13.944462,-22.77116,-27.941307,-28.073103,-29.428389,-32.79454,-34.999672,-34.481983,-33.385574,-31.112396,-26.99977,-23.914124,-27.461468,-31.852942,-21.1367,-15.231175,-15.611802,-21.99214,-24.081785,-30.315226,-29.049244,-30.293848,-32.957558,-31.91689,-29.72934,-28.921282,-32.23456,-33.18565,-29.686365,-30.093494,-30.17028,-22.949026,-17.847132,-19.546158,-20.260132,-19.913237,-25.363653,-28.152124,-30.530302,-27.823334,-25.97459,-27.16055,-24.280355,-25.181461,-18.943674,-14.547024,-16.109089,-2.4425087,6.597361,6.0795445,1.824862,-1.2030832,-7.7854633,-7.9491987,-7.4456024,-11.633047,-14.009972,-11.66657,-9.706783,-11.370054,-12.868466,-10.475822,-6.387452,-7.5449066,-12.8389845,-11.864239,-8.439188,-8.950397,-11.091352,-7.832722,-9.596827,-17.488308,-15.882261,-11.189993,-6.8423176,-3.326378,3.152555,2.0714748,-8.532974,-10.568512,-10.454272,-7.3314877,-5.901635,-8.600805,-11.963757,-15.964675,-13.31768,-15.222565,-14.321289,-12.844276,-14.023189,-18.209303,-18.255638,-16.64173,-17.614998,-20.916489,-20.705154,-21.748108,-18.84268,-18.467308,-13.68877,-8.018025,-9.9641285,-16.733526,-21.256868,-23.301134,-26.924938,-22.169518,-21.67794,-25.268497,-28.29912,-26.153881,-22.431488,-24.268002,-23.869297,-25.665733,-23.93703,-22.112019,-16.296906,-12.641615,-19.064783,-25.962124,-26.682026,-19.56557,-15.694786,-19.406233,-24.327675,-19.18545,-13.296268,-15.88553,-21.513586,-20.991852,-18.648495,-21.004877,-22.60516,-16.407555,-15.039869,-20.671295,-25.881224,-29.466137,-26.92111,-26.889675,-27.366083,-27.347805,-31.879873,-31.767963,-31.015995,-29.130648,-31.974363,-37.51366,-33.17826,-21.138325,-13.311138,-16.754808,-24.811182,-29.830828,-33.894062,-36.728508,-38.463036,-36.1157,-34.20102,-35.791008,-34.505795,-28.884144,-25.675499,-27.412933,-25.559519,-23.45025,-20.091785,-11.303919,-10.210533,-16.712362,-28.347431,-25.772251,-24.184053,-27.046444,-32.2454,-32.611694,-32.13017,-26.77361,-26.737865,-25.833374,-26.168652,-28.775532,-24.38623,-23.041285,-14.732647,-10.993559,-15.218546,-18.589321,-23.871128,-26.877502,-20.124477,-12.816227,-6.6906033,-4.0465775,-5.08408,-6.7478666,-9.801791,-15.669727,-18.004986,-18.103577,-18.721836,-13.296251,-11.647334,-14.565907,-18.098738,-17.044254,-18.405746,-19.184807,-22.852844,-24.85341,-24.537125,-23.677511,-24.618292,-26.447515,-24.996155,-26.059212,-26.485537,-27.87809,-22.289497,-13.444943,-16.174467,-25.182531,-20.723677,-21.729366,-24.330332,-25.614595,-24.153564,-18.57752,-14.491763,-17.627295,-20.596527,-19.83176,-23.19208,-22.817562,-25.259237,-18.754955,-11.444092,-12.454615,-18.761072,-26.000826,-23.477772,-25.06541,-27.515244,-25.981194,-20.037937,-22.585276,-24.0407,-25.201664,-27.171467,-28.579842,-22.13889,-18.264336,-11.589948,-5.2558446,-3.4229267,-2.5180674,4.1539154,6.020011,3.039328,5.2823853,7.996781,5.8741293,4.232639,6.956454,6.377243,9.676429,8.942551,1.6614606,-0.51829076,1.5110676,1.5202451,-0.8045924,-3.6168747,-9.020542,-8.591075,-6.196704,-3.7250268,-7.2246695,-11.500488,-6.2168636,-6.0461783,-8.502785,-9.131619,-7.150797,-8.505613,-11.9142,-10.613032,-9.783792,-12.4955635,-14.1527,-13.135222,-12.5461445,-14.752413,-14.7684145,-15.976099,-14.017981,-13.212289,-15.679588,-18.68104,-17.495844,-17.778357,-17.760632,-18.046381,-13.807183,-11.461271,-16.217636,-19.98534,-25.051857,-23.262638,-21.569422,-22.247044,-16.838379,-15.792674,-21.778728,-22.159122,-18.700544,-13.054629,-10.04848,-10.50723,-10.656815,-8.119585,-9.076955,-14.856299,-16.319899,-20.09536,-17.380991,-17.195805,-19.333359,-18.82157,-18.943111,-19.270288,-20.101433,-20.70427,-23.880928,-26.777914,-30.399694,-20.444431,-11.230298,-11.141905,-14.372312,-16.242525,-17.847332,-18.619633,-17.090528,-20.481565,-23.788067,-22.95868,-21.051117,-18.55862,-20.681042,-19.759228,-20.513054,-23.258894,-22.183039,-13.342017,-9.520066,-12.819714,-14.369336,-11.621517,-8.011052,-7.4482365,-8.223425,-9.90528,-12.041876,-13.0072155,-13.911606,-14.920522,-18.958204,-24.105228,-20.122805,-15.615414,-15.850124,-14.122305,-17.350103,-22.003176,-19.519789,-19.416216,-23.592817,-25.882265,-27.279617,-25.225618,-22.945312,-22.009598,-25.98502,-27.623196,-25.652866,-26.801216,-24.62798,-17.08437,-12.353964,-12.239885,-18.242405,-25.415075,-26.584808,-25.483912,-24.83063,-27.003412,-29.718243,-25.837906,-24.412115,-26.321873,-27.177675,-28.947247,-33.32532,-30.382122,-19.593346,-14.672957,-15.590835,-22.605536,-27.443295,-27.247112,-29.035437,-26.203186,-22.216017,-20.721077,-21.967445,-23.532324,-23.160397,-22.89403,-26.445677,-25.944662,-23.791199,-18.716795,-10.606637,-11.2902975,-12.379518,-10.829102,-9.161225,-8.525716,-9.727981,-10.387392,-13.409749,-14.910229,-21.187866,-19.144741,-19.343382,-21.600513,-24.375448,-21.809702,-15.398666,-13.3103285,-16.276766,-19.684114,-21.951838,-22.777195,-26.222206,-26.53002,-24.531906,-20.465546,-12.649017,-9.777654,-13.990805,-20.480152,-22.727802,-20.03169,-12.407181,-9.058579,-9.21991,-11.111846,-16.773937,-18.62849,-10.625658,-6.9803295,-6.356602,-6.1029,-8.613613,-16.104128,-15.938931,-8.267972,-7.0454865,-12.18423,-6.709683,-3.3773146,-0.84814155,-0.037748188,-5.511883,-1.5858178,0.4056978,-5.48719,-5.562957,-5.322325,-7.343106,-3.7526603,-8.426915,-10.72125,-10.588091,-14.99234,-14.814349,-13.670427,-12.565707,-13.737144,-11.970052,-9.056315,-10.210542,-11.840857,-12.718717,-12.630709,-14.224926,-15.063033,-17.913097,-20.850418,-17.794624,-18.561195,-21.842354,-21.634995,-17.901657,-10.453674,-7.761711,-8.546906,-8.699614,-8.523215,-14.230907,-14.679453,-16.84392,-17.607697,-17.57783,-20.25801,-14.593523,-1.5342922,3.7718246,4.289174,3.544106,3.050857,2.948495,3.8981996,8.372995,12.652087,13.107838,6.738717,-4.233038,-4.652644,-2.7976677,-6.273926,-3.0877087,1.3907876,3.155126,6.152904,3.9323714,-0.45204815
-10.02798,-10.943716,-10.632606,-13.7106085,-16.677187,-17.37788,-15.144846,-12.763295,-15.7061205,-17.842815,-17.312428,-15.250036,-14.099139,-15.029224,-16.864717,-12.583612,-12.977876,-18.045473,-16.592505,-15.476782,-15.477535,-18.826897,-22.666782,-24.276712,-21.143122,-17.733267,-15.221157,-14.741101,-15.75631,-18.025341,-20.032051,-15.296005,-12.61503,-15.107418,-20.299,-17.5682,-16.327002,-17.795444,-20.361897,-21.299665,-20.440016,-18.82004,-18.18423,-18.607681,-18.070654,-17.389479,-17.731815,-18.580988,-13.473675,-11.380604,-16.649628,-19.181599,-19.915092,-20.371225,-20.779625,-21.289486,-21.279266,-22.070354,-23.006428,-24.217316,-22.980146,-22.316942,-23.404158,-25.918276,-25.428316,-15.023851,-9.690851,-12.424435,-14.053276,-13.607653,-14.714246,-16.050583,-16.523485,-16.604311,-17.114685,-16.532719,-16.106478,-16.32113,-17.118055,-18.51796,-17.537586,-16.762032,-15.236704,-11.71012,-11.050428,-18.17373,-22.372503,-21.454632,-21.833797,-24.067421,-22.358902,-10.6343975,-6.705905,-8.017739,-11.282467,-15.686243,-16.87363,-11.506102,-3.360962,-3.5646942,-8.234222,-9.744544,-12.527525,-12.757641,-7.604933,-4.634602,-9.744912,-12.655289,-12.394524,-14.92861,-15.158273,-7.28259,-4.1909103,-5.107279,-8.634709,-13.558142,-13.449265,-11.007586,-9.195082,-8.854124,-8.277065,-9.633901,-7.2327976,-7.036083,-0.95703036,1.1604571,1.3846612,2.0938268,-1.5741317,-6.541838,-5.983636,-7.5628133,-8.629378,-9.077456,-7.0822306,-8.017459,-10.871296,-10.729895,-10.126608,-10.169186,-12.227995,-13.393803,-13.031846,-15.969958,-16.156067,-13.75133,-12.859822,-14.439073,-18.287197,-16.445372,-15.1624,-16.889027,-15.20659,-14.924836,-12.363257,-13.53801,-16.933851,-18.044773,-21.469868,-25.11195,-22.331303,-18.972607,-19.191664,-20.887373,-18.366825,-18.407913,-20.236683,-21.816708,-15.269342,-11.030749,-12.495819,-15.454906,-17.084866,-17.840963,-18.91932,-20.319721,-20.9113,-21.641333,-20.08844,-15.594198,-14.795084,-18.569613,-23.53294,-21.741661,-19.736782,-18.288609,-16.821167,-20.448494,-22.25465,-24.192986,-26.259182,-16.710258,-8.804946,-3.7866437,-4.6567254,-12.750061,-16.782139,-12.989989,-9.730264,-10.276061,-14.698181,-13.102085,-13.280193,-14.631376,-13.931725,-13.896185,-13.112283,-10.31591,-9.556877,-9.714298,-12.0672,-12.917699,-12.946764,-14.081135,-14.860582,-14.736291,-14.664936,-18.961792,-22.841433,-18.548367,-10.378029,-10.823843,-16.486824,-21.205568,-25.962498,-23.178434,-21.88657,-21.307467,-22.477863,-23.724386,-20.984087,-20.300634,-19.244389,-20.831684,-21.197838,-19.648676,-19.854652,-17.3189,-17.67678,-20.175789,-24.587584,-25.807383,-24.65599,-20.003254,-21.190748,-17.287771,-15.72542,-15.463237,-14.624582,-15.716729,-17.326168,-21.921432,-24.285677,-9.908554,-7.2553244,-15.087324,-15.420975,-14.944458,-13.332596,-11.802212,-12.930318,-17.949406,-18.391373,-20.657791,-21.839977,-18.926136,-19.129168,-17.57523,-17.006908,-18.4163,-16.543596,-13.844387,-15.168976,-18.570992,-24.127123,-26.773779,-25.091251,-25.928583,-27.932604,-25.097965,-27.590393,-30.401136,-29.699621,-29.940006,-30.225903,-30.38842,-33.7037,-25.462864,-16.89739,-19.918562,-30.748089,-32.19422,-34.629898,-35.500763,-35.747242,-37.188663,-36.93641,-36.7576,-37.673714,-36.448467,-35.32805,-34.395947,-34.976685,-36.112946,-25.59237,-15.647284,-16.062075,-24.182093,-29.038216,-34.266586,-32.61916,-30.912838,-33.43544,-34.024498,-31.647884,-31.30281,-34.25146,-30.759098,-30.98608,-34.035755,-32.20679,-20.188265,-15.690127,-14.145732,-17.909452,-20.033262,-17.83078,-18.158783,-17.564394,-18.453596,-20.68261,-22.308752,-24.303509,-21.427773,-19.362333,-19.032204,-19.890371,-21.211195,-19.01836,-11.295502,-8.9976845,-14.52991,-21.141594,-24.373714,-22.877092,-23.73817,-25.096127,-25.920038,-27.180988,-22.784992,-20.898874,-20.765955,-22.316849,-25.093754,-25.816822,-25.359926,-19.910358,-16.094748,-17.265207,-20.293482,-21.164885,-21.121704,-24.649864,-23.792551,-24.405613,-24.049992,-23.873398,-23.540726,-24.331211,-25.703156,-26.34203,-25.838545,-15.3824,3.294918,9.718891,7.2633095,-0.7546915,-4.062747,-6.5242033,-4.924514,-7.2831364,-9.786327,-14.195225,-11.4576645,-10.148712,-14.053555,-14.830515,-14.21472,-16.741251,-10.483599,-11.48219,-15.800284,-16.338491,-15.799662,-17.836,-16.952906,-15.349303,-12.317133,-14.481029,-19.762869,-20.756893,-21.306,-15.896568,-9.675753,-6.5518103,-4.125513,-3.852533,-4.0383515,-4.234995,-8.641446,-14.070642,-16.475863,-17.61773,-18.75193,-20.7774,-20.441936,-19.0051,-18.797785,-18.435543,-17.549932,-16.71035,-14.156219,-16.537468,-19.23227,-16.372858,-12.501708,-17.066341,-23.628939,-24.817884,-21.18902,-18.742264,-23.81242,-20.578579,-15.246555,-6.1567726,0.560216,4.6199374,6.124975,6.304511,5.1057096,2.7430005,1.3505535,-1.2069956,-1.6800218,-4.5580792,-8.900084,-6.754632,-7.6595793,-5.7639318,-5.081188,-6.6211867,-8.250627,-9.73954,-8.386976,-9.409005,-9.573235,-11.316925,-13.378193,-9.512403,-10.885629,-14.174459,-10.5259285,-5.758876,-4.6345863,-1.603363,-0.99277246,-4.6201334,-3.1104467,-3.94169,-6.2467804,-11.423469,-15.354839,-16.273361,-16.332548,-17.268421,-10.30519,-10.636372,-16.234774,-17.961586,-19.341349,-21.521948,-18.622585,-18.782661,-23.137497,-21.136599,-20.315123,-21.993505,-23.74051,-21.126305,-22.44643,-25.146145,-22.721193,-15.993444,-14.118639,-17.192463,-16.954819,-19.15879,-21.527681,-24.370682,-23.330853,-21.431122,-21.38224,-12.030473,-1.8849926,0.6606946,-1.4507258,-6.783404,-4.3715596,-3.8868666,-2.3224351,-4.0805593,-1.4901469,4.5260687,4.880712,-3.3785257,-8.252297,-10.727979,-16.402626,-12.54324,-8.645909,7.069865,13.1561,11.510268,7.9589133,6.640711,6.226611,5.3341155,4.255601,7.4107466,3.7169557,2.2865698,1.3709532,0.050499737,3.1273243,1.4269652,-1.6185235,-2.1285467,-6.5514874,-4.9511757,-5.8113413,-7.026015,-8.37165,-8.850991,-9.49679,-7.546645,-9.274424,-9.734214,-12.397994,-12.846979,-10.324687,-12.869791,-13.12319,-9.166366,-5.622485,-2.4623876,-0.4659794,-1.5155507,-1.3291888,-3.3487968,-8.751589,-11.721034,-10.617575,-8.19848,-12.332326,-14.076352,-16.304375,-17.700964,-18.769783,-18.267277,-19.55731,-18.184313,-19.769516,-21.841492,-17.853384,-20.332844,-22.398157,-18.918198,-13.004049,-12.169732,-11.510975,-9.220811,-2.620923,1.6235847,3.6164393,0.68537,8.902805,12.441799,6.3229074,6.8298287,10.442247,7.302595,-0.52944255,0.2044574,5.910949,12.287774,11.012835,9.508271,8.923013,3.4124713,4.275736,5.376077,2.832093,0.41394907,-0.41023797,-1.8608134,-1.9968162,-3.2332516,-5.8049536,-8.723367,-4.8438454,-3.1278942,-4.601714,-7.0944886,-4.3185616,-3.9974809,-7.221323,-9.468545,-11.221821,-9.746698,-10.791464,-12.644686,-14.232477,-5.7691154,1.262353,5.339005,4.3212247,-0.8525998,-4.0916724,-7.356994,-8.250693,-7.286384,-11.70775,-15.068079,-12.487032,-10.735113,-12.2082615,-12.007323,-9.647471,-6.6398077,-6.067271,-8.2475,-6.942708,-5.780116,-5.3111386,-4.7542124,-6.770544,-6.105956,-1.4357927,-3.4183521,-10.686354,-8.474213,-7.551529,-12.528627,-16.49535,-19.135164,-20.082954,-18.143429,-18.74745,-16.958012,-15.208731,-16.629324,-17.095398,-13.435904,-9.004933,-9.851857,-14.943728,-14.301485,-11.404078,-11.785935,-12.783408,-10.295561,-14.543688,-20.791264,-19.854382,-22.12666,-19.010519,-17.96813,-18.548668,-17.846754,-22.531183,-18.93806,-11.599965,-8.824727,-10.500286,-15.22922,-18.810932,-18.720865,-16.202152,-17.3181,-20.249458,-18.779501,-19.55663,-15.462866,-16.338673,-25.11297,-22.886208,-21.858898,-16.444914,-10.178151,-7.171798,-13.075074,-21.137505,-22.115633,-22.713032,-23.377724,-24.562962,-22.725449,-23.577223,-22.194283,-21.734846,-24.060173,-24.850485,-26.686354,-32.654293,-18.406343,-11.041933,-12.590356,-16.074661,-13.419987,-13.329158,-15.453404,-16.833889,-19.986507,-21.67141,-22.410402,-25.91029,-21.337461,-18.754772,-19.113176,-18.405594,-19.533947,-16.722666,-11.376876,-5.933095,-7.4259753,-10.348096,-11.526417,-12.307341,-14.641036,-17.552176,-17.721586,-20.357712,-20.47921,-21.119625,-24.199106,-24.570494,-23.647713,-22.97609,-21.108496,-13.616714,-11.212473,-14.207752,-17.94642,-18.647814,-20.311138,-21.313887,-23.432953,-20.297405,-20.277918,-24.044044,-23.916492,-22.556112,-18.671173,-17.776276,-22.188183,-19.720112,-14.700795,-14.492212,-16.069633,-16.725336,-16.286362,-17.130875,-21.104286,-21.10582,-23.589966,-28.252134,-26.523458,-27.114902,-25.74318,-23.692343,-21.878164,-21.899498,-18.703773,-13.716915,-12.992464,-14.263457,-15.536203,-17.888123,-22.320326,-22.86816,-23.51217,-23.54729,-24.222095,-24.707909,-22.88509,-20.3535,-17.357407,-14.077927,3.088778,8.445357,5.584079,-0.90819526,-3.1307273,-7.0390167,-10.036373,-11.988248,-11.752435,-7.8515863,-3.687664,-0.560811,4.3684335,5.1264257,3.1116796,0.20648642,-0.23828295,-1.1114893,-0.14409137,1.3730901,1.9304307,-1.5918063,-5.988502,-10.324047,-11.658468,-15.1788025,-14.5065155,-14.120865,-7.852195,-5.597312,-6.1911826,-11.065017,-12.857484,-8.88812,-6.3802176,-7.8311973,-7.7475977,-7.4122195,-12.561783,-12.652536,-14.374592,-12.143105,-9.143549,-5.9700875,-4.086876,-4.0264554,-4.9332876,-6.778512,-7.9057384,-11.233865,-19.35535,-20.45368,-16.962479,-13.873474,-11.111531,-11.8654175,-13.472546,-16.595575,-16.778275,-20.126982,-20.69003,-19.88921,-20.609093,-20.052067,-20.101349,-22.937366,-19.646996,-16.797686,-19.490452,-19.326569,-20.000546,-16.809753,-12.450052,-18.110987,-27.27069,-27.372456,-22.625494,-21.997093,-22.972416,-18.340136,-7.60315,-3.3765597,-7.2596016,-9.460366,-10.666369,-18.042336,-20.47475,-22.48999,-15.568224,-14.109435,-15.674938,-15.51063,-17.70984,-21.118847,-21.388052,-20.241695,-20.764591,-23.672915,-23.715313,-22.838984,-22.235777,-24.80614,-26.536562,-24.934557,-19.108017,-12.585047,-15.647372,-23.922455,-28.25882,-29.71361,-29.722395,-28.92685,-29.67654,-30.077532,-28.183884,-25.434008,-22.941177,-22.67227,-22.684685,-24.34284,-24.396133,-21.013195,-10.92766,-9.775183,-15.198193,-20.420874,-20.943241,-22.111742,-19.697603,-19.103685,-20.21687,-22.865572,-23.328442,-22.60775,-19.936499,-21.903824,-21.20941,-19.911367,-19.927166,-14.742157,-11.762728,-15.780058,-19.201609,-22.875534,-24.228783,-18.502268,-12.0397,-5.438237,-3.818215,-4.377897,-6.097084,-8.928111,-16.459839,-18.369535,-17.960556,-17.361984,-13.3105,-11.027346,-11.77755,-14.647909,-14.768405,-17.177784,-19.340574,-21.736156,-22.134874,-21.596504,-21.274158,-20.775404,-21.752043,-23.383558,-23.244911,-25.01329,-28.177006,-21.22428,-14.270534,-17.001167,-23.134165,-26.193878,-28.448795,-27.948032,-26.009953,-23.458216,-17.730684,-12.671132,-15.39977,-18.144247,-15.167314,-20.765682,-25.242195,-24.519653,-18.586445,-12.4739895,-13.148938,-14.301586,-18.522894,-18.65768,-20.218649,-24.867056,-25.03798,-21.47741,-20.266533,-20.939827,-20.215178,-21.899004,-22.683216,-22.363825,-22.207184,-15.803354,-7.642253,0.11067486,3.3834078,0.020217955,-4.9594803,-6.437866,-5.8655696,-0.63148,3.1180506,-0.94304943,3.1023698,6.008715,4.903109,-2.5489485,-2.821503,-1.3563874,-1.3792505,-1.9661617,-4.216912,-6.138098,-10.383087,-9.3057995,-9.213861,-9.49435,-13.605648,-13.430609,-11.445264,-10.529299,-11.730529,-11.563663,-10.762579,-13.593006,-16.07159,-10.954446,-9.484509,-15.930261,-20.619587,-20.250793,-17.365973,-16.35706,-17.780764,-19.438354,-17.127068,-18.152618,-18.31929,-15.508641,-14.184476,-16.353796,-19.118198,-21.147732,-16.817535,-13.284241,-13.015098,-14.665674,-17.078194,-17.716648,-17.985458,-19.5079,-17.926853,-17.709322,-18.444384,-16.773964,-11.394511,-9.136389,-11.761479,-14.698883,-16.70965,-7.035785,-7.067168,-17.224194,-17.199062,-16.909857,-17.64336,-20.739384,-22.930893,-24.658577,-25.05808,-23.319965,-21.186562,-23.547667,-26.978771,-28.289509,-29.862337,-19.753624,-9.430124,-9.562779,-18.056324,-23.45998,-27.81681,-29.43033,-28.290325,-25.783651,-23.022978,-24.296669,-27.103426,-24.76427,-25.097837,-25.689886,-24.230183,-23.343857,-20.351944,-14.959362,-10.859956,-12.271597,-15.4037075,-15.201033,-16.221834,-21.651335,-23.414251,-24.141674,-23.90648,-25.11499,-24.46698,-25.110943,-27.955662,-33.18923,-27.185762,-23.839252,-19.54078,-11.468189,-13.510483,-22.088049,-27.512558,-30.657606,-31.395336,-31.382456,-31.276474,-32.007595,-26.494286,-21.602242,-20.51239,-22.025225,-22.833885,-22.239388,-15.0968895,-8.877197,-6.4017467,-7.219388,-15.74461,-20.623314,-23.179527,-24.37501,-20.187037,-19.528225,-21.616812,-24.07898,-27.906752,-31.217184,-29.521055,-29.805147,-29.213923,-27.10841,-14.017517,-10.015164,-14.370518,-23.262238,-27.808535,-31.13546,-31.291521,-33.933174,-32.500587,-30.926468,-31.432665,-31.110535,-25.220232,-22.674156,-26.1302,-26.939976,-26.922401,-21.691532,-14.914179,-13.894064,-14.206856,-17.149794,-20.693699,-21.324194,-22.05663,-21.486494,-26.764668,-25.41404,-23.553173,-19.011526,-20.566074,-26.346815,-26.734703,-28.41031,-19.654285,-16.518871,-20.085852,-23.293962,-24.44133,-22.621859,-23.253153,-25.171738,-27.177864,-22.401627,-10.949446,-7.1727605,-10.957656,-18.455837,-21.25362,-21.27691,-12.35877,-10.102417,-5.624792,-7.4505167,-15.735502,-10.296646,-7.658617,-9.620325,-9.983685,-10.281349,-4.968815,-3.103105,-8.916512,-13.946959,-15.674027,-8.778514,-3.0922036,-6.862129,-9.515575,-1.53371,-2.9035451,-12.972046,-14.120054,-7.940004,-2.8880417,-6.761544,-11.04754,-3.4283156,-3.557924,-12.584357,-12.911026,-15.257687,-20.034075,-17.522066,-15.406172,-17.355371,-15.242666,-10.785893,-14.05332,-16.00546,-11.961025,-6.028551,-8.33959,-13.000418,-16.70313,-19.566872,-16.801273,-18.953125,-21.516354,-18.353525,-11.325465,-9.071809,-12.141211,-11.175184,-9.8808975,-6.5575504,-9.708654,-14.094801,-18.653673,-15.375842,-10.171098,-7.370679,-2.0502,-0.16109718,-4.06908,-14.364419,-15.356803,-12.776197,-12.459745,-15.222561,-14.417828,-9.854842,-4.8415704,-6.778016,-16.238014,-16.255898,-15.756624,-15.731486,-18.865562,-21.995546,-20.929798,-20.629314,-19.154284,-16.24004
-6.16065,-5.259934,-5.6772447,-9.436193,-9.831081,-9.346424,-7.8435426,-6.9848986,-9.720104,-10.535814,-9.920141,-8.937722,-9.392072,-10.210941,-9.23466,-8.171655,-10.71741,-11.384377,-10.426325,-12.625309,-13.905592,-14.134455,-15.958555,-15.378245,-11.1199465,-9.439386,-7.8469443,-8.076213,-12.03964,-14.164771,-10.745411,-9.158095,-11.01483,-10.733787,-10.846642,-12.986051,-13.394358,-17.858688,-17.316908,-15.364222,-15.4466915,-12.769524,-10.173313,-12.640154,-13.221079,-12.7467165,-14.219242,-14.680923,-10.569367,-8.581437,-11.836873,-12.349633,-13.37019,-12.384086,-13.526634,-13.307331,-13.770703,-13.175636,-14.640861,-16.471146,-16.144888,-15.585535,-16.658144,-18.768585,-17.755413,-13.433217,-10.692067,-7.82036,-6.1418676,-7.0981402,-6.3207154,-6.594885,-9.240559,-9.87615,-8.491359,-9.285974,-10.337685,-9.311893,-9.151434,-12.005407,-11.69363,-10.38055,-10.812424,-10.137195,-8.296487,-12.895063,-19.140812,-19.540148,-19.159176,-23.12844,-19.12217,-9.91859,-5.1805706,-5.647736,-9.156197,-10.650683,-12.146398,-11.501359,-8.594616,-11.495194,-8.81661,-9.591491,-11.049393,-11.78446,-10.12035,-8.449265,-10.329843,-10.478825,-10.338722,-11.1298065,-10.745601,-11.537209,-15.135067,-14.493896,-9.710365,-12.951121,-17.922264,-7.54274,-3.7060955,-5.942403,-7.314307,-8.383035,-8.426522,-12.112943,-10.388205,-8.555248,-13.2889385,-13.225908,-8.592986,-2.4693508,-1.8458909,-5.4078298,-4.703918,-4.9424105,-8.425697,-11.075361,-11.034814,-11.245716,-12.287154,-9.879717,-12.593852,-15.36852,-14.847195,-17.051138,-15.204405,-10.719566,-11.905779,-17.16511,-18.228746,-15.959596,-15.176053,-17.408922,-16.30516,-15.76568,-13.348597,-11.460068,-11.403955,-13.293594,-16.42989,-20.298859,-20.326586,-21.47725,-24.61671,-26.515442,-24.388649,-21.21726,-23.06942,-21.802696,-14.55201,-12.0393715,-10.9031315,-9.368708,-9.942403,-11.260197,-13.742629,-13.472939,-12.8141575,-16.35945,-16.230276,-16.112564,-15.733078,-15.239174,-18.251163,-20.734444,-19.963928,-19.151012,-15.8304,-16.893873,-12.580686,-7.1237745,-8.5718,-12.869564,-9.77621,-11.357528,-12.830348,-12.335337,-15.918836,-16.526297,-11.85997,-9.4610615,-6.6615286,-7.460395,-12.366903,-13.938568,-7.372859,-6.7758045,-9.671591,-9.9396,-13.729046,-14.068365,-14.606016,-13.796009,-14.048062,-13.102227,-12.061981,-13.878521,-15.937957,-15.910357,-14.77983,-14.6088705,-10.935245,-13.973238,-20.277405,-17.128736,-18.84961,-20.073212,-22.476337,-21.689274,-20.188782,-19.859404,-13.04546,-11.00642,-11.252875,-12.132214,-12.431515,-12.689753,-12.752309,-11.717596,-11.457337,-15.61825,-20.76248,-22.539555,-25.577541,-24.676008,-26.645115,-25.80791,-21.965397,-20.673096,-18.969007,-16.99576,-17.429592,-19.305069,-23.141796,-11.340737,-8.4139385,-16.254913,-19.84964,-19.408209,-19.940752,-18.340551,-16.914328,-14.195177,-14.232354,-14.711187,-17.998596,-17.362244,-16.148956,-19.417095,-17.597178,-16.003849,-12.987428,-8.325363,-12.515171,-22.635567,-19.784111,-22.879622,-30.414106,-27.88789,-29.830149,-26.915026,-25.918015,-26.68417,-24.06274,-23.857525,-25.139309,-29.60327,-34.411873,-26.87608,-16.453522,-17.474764,-28.060795,-30.742989,-28.226284,-33.741165,-33.246994,-30.986355,-33.94716,-32.90203,-31.409643,-34.60997,-36.60116,-35.233322,-36.702892,-37.824997,-27.639889,-18.182629,-14.942053,-19.068657,-25.778336,-28.569843,-29.759659,-32.50382,-34.15116,-35.309376,-34.58235,-33.943718,-32.67604,-30.73929,-32.549202,-28.50298,-26.93801,-25.263157,-19.505156,-15.819158,-20.780592,-29.721016,-28.62481,-27.296661,-26.616152,-29.212248,-28.410233,-27.94054,-31.38605,-31.093918,-30.315506,-31.352365,-33.581665,-32.41072,-23.840467,-15.156201,-12.284246,-15.636725,-19.468946,-23.020592,-24.632978,-24.897541,-25.913853,-24.8785,-26.493807,-25.751543,-23.92764,-22.856094,-24.896252,-29.995548,-30.756153,-27.132624,-21.014528,-22.110708,-27.87303,-27.543045,-27.285328,-29.05286,-31.83392,-34.553646,-35.45605,-30.725101,-28.246185,-26.249413,-26.445808,-29.092283,-31.006222,-29.922716,-19.441816,1.834578,10.473057,8.280898,-2.7054486,-6.7128763,-6.704033,-5.8686438,-5.786469,-9.692393,-11.073156,-8.706683,-8.557654,-9.298037,-9.243092,-9.752621,-14.011899,-11.071636,-9.832393,-14.2233515,-16.015984,-13.916616,-14.138183,-15.325573,-11.69462,-9.2978945,-11.333698,-13.68163,-13.752828,-8.509886,-5.715974,-3.218883,-3.454536,-2.6750932,-2.24905,-3.2854538,-2.7410505,-3.3645434,-8.049282,-10.646192,-13.008127,-13.6595745,-13.268844,-11.089956,-13.354338,-13.95303,-11.406046,-7.725044,-8.357214,-8.797586,-9.19964,-12.8156185,-11.8389845,-8.211314,-10.469645,-12.511683,-13.199983,-19.009712,-19.181818,-17.689804,-16.372726,-16.380518,-18.529135,-11.255743,-6.1006165,-5.5776157,-2.6733005,-0.6185183,1.9266294,4.383504,3.9965196,1.5560052,-3.5877988,-9.78437,-11.082496,-10.6257715,-9.863428,-9.960739,-9.720205,-8.958322,-9.798384,-12.063379,-15.395618,-14.532753,-16.90822,-15.023865,-11.195038,-13.137542,-11.290333,-10.52709,-1.6105871,4.745676,5.007228,2.716911,1.3217212,-3.0810304,0.33872232,0.9239962,-0.433827,-2.5295148,-3.593048,-6.3581777,-10.393473,-8.035683,-8.15905,-14.685284,-17.391016,-20.404501,-16.127739,-13.93443,-15.977964,-17.479946,-13.98663,-14.084678,-16.395205,-15.467571,-16.234783,-16.099758,-17.576921,-16.255592,-13.194021,-11.974045,-16.969368,-19.660738,-23.04528,-21.681496,-23.326767,-28.165092,-28.062096,-28.625404,-11.083359,-1.2112533,1.8103199,-0.93639106,-7.939224,-7.666234,-5.321131,-2.73811,-1.7044717,-3.0090685,-1.0077376,0.9586159,-3.7399337,-12.331129,-13.327957,-14.883752,-10.994129,-8.403671,0.18903881,4.716562,4.28178,7.735035,4.9251137,0.025176574,1.640643,1.1970032,4.2359004,5.9131885,2.5921078,-2.2531168,-2.211279,-1.0550027,-5.2867184,-7.959683,-5.735317,-8.704623,-11.217657,-11.075549,-12.187372,-14.678232,-13.780986,-12.67861,-10.458469,-11.4688015,-14.996952,-17.17779,-16.497156,-17.316307,-15.034912,-14.5446005,-8.796008,-0.0006179421,0.49658555,1.5515214,3.1068504,2.2137449,1.8078253,-1.5885136,-3.8434334,-5.4602003,-8.846539,-9.90123,-10.182163,-13.225149,-10.998859,-10.794669,-11.114519,-14.29714,-17.650526,-15.229536,-15.3010845,-15.875156,-14.285531,-15.303104,-15.39289,-12.8624735,-9.036457,-4.8541803,-2.2315636,-0.46488506,-1.623378,2.5002263,4.6890917,3.0124397,9.829319,11.786529,11.86863,9.517392,2.6032403,5.5504923,6.7069426,3.6949854,7.059252,12.047271,11.814333,5.4788313,0.6655138,6.100011,8.360179,6.248822,2.6063182,-1.020925,-2.5884368,0.05666329,-0.99984044,-5.710147,-6.4787064,-1.9611855,-1.1475252,-1.2399561,-5.067554,-3.7896366,-3.3260176,-4.9673257,-8.88337,-7.823537,-9.384824,-7.776739,-8.220484,-10.588364,-4.5473776,5.218464,10.751917,10.244311,3.8317018,-0.8627572,-3.9679565,-6.12227,-3.8140364,-5.294514,-7.339534,-7.2307415,-4.661097,-5.148208,-8.295344,-8.43435,-3.108282,-4.737065,-8.475667,-11.553663,-14.924494,-10.551628,-8.128928,-11.089821,-7.086098,-1.2235762,-2.74122,-5.744746,-7.980459,-10.093523,-10.498619,-10.39554,-14.124697,-15.798931,-13.938207,-16.307442,-16.29087,-11.814736,-13.904085,-15.701533,-13.455752,-7.210719,-8.557638,-11.290222,-7.057189,-6.339254,-6.1372685,-7.179547,-7.057064,-5.61517,-8.950923,-9.093611,-11.071448,-12.831242,-10.362854,-12.44212,-12.900085,-15.928614,-13.124251,-11.920634,-8.39688,-9.00996,-12.580057,-14.626253,-13.703487,-10.9143915,-12.057665,-16.251394,-12.951128,-13.138375,-11.977796,-12.580826,-17.29691,-18.157383,-17.385462,-15.882163,-10.598152,-7.6260157,-12.295741,-22.35922,-19.699726,-18.204964,-23.026894,-19.04346,-17.303555,-19.844454,-19.84628,-18.89442,-22.926083,-21.221489,-19.831434,-22.175028,-19.617186,-13.815421,-15.018066,-12.574029,-9.230505,-8.274397,-11.162903,-14.46466,-16.845505,-15.97776,-16.66609,-21.477453,-15.211425,-11.589108,-11.847295,-14.126541,-17.222624,-13.796398,-14.00676,-11.517885,-11.169664,-13.230467,-15.557213,-17.151672,-16.791267,-13.663813,-13.652135,-18.119396,-17.549616,-17.15438,-19.932446,-23.160307,-21.250877,-22.906645,-22.15394,-10.205855,-8.595008,-10.580054,-11.425776,-14.841479,-17.501925,-18.381332,-21.933287,-16.3331,-15.057745,-18.185326,-22.021702,-21.15489,-16.288471,-15.214071,-19.444702,-19.362734,-13.923418,-13.647913,-12.575717,-12.89072,-12.8229885,-14.187237,-17.420439,-20.351898,-22.47019,-23.59884,-21.704975,-22.379948,-21.184263,-19.671278,-18.576056,-19.338953,-18.31521,-12.331993,-10.929468,-10.458839,-12.516287,-15.612067,-20.395912,-21.188868,-21.9385,-26.384108,-24.093693,-23.372742,-19.423525,-18.756771,-17.927498,-12.303386,1.8453861,6.5555596,5.769985,3.401272,-0.9741825,-1.668088,-4.5837984,-6.8111286,-8.320035,-3.3331704,0.062960476,-1.6808374,1.3033137,3.7867327,3.1034696,2.7449427,5.650872,7.29292,6.8246613,6.418154,6.3652773,5.7709103,3.9778962,-0.12561229,-1.8544068,-3.3544204,0.3628784,6.858095,11.341482,10.119252,-0.033803686,-4.918096,-1.7154585,-0.65812105,0.66452146,-1.8983214,-6.490966,-3.7513165,-1.9867431,-5.431764,-8.5946,-8.759097,-4.2045016,-1.856609,-3.0618978,-7.825926,-9.802994,-7.36823,-8.185598,-8.873123,-10.15294,-12.227626,-10.394525,-7.3478765,-5.148597,-6.320338,-9.050878,-12.496729,-11.911472,-11.741035,-13.433176,-12.879991,-14.1672125,-16.273481,-15.948586,-18.160532,-14.995527,-14.206224,-19.105204,-22.009674,-18.249052,-14.540824,-13.728372,-18.08114,-18.374632,-19.725845,-15.497846,-16.16515,-15.978867,-17.28832,-13.714161,-11.863106,-13.535528,-12.180069,-12.48945,-18.90468,-19.76392,-19.512066,-13.798804,-9.6742,-7.81158,-8.678376,-11.833435,-14.222135,-13.858433,-13.495026,-15.073074,-15.8079195,-14.4243355,-14.56422,-17.216421,-18.76242,-19.047684,-18.700207,-16.595684,-13.758402,-15.630647,-19.370771,-20.855314,-19.9706,-21.136219,-21.841333,-21.130812,-21.982412,-22.5439,-23.528679,-23.93153,-23.344543,-21.589561,-23.14287,-23.390984,-20.061405,-12.470784,-8.890618,-9.942348,-13.164023,-12.777796,-12.461148,-13.106198,-13.064452,-14.911831,-18.091995,-20.991545,-17.931206,-14.003554,-15.969243,-13.94882,-12.024559,-13.407697,-12.820923,-8.925188,-8.054745,-7.1404343,-7.1890492,-7.1771717,-8.088719,-10.9348545,-6.762073,-1.6361077,-1.4048988,-3.5711167,-7.6874533,-12.475838,-12.713383,-10.70652,-11.78553,-9.22625,-8.945621,-6.8687863,-8.4618435,-7.5550885,-10.393164,-14.842366,-15.715944,-14.36746,-15.169211,-18.285385,-14.848691,-16.476208,-20.291973,-25.578215,-21.818827,-19.090221,-18.169382,-18.338743,-16.03141,-16.518665,-17.194172,-21.241865,-23.430595,-19.265865,-14.012443,-14.984618,-12.034281,-13.14234,-16.071947,-16.31238,-18.865696,-21.266222,-17.690372,-13.065772,-6.0415087,-5.0417147,-7.734509,-11.626053,-12.379681,-14.708624,-20.674473,-24.360859,-18.97529,-16.789167,-16.187475,-13.729629,-14.827454,-20.215649,-18.315624,-16.189236,-13.9521265,-7.346963,-5.1937,-7.5620193,-9.873363,-6.102064,-5.324648,-6.371791,-10.595104,-3.5096886,-1.9992082,-6.16859,-7.7158003,-12.998322,-6.2104874,0.4062504,1.5561771,-2.381009,-9.521727,-5.499432,-5.878777,-12.526871,-14.746886,-9.105159,-10.073117,-14.921604,-14.035263,-14.63235,-12.881767,-12.08694,-11.924771,-10.048346,-10.493088,-13.539547,-11.955421,-8.903601,-12.630793,-14.764885,-15.290081,-17.059103,-20.930746,-23.447687,-22.73945,-22.12006,-17.180656,-13.655741,-13.96526,-14.016605,-11.881174,-12.08942,-15.787715,-10.757374,-5.384392,-6.5921736,-8.103966,-9.155328,-11.813579,-11.473588,-11.535807,-12.197845,-12.77548,-13.444,-12.03912,-13.656674,-14.424714,-16.90665,-18.683998,-17.089706,-10.656336,-10.484805,-17.735823,-21.793266,-22.276123,-19.886677,-22.54187,-27.492264,-26.208778,-25.366297,-22.447931,-22.70375,-29.223452,-28.51948,-26.90121,-32.043633,-20.20531,-10.621247,-11.002293,-17.469881,-24.691818,-24.918592,-22.987974,-21.773972,-21.490906,-21.59834,-21.518982,-20.683592,-17.01185,-16.738977,-17.167685,-16.411707,-15.453157,-14.623344,-11.510011,-6.9438224,-7.919279,-12.616073,-12.841627,-9.536218,-11.640793,-14.604596,-13.405151,-12.767448,-17.047453,-22.906847,-21.795216,-23.749634,-26.38798,-25.64562,-23.915165,-20.208902,-13.827354,-15.389721,-22.109556,-23.13234,-25.062742,-26.244326,-28.613895,-29.133236,-28.787859,-25.484451,-15.475312,-11.7705145,-12.499121,-13.666472,-13.059958,-11.324795,-8.87854,-8.566444,-8.33523,-12.25614,-16.340788,-18.110277,-18.909882,-20.625803,-24.015049,-26.174976,-27.346897,-27.167519,-26.272356,-24.222584,-21.935652,-22.388422,-22.476849,-14.093743,-10.446638,-15.453143,-23.909979,-23.980005,-25.908394,-27.52148,-28.995575,-30.476398,-27.634012,-26.29663,-22.79955,-16.917175,-15.631224,-16.575012,-17.355402,-18.111916,-18.85971,-15.894393,-15.037145,-13.397888,-10.99944,-12.496518,-15.849226,-19.593948,-20.476723,-22.32239,-24.085709,-26.698505,-23.83992,-21.928951,-26.697449,-29.409992,-28.128029,-16.147472,-8.409989,-6.466394,-10.596786,-11.067665,-10.381436,-13.355517,-13.587036,-16.57985,-15.675502,-6.699687,-3.618538,-7.1201735,-17.364368,-15.822463,-14.31551,-8.204202,-6.5898423,-5.012294,-6.785489,-9.780683,-6.874112,-10.231646,-18.884237,-21.747135,-19.494473,-9.512427,-1.7306473,-1.0342911,-6.8134575,-8.909169,-2.9239988,-4.7811484,-12.243723,-15.230404,-5.351538,2.1064017,0.5598838,-5.088503,-0.47125745,-0.78966945,-8.0212555,-12.04055,-7.79078,-2.5649726,-5.6612396,-7.639103,-9.954239,-14.796386,-15.2451315,-13.795672,-16.17015,-14.3894,-9.6996765,-12.194873,-14.020953,-11.166705,-5.2060103,-8.78055,-13.856043,-13.585467,-17.338276,-14.1404,-13.706036,-16.023804,-16.432886,-15.997472,-13.663077,-12.804475,-14.8628435,-7.596812,-6.3035116,-11.536788,-17.608358,-21.090345,-17.15035,-6.7475457,-1.6654032,0.6836144,-3.4329872,-12.856045,-8.012672,-4.2735376,-4.9091024,-7.4373274,-6.7017846,-4.7492247,-5.415687,-8.18578,-14.882589,-15.707741,-13.909111,-11.444481,-6.59054,-2.8320174,-3.8950143,-11.005887,-8.937048,-4.025105,-3.5595136
-18.445358,-17.38488,-19.319407,-21.757607,-22.826769,-21.18177,-19.640606,-20.584171,-23.510378,-25.629099,-23.271954,-21.644855,-23.280203,-23.976755,-18.288057,-14.10041,-16.668686,-24.250305,-23.28379,-25.34629,-28.179739,-26.583776,-27.205753,-27.44617,-21.690157,-24.254122,-25.840597,-24.901833,-28.7636,-30.827227,-19.633768,-13.799452,-12.602907,-15.293069,-17.779175,-21.73034,-22.489365,-26.778498,-27.697655,-26.262383,-25.671637,-22.945244,-23.65237,-27.219116,-26.312437,-28.971937,-33.380424,-25.44632,-15.297073,-13.703201,-20.429672,-26.233816,-29.632607,-26.673191,-29.324371,-29.634924,-31.064968,-26.820047,-29.44027,-32.842632,-34.85046,-34.84237,-34.24092,-36.298767,-34.1177,-19.136126,-12.497709,-15.014488,-19.89027,-25.414562,-22.32916,-21.609629,-27.04334,-29.494617,-24.782196,-26.299202,-30.10171,-27.12104,-23.743767,-27.541023,-28.77298,-26.994848,-25.908081,-15.345924,-13.39278,-22.618134,-29.801367,-28.99366,-28.181742,-30.010794,-20.72088,-7.769187,-1.1000602,-0.6840761,-6.566123,-17.020391,-14.922636,-14.25254,-12.394358,-13.407579,-13.25835,-12.389734,-15.970461,-18.952991,-13.947209,-8.706156,-11.342792,-16.725077,-18.19465,-16.862228,-8.972429,-2.2594564,0.009224757,0.27422348,-2.0124893,-10.319987,-14.339434,-9.606097,-7.763471,-10.372385,-13.622334,-13.922457,-12.591806,-13.558898,-1.7162753,4.1992373,4.0885296,3.0955205,1.4728035,-3.2222242,-9.807156,-10.445746,-7.9868565,-5.6009502,-7.189192,-9.113648,-8.874771,-8.205856,-10.332733,-10.206396,-12.625432,-13.287689,-9.861831,-9.061193,-10.763422,-11.427897,-11.130561,-11.150627,-11.8856535,-13.3475685,-15.666275,-17.882856,-15.501003,-11.283684,-8.704283,-9.680616,-10.092727,-12.665629,-15.986644,-18.20501,-21.176071,-21.618813,-21.810528,-21.999414,-22.475473,-24.073631,-28.030483,-28.152018,-14.257789,-12.862814,-18.268576,-22.030487,-23.242771,-21.792383,-23.649075,-22.172844,-22.589262,-27.110722,-28.122223,-23.624538,-18.051947,-17.992126,-19.37552,-20.8434,-22.313438,-25.195639,-16.119179,-14.168338,-14.740386,-10.330829,-11.424099,-14.808994,-8.589565,-9.605562,-13.592433,-14.325932,-15.631804,-14.650388,-7.008555,-4.138818,-3.8419235,-4.5105114,-8.671605,-16.748539,-15.223806,-15.207455,-15.733589,-14.157997,-17.862255,-18.161606,-18.186726,-18.998615,-20.681393,-22.498867,-22.438738,-24.37468,-22.715298,-24.10846,-23.361942,-19.74314,-14.816122,-14.875233,-17.736437,-20.336132,-22.002254,-24.049843,-26.083755,-26.836456,-27.564892,-25.620369,-22.146456,-24.327095,-26.818121,-26.867723,-26.282026,-29.265549,-15.589995,-8.606846,-12.534176,-22.106306,-26.705597,-30.261915,-29.143751,-26.793661,-30.962326,-26.874573,-22.369915,-20.237257,-17.414865,-16.831856,-17.323965,-20.348392,-25.519798,-14.002767,-11.197558,-17.11952,-16.665068,-17.176607,-15.15406,-17.081194,-15.10322,-17.772713,-20.02242,-19.31245,-19.75092,-19.845312,-19.78531,-16.186417,-16.775364,-18.86958,-13.753038,-8.912753,-11.070948,-16.462275,-18.618406,-18.744453,-19.034954,-16.827705,-18.553093,-20.928728,-20.140095,-20.537712,-19.08981,-18.296047,-21.607296,-21.266853,-21.71955,-23.407934,-17.573782,-17.877682,-23.606407,-29.593847,-27.0286,-27.540493,-29.68751,-31.876385,-33.508137,-30.817186,-30.682154,-30.72177,-30.830915,-34.129196,-35.688473,-34.32599,-25.106287,-14.46827,-12.928518,-17.3117,-20.910862,-21.396854,-21.850918,-22.241959,-23.563843,-26.375505,-28.011242,-25.665058,-26.21269,-27.038147,-26.097378,-26.576603,-28.557163,-24.771664,-14.69802,-11.122154,-16.111681,-17.157581,-18.685532,-19.723255,-20.326797,-23.882633,-25.0466,-25.900404,-27.63884,-25.051567,-23.926323,-22.85013,-24.026003,-24.911339,-23.182753,-13.709292,-11.332727,-14.489284,-14.088641,-14.804412,-17.233807,-19.17473,-17.932621,-19.336779,-22.039505,-19.712107,-23.078756,-21.23558,-20.881853,-22.962593,-23.787153,-24.002867,-20.86505,-20.03042,-21.142618,-23.976227,-26.97277,-26.29541,-29.684929,-29.74455,-28.61401,-24.636826,-26.21355,-25.050776,-23.503292,-25.992996,-31.507423,-30.403732,-19.796608,-2.0736325,1.723783,1.0677352,-1.8428161,-5.7294645,-8.986847,-9.079912,-11.825544,-14.112549,-11.53494,-7.0822735,-7.8062477,-10.421967,-12.087817,-15.908136,-18.1967,-10.889452,-6.2351284,-4.3469934,-7.072633,-5.7716184,-4.6256857,-5.0195127,-8.065139,-9.500924,-5.3784275,-4.711973,-6.525373,-7.643298,-7.5221634,-8.9600315,-9.22543,-7.3491173,-9.263982,-7.9735417,-9.59986,-14.201507,-12.762186,-10.227908,-8.171407,-9.378606,-11.044579,-11.713962,-11.868183,-10.703126,-11.198827,-12.737752,-14.040632,-17.33604,-15.838797,-13.0421715,-13.620745,-15.454004,-17.634472,-15.117011,-15.797359,-19.730913,-17.786766,-13.802259,-13.13522,-14.144393,-13.352374,-18.637272,-13.487049,-9.368189,-5.182276,-3.285072,-6.620495,-10.487249,-10.7601185,-13.50458,-15.385261,-15.545872,-18.093754,-20.771511,-19.75834,-18.9385,-20.362131,-21.351295,-21.820492,-19.639688,-21.29023,-23.542597,-21.293262,-18.810093,-14.403156,-14.019606,-16.515451,-12.739324,-2.7444701,5.624902,9.247436,9.857464,10.188292,9.7080345,10.1422,8.730581,6.707165,3.7673473,3.4805303,0.65920794,-4.5958285,-3.2129073,-3.2462132,-9.168847,-11.27256,-13.942508,-8.078638,-7.4489574,-9.153813,-10.461978,-13.3707695,-18.711323,-16.509802,-11.322112,-10.99635,-11.794063,-12.7321205,-13.651767,-13.306252,-11.901017,-15.605396,-15.716562,-13.621392,-14.547857,-16.475508,-17.197992,-19.370968,-24.06481,-12.792159,-3.1581533,0.6862816,0.3372639,-5.528176,-8.299058,-6.1363754,-6.607731,-7.220733,0.7281205,6.149515,3.601591,-8.160294,-13.096098,-13.190661,-9.31805,-9.742094,-11.15613,-4.4763584,0.62366134,2.737787,2.729107,5.6183887,2.5714402,2.3530724,4.093971,0.8844277,4.8432007,3.4692616,1.2252247,-2.1357086,-3.8900912,-4.634557,-4.737585,-4.448567,-5.6682677,-8.127735,-8.8002,-9.751989,-9.250747,-11.540245,-10.95126,-8.523874,-9.264656,-12.395971,-15.434189,-17.342382,-13.278865,-10.553507,-11.904507,-7.2534447,4.9841394,6.5302715,4.7037983,4.742885,1.7794818,-1.6991827,-2.734033,-2.2288415,-3.480267,-6.323058,-9.346896,-9.622133,-11.354833,-11.368045,-12.313684,-12.835745,-11.403619,-12.910875,-15.432554,-16.509054,-16.375801,-15.189124,-13.524713,-12.819089,-10.764604,-7.4222856,-1.5361729,-3.1746206,-10.147432,-12.282733,-9.039757,-0.39177004,1.7969502,-0.8622179,5.790292,4.811758,-1.230868,5.9102507,7.020297,7.109818,6.709535,-0.6103333,-2.425982,-3.4732368,-0.23427671,2.3991232,-2.3194203,-3.8618076,-1.6416805,0.88137573,-1.4203942,-1.7151127,-3.228152,-6.2931786,-7.4933167,-6.323929,-6.7444754,-8.222282,-6.811762,-6.367832,-3.680512,-5.7495756,-7.2417474,-11.1101265,-8.742737,-10.1262865,-14.578748,-11.683475,-11.647512,-11.571062,-10.108772,-5.766497,-5.5153866,-10.141305,-12.685415,-13.547987,-13.380041,-12.407696,-14.1058655,-14.430413,-17.890284,-15.085763,-13.921141,-15.520651,-15.19594,-17.207933,-19.79547,-19.75354,-19.6681,-15.818323,-17.121645,-17.550604,-16.415571,-9.5401945,-8.917282,-16.41088,-10.389366,-7.6165624,-7.2972445,-11.378572,-13.7204275,-16.390722,-19.281042,-17.161139,-18.030308,-17.468044,-12.863803,-12.669105,-13.268095,-13.232355,-8.193343,-9.12538,-10.71787,-10.170055,-11.715622,-9.500982,-8.987171,-9.286447,-10.333599,-10.924339,-12.500872,-14.741779,-15.166452,-12.898039,-14.706592,-17.931097,-20.696898,-17.957525,-9.570747,-9.476139,-12.789207,-13.140488,-16.356363,-15.084969,-17.16164,-19.922615,-19.177813,-17.671314,-17.121637,-14.071717,-15.483662,-17.975422,-20.418259,-24.027996,-18.2536,-13.296503,-8.920895,-14.277069,-24.71494,-24.553291,-22.506674,-21.432047,-22.602758,-25.439602,-25.37164,-25.684462,-27.331139,-30.442026,-31.32137,-28.235603,-26.214712,-24.658382,-15.923658,-10.897522,-11.455425,-16.19526,-15.247667,-17.165796,-15.848542,-15.39497,-18.468649,-17.05948,-17.952858,-14.411053,-13.63093,-16.329514,-16.972223,-16.363214,-18.0304,-15.843192,-10.859714,-11.713576,-12.47881,-12.8751545,-17.238968,-21.163036,-18.668032,-18.861462,-22.911465,-30.414602,-31.825525,-31.26952,-28.388672,-23.779161,-22.21179,-23.345566,-11.969755,-10.100817,-12.11722,-15.055369,-18.470356,-16.473448,-18.15495,-18.681376,-17.105669,-19.459637,-20.357187,-19.524912,-16.162281,-15.868717,-17.047522,-23.112804,-19.196526,-11.474588,-10.626597,-15.658981,-17.754648,-19.878857,-19.609003,-18.250753,-21.647842,-26.31912,-29.266415,-29.583706,-31.486845,-30.719595,-31.428478,-35.376106,-28.299206,-19.511646,-13.401462,-16.200825,-22.319479,-25.443735,-26.308203,-25.222271,-25.682846,-25.134409,-26.5929,-27.353004,-28.035816,-25.06587,-25.055603,-24.81264,-17.496347,-2.8382494,4.7258945,4.145336,3.5111144,0.54376113,-2.5606477,-6.1388373,-8.476258,-11.692882,-11.498132,-8.765158,-10.945389,-6.7225437,-5.144134,-6.0445313,-5.8130746,-7.268449,-6.1044884,-8.761345,-10.497784,-13.2202,-9.107694,-4.813932,-7.723706,-7.820713,-4.9717646,4.525801,10.690999,12.08584,10.348281,3.3561301,-3.3818388,-4.328533,-5.403124,-5.6294136,-4.1424575,-5.9534826,-7.093386,-6.9864206,-11.445846,-11.695777,-13.671125,-14.347221,-17.792051,-16.151363,-15.406296,-16.446928,-15.048906,-15.396318,-12.780552,-11.370724,-13.1986,-12.176781,-9.551545,-5.501033,-6.7084513,-9.811027,-16.521101,-15.5387125,-14.437938,-19.609665,-20.646696,-19.38489,-19.488104,-20.489803,-20.599348,-23.101938,-23.683784,-22.920687,-24.717392,-20.296814,-15.859173,-14.592599,-19.520088,-24.513596,-23.603207,-20.335487,-17.717033,-18.915909,-23.117725,-23.241251,-21.839037,-24.022663,-27.365364,-22.660698,-20.282095,-23.399153,-24.781599,-13.943137,-12.42347,-17.594543,-23.282036,-27.458296,-27.472836,-26.548826,-26.170189,-29.916937,-29.429846,-27.341068,-28.26736,-30.023598,-29.848145,-30.732475,-32.73687,-27.069885,-18.417591,-19.417017,-23.063347,-23.9217,-25.221445,-26.537035,-28.64634,-29.188765,-30.396255,-32.417038,-29.135979,-27.513222,-23.79781,-23.260284,-26.31208,-25.199303,-21.583033,-15.142639,-12.979387,-15.093661,-22.90125,-20.377682,-20.56158,-20.895632,-22.413416,-23.24223,-23.39067,-25.394238,-21.602057,-19.780949,-21.361687,-19.274155,-18.443188,-16.956451,-12.742906,-8.761586,-11.126164,-13.506699,-13.405523,-13.368033,-15.411058,-14.6086035,-7.008748,-2.805266,-1.670646,-2.5533352,-6.113022,-13.156022,-14.412919,-13.735821,-15.133043,-12.071761,-11.67304,-13.13046,-15.806661,-17.570244,-18.042904,-19.566761,-17.054743,-16.690727,-18.817978,-19.700796,-19.686932,-18.86061,-19.510674,-20.45715,-21.272507,-19.662714,-19.53352,-16.97056,-19.124538,-22.221403,-19.523144,-19.714163,-20.794071,-20.852802,-20.424477,-19.542576,-17.668058,-17.492285,-18.219028,-15.787632,-17.347464,-21.2123,-22.434397,-17.909588,-11.813859,-11.152272,-18.632065,-21.911308,-16.028492,-18.708176,-25.545124,-27.28504,-19.818056,-19.042494,-22.260418,-26.268251,-28.03991,-30.24131,-17.535196,-14.42254,-16.218918,-5.384556,-1.1759835,-4.9333363,-4.4470778,-1.9547771,-1.8070371,-2.8353858,-4.0844054,-5.7270184,-5.0241065,-5.5819073,-10.517421,-7.8802195,-4.8766546,-6.895525,-9.019325,-8.414394,-9.590019,-9.6583395,-12.92923,-18.558945,-19.668266,-18.399265,-15.821405,-13.785672,-17.355463,-20.570274,-19.652954,-18.887922,-19.854607,-17.624475,-16.957134,-17.445099,-15.873685,-11.654165,-12.776196,-20.706455,-22.221373,-21.511076,-21.9677,-23.078735,-23.723782,-21.668243,-22.280237,-20.221592,-19.25474,-22.527979,-23.425575,-22.812948,-24.4213,-15.359079,-9.126214,-12.705426,-20.031013,-21.123478,-22.060139,-22.249748,-23.597782,-22.338642,-21.376015,-24.11416,-22.288002,-17.486536,-12.678393,-11.455559,-14.684626,-16.778776,-12.474175,-10.784503,-12.773043,-13.372336,-14.601448,-14.280701,-18.011955,-15.891929,-15.796434,-17.748964,-14.589741,-17.736917,-26.644596,-23.72906,-22.877373,-23.573753,-20.318308,-12.218998,-13.349773,-17.347023,-20.723999,-23.206808,-21.781391,-19.42369,-19.014894,-16.929127,-18.326012,-22.445192,-22.937632,-20.568693,-21.2795,-21.41663,-21.852476,-20.408508,-16.935513,-14.756792,-15.496164,-17.58616,-18.461319,-18.64935,-17.775032,-18.869762,-20.049417,-19.934027,-19.652441,-19.65742,-19.598087,-19.52987,-23.298273,-25.953442,-19.623653,-15.248377,-10.651065,-10.866466,-18.109976,-21.642282,-22.706034,-21.949791,-20.367523,-24.956388,-22.876692,-19.653408,-16.70736,-17.11655,-15.579214,-17.76722,-21.434238,-19.035051,-14.707595,-13.381529,-14.446814,-19.934689,-23.173267,-24.376448,-23.12897,-23.810186,-29.41087,-32.13517,-33.28382,-32.057976,-32.070812,-31.11851,-29.562265,-31.20827,-23.695839,-19.75936,-16.21592,-16.138718,-21.559605,-23.275982,-23.451633,-24.369574,-25.58086,-25.70261,-25.48372,-25.36871,-16.969994,-13.534818,-15.4310055,-19.902222,-18.275988,-18.807465,-18.044558,-18.750656,-22.419355,-21.38832,-18.9912,-18.491282,-21.364927,-21.055191,-22.208908,-25.01878,-24.867346,-26.585598,-22.802715,-22.71038,-24.698769,-27.685474,-25.225204,-16.646942,-10.414224,-11.09891,-15.066845,-14.42184,-12.904182,-16.353868,-16.227472,-16.95434,-15.391285,-4.6868315,-2.520606,-7.681575,-14.812038,-15.068991,-12.324921,-4.7616286,-3.3993766,-4.362261,-1.5572344,-3.4223313,-4.925621,-5.093987,-5.3550196,-6.3820076,-6.246247,-7.058058,-5.752775,0.51548386,3.9401472,4.5421824,1.5932966,-4.104525,0.5932014,2.563253,-0.94925153,2.6466393,5.233517,2.0323153,3.8264346,-0.42601532,2.3369281,3.6715488,0.76859784,-1.6936977,2.211307,1.5433404,-5.481665,-10.028057,-8.385152,-8.677186,-8.83398,-8.348774,-5.6521034,-4.8642683,-5.9715724,-6.6933823,-6.9522543,-7.021985,-7.1661777,-6.598177,-7.63595,-8.595232,-8.560692,-11.519122,-13.11266,-10.466141,-5.8409023,-3.8480852,-6.5726156,-7.552021,-10.34754,-10.802378,-12.416719,-15.924869,-14.285624,-15.414099,-18.397303,-15.714898,-8.674181,0.82577175,4.1082735,4.8146405,5.0407047,4.731904,5.780184,9.217311,10.72131,8.528276,3.312869,-4.274574,-2.5626743,0.25405222,0.35828286,4.045176,8.441908,7.8411264,7.2271676,7.4715734,6.527768
-17.37468,-19.102623,-20.313126,-24.131924,-25.77328,-24.894144,-23.016005,-23.569977,-21.51897,-22.712183,-25.094759,-26.505802,-26.552635,-24.161018,-21.579264,-17.927488,-18.420547,-21.294357,-24.683905,-28.1153,-25.894796,-25.153273,-27.897541,-27.425163,-23.2305,-25.141426,-29.898808,-31.145687,-32.202217,-30.821579,-27.766327,-22.397285,-15.666894,-16.407225,-22.400993,-30.373514,-30.621185,-33.732334,-36.14602,-34.238667,-31.96698,-34.255318,-35.649353,-27.14547,-26.426804,-32.52832,-37.782906,-29.205408,-18.988874,-17.203272,-20.46111,-20.792007,-25.218884,-30.530224,-30.394726,-32.013435,-35.517776,-37.617268,-35.779915,-36.927628,-35.286755,-36.206455,-41.61354,-44.104458,-41.136406,-19.688026,-10.531296,-12.361805,-21.902124,-30.102451,-33.22429,-34.334766,-35.866516,-36.494106,-32.943333,-31.303886,-33.648804,-36.183647,-34.31069,-34.34563,-37.445168,-33.843674,-25.498013,-17.61307,-16.422098,-26.035858,-28.743732,-30.621113,-33.992744,-31.572575,-22.05638,-7.3899536,-0.79368794,-0.42405012,-6.7262306,-15.29662,-13.439689,-13.660767,-12.166521,-13.412313,-13.2872715,-11.749907,-15.271393,-18.412695,-13.680815,-10.917648,-15.27419,-18.568874,-17.939495,-10.225467,-6.688912,-7.7353888,-5.8570457,-7.6238656,-12.530002,-17.548086,-18.21796,-14.136278,-12.200232,-15.136473,-19.174728,-18.068367,-15.584955,-18.485521,-6.4609184,-0.43433422,0.39284092,-0.17898498,-3.3044076,-2.9338894,-1.8665049,-4.3806725,-6.403088,-8.190516,-10.808425,-11.092436,-11.8298235,-12.67244,-16.063625,-17.688904,-16.183998,-15.8764,-14.283052,-14.114604,-14.464291,-15.011826,-14.815587,-14.822799,-16.378462,-18.071424,-19.9697,-19.229675,-16.041615,-16.758993,-15.591849,-15.93082,-14.804988,-15.100693,-17.836868,-23.843763,-26.706,-25.122614,-23.462818,-24.395168,-23.962833,-26.77998,-29.286423,-26.398668,-10.995187,-8.814753,-14.821745,-22.54717,-25.160246,-22.052572,-22.55249,-23.106724,-26.955517,-28.979042,-27.980936,-21.792105,-19.189627,-19.03344,-24.14872,-22.81879,-22.429508,-24.083595,-14.736133,-14.139175,-23.406193,-22.862682,-22.484623,-25.392704,-21.092373,-17.38022,-18.269623,-17.097368,-16.12932,-16.926481,-14.261069,-16.991047,-17.321121,-15.618816,-14.81362,-16.65653,-21.81927,-22.757652,-21.591965,-22.886267,-24.623938,-22.318157,-19.611956,-19.158838,-19.803694,-22.445917,-23.584763,-19.805332,-21.676971,-25.044653,-26.693642,-23.589018,-16.834377,-16.397396,-20.715494,-25.713383,-26.815088,-25.59917,-25.37851,-26.14198,-28.915085,-29.536545,-28.151217,-26.25245,-26.848076,-29.42295,-29.637772,-31.855495,-16.067389,-9.404438,-13.950349,-23.827599,-27.957695,-27.81211,-25.88663,-27.463417,-27.444729,-29.809406,-31.804266,-27.475016,-20.317738,-18.250174,-20.511715,-24.35377,-24.031603,-12.567925,-11.045361,-18.717249,-19.931736,-20.220325,-21.544933,-24.313221,-19.694738,-19.118202,-18.25114,-18.49714,-20.370836,-19.986034,-19.614502,-17.66354,-16.696598,-17.547188,-16.170645,-10.183218,-10.39909,-16.453331,-17.807873,-17.49626,-18.782566,-17.072071,-17.765253,-20.14729,-19.931929,-19.679735,-17.84079,-18.317757,-20.746738,-21.06213,-22.23483,-23.603561,-15.7521305,-17.29695,-24.18041,-28.162838,-26.576174,-27.339306,-28.399662,-29.293547,-30.08196,-30.427021,-30.812094,-30.342373,-30.311176,-32.888412,-34.63543,-33.46902,-21.374271,-11.256801,-12.662485,-20.234015,-20.465755,-21.13298,-22.079994,-23.608276,-24.860802,-26.868303,-28.938093,-28.775408,-28.590073,-26.395058,-25.710058,-28.293055,-28.32621,-19.010023,-14.484608,-14.466815,-17.101398,-16.098396,-17.372278,-18.011677,-18.214634,-20.553165,-23.102205,-22.946762,-25.84775,-27.246914,-25.568293,-22.41938,-23.169033,-20.159008,-19.394934,-15.822991,-11.807785,-14.422088,-15.415088,-14.148037,-15.195215,-19.814121,-16.84971,-17.578,-20.557344,-18.23386,-22.150757,-19.524004,-20.063091,-22.760164,-22.058372,-23.397264,-17.620464,-18.437826,-21.371143,-21.389654,-22.13219,-22.780466,-25.426178,-25.194252,-25.625946,-24.229364,-24.921581,-27.658398,-24.673336,-26.035828,-29.195934,-27.998068,-19.108875,-3.1164563,3.804368,4.2865095,-0.46517432,-4.0027666,-5.2530966,-3.7903066,-8.745083,-14.514646,-12.105779,-9.148106,-11.10256,-13.00145,-13.793947,-12.536225,-14.3108635,-7.0474534,-3.5645947,-2.4098673,-4.900666,-3.7106032,-2.8337698,-4.0077634,-6.9894032,-7.2080574,-4.007615,-4.3856745,-5.470873,-6.8962097,-8.107925,-7.3964643,-6.3630886,-5.8212814,-9.731611,-9.865942,-10.057267,-16.079624,-16.034344,-11.429552,-8.1297655,-9.771713,-13.235979,-15.649386,-15.03466,-14.623615,-17.307041,-16.715324,-16.315508,-19.803326,-21.742107,-17.786488,-16.32217,-16.083906,-18.949593,-17.091515,-17.560589,-17.404783,-18.565485,-17.242033,-15.259977,-10.3324795,-3.3791065,-0.6322043,2.4374006,2.3721163,1.1673279,2.4132342,0.4429047,-5.697784,-8.512633,-12.745001,-7.9200797,-4.7186975,-5.7629347,-10.346231,-12.242577,-8.855881,-7.626068,-10.775428,-11.517562,-12.988588,-9.935473,-8.798772,-9.123505,-10.017933,-13.014254,-15.574251,-11.3629675,-10.150305,-3.2491713,-3.5986936,-4.4203825,0.4270712,1.4644545,1.4290597,-1.8851445,-4.8766165,-5.98349,-8.8544,-9.445218,-9.750641,-11.697432,-9.782452,-11.058106,-14.70586,-15.352095,-15.630698,-14.419579,-14.297142,-12.759042,-13.759308,-19.452374,-22.37734,-21.717304,-17.445345,-15.1265135,-19.462023,-18.07311,-17.25335,-16.342676,-14.600482,-17.209986,-19.355898,-18.34058,-19.322237,-18.655693,-19.325642,-21.301693,-25.120668,-18.035385,-6.3585577,-0.43454164,-2.1839137,-8.403345,-9.520674,-5.4847293,-5.671878,-3.4050727,-0.5361254,-0.78123164,-2.906474,-9.598745,-14.2048855,-14.944991,-12.063091,-11.594926,-11.912039,0.45061994,4.869916,4.1676755,7.8372326,9.971708,7.5111527,5.1833863,2.6918821,4.0353637,3.2720802,5.445359,6.886902,1.2535603,-0.77238476,-1.7751778,-2.0797048,-1.6812347,-4.277154,-5.9749002,-4.777396,-5.5664544,-5.1165466,-8.901031,-7.49094,-8.421334,-8.480931,-10.904466,-13.680381,-13.987181,-11.921862,-9.0885935,-10.198627,-10.715369,-5.0799775,-2.4503253,-6.8696146,-5.410561,-3.473384,-4.6457987,-6.838641,-10.961311,-15.257983,-11.204893,-12.069714,-13.057596,-14.397253,-16.926628,-15.266725,-17.181068,-15.982417,-14.448458,-17.506977,-18.614555,-18.219492,-21.093447,-19.698906,-17.83169,-10.628908,-9.200321,-11.590593,-13.1363125,-5.652001,-2.1000187,-1.7810994,-3.9111125,-1.2736453,-1.739583,-4.990482,-5.889232,2.1225438,3.777734,-2.1818442,-5.5094767,2.1681461,2.6229215,-4.748851,-3.9979746,2.7690926,1.8941878,-3.6002026,-4.709935,-2.9157343,-1.628068,-0.49338418,-0.78552717,-4.1895614,-7.1352916,-8.56096,-7.6964254,-6.7663364,-9.574078,-11.580439,-7.960349,-5.7203627,-7.964431,-7.3980494,-11.252479,-12.773457,-12.98448,-14.907199,-13.037636,-10.890911,-1.7007138,2.1861238,-0.22332944,-3.277525,-4.897475,-7.2164335,-7.4254837,-8.490078,-9.899595,-8.965956,-11.649127,-11.36301,-11.867013,-11.724006,-8.7981415,-6.2824016,-11.671732,-14.57481,-12.883038,-12.90797,-15.043353,-15.152609,-14.526099,-17.173489,-13.158039,-9.549991,-8.632346,-10.038221,-10.149172,-9.5335245,-10.157391,-12.898169,-15.905275,-15.430771,-12.846739,-12.065431,-12.616959,-11.953597,-12.910416,-14.275211,-11.279267,-6.8053207,-9.528518,-12.945615,-13.143732,-11.621067,-11.202518,-13.166018,-12.612978,-17.005194,-19.558876,-24.215591,-21.647547,-20.152075,-20.529394,-21.908043,-23.913403,-24.398153,-22.176264,-14.800648,-12.4949,-12.48968,-15.187775,-19.177174,-16.876715,-18.61737,-21.442402,-19.013477,-19.652346,-21.357246,-17.236584,-18.817774,-19.8017,-21.30585,-25.77332,-22.521996,-14.791615,-9.618734,-14.203676,-22.060812,-21.91558,-22.20546,-20.874483,-24.052505,-30.188486,-29.60828,-30.054209,-29.243149,-30.098446,-32.065155,-31.723648,-29.336054,-24.005863,-15.899748,-11.238936,-12.591533,-19.077173,-16.336271,-18.814884,-17.488327,-16.863972,-21.337015,-19.688953,-18.632433,-15.024435,-15.496732,-18.613789,-20.275028,-18.647257,-19.438034,-13.626369,-10.781211,-11.299795,-12.115303,-12.661854,-16.393452,-21.05932,-19.938353,-19.975998,-24.269257,-30.628843,-30.877428,-29.620445,-28.86944,-26.01759,-23.318064,-24.688087,-20.067518,-16.758215,-14.821162,-17.848125,-21.52465,-17.830986,-19.382278,-21.447382,-19.197075,-21.712095,-22.71706,-20.926357,-18.005903,-18.10104,-20.358458,-27.079536,-20.407883,-11.270423,-9.281342,-14.207616,-17.356579,-19.019531,-20.103281,-19.641188,-22.171352,-25.132969,-26.46697,-28.456474,-31.299767,-27.794275,-29.757307,-35.51093,-27.957981,-20.395136,-14.002583,-13.148585,-19.807709,-23.315859,-23.429703,-22.507626,-23.846188,-23.785543,-23.513916,-25.597694,-26.298447,-23.4795,-23.900423,-23.115309,-19.152876,-1.4336586,6.4034853,7.312113,1.8644298,-2.8530095,-3.51151,-3.932015,-4.9823027,-8.412665,-7.12054,0.8543218,4.9325423,7.390794,7.6890874,5.9345217,5.475283,4.1071076,3.8614545,3.2776833,3.9927416,3.6924644,2.345064,-3.2250557,-10.061277,-14.838895,-9.032579,-3.576242,-1.0613015,-2.5075867,-2.6405427,-0.8316537,-4.548127,-6.5175323,-3.9732614,-5.1567163,-8.665453,-9.00969,-9.285067,-12.557968,-10.641036,-10.6399,-12.095298,-14.423775,-15.1303,-14.215689,-13.8650055,-15.887564,-18.600067,-19.347488,-16.462559,-17.04642,-17.881592,-18.63989,-13.679543,-8.760547,-6.948405,-7.440881,-14.545297,-18.470081,-18.677471,-19.311506,-19.69313,-19.944193,-22.216602,-20.460945,-20.504055,-19.789642,-19.537172,-21.102095,-23.712463,-21.874184,-17.839663,-14.888921,-19.475386,-22.368889,-21.199356,-20.440048,-22.263275,-24.99274,-19.812145,-14.030401,-13.091699,-17.891253,-19.547539,-23.227901,-26.43692,-25.73748,-25.516697,-15.021816,-13.231098,-19.1404,-22.348324,-25.93931,-26.27739,-26.184105,-27.918016,-28.582857,-28.531765,-28.71651,-30.804287,-29.32898,-31.172733,-32.165024,-31.91462,-24.961514,-16.2131,-18.31023,-23.673288,-27.18237,-28.90823,-29.887476,-31.53549,-33.430275,-33.076557,-30.041199,-25.684868,-20.56325,-20.306309,-24.63135,-30.275463,-24.917366,-22.154722,-17.884098,-17.617752,-20.931374,-24.5498,-17.763231,-16.905182,-19.745937,-21.68602,-18.665157,-20.58362,-23.59847,-22.86554,-22.51282,-20.370228,-19.566633,-18.371843,-17.059229,-14.478326,-11.740427,-18.781416,-28.35882,-30.081034,-30.438316,-27.265684,-16.042564,-7.020283,-3.825848,-3.2456958,-3.8995478,-7.4683614,-15.594696,-16.073689,-14.51538,-17.28185,-15.305377,-13.835653,-14.337205,-16.023481,-19.284094,-20.142849,-21.708403,-21.335611,-20.46028,-21.171288,-21.519047,-23.807888,-23.707697,-22.711555,-24.153484,-26.43911,-24.982111,-21.47797,-14.057371,-16.205938,-24.723738,-25.23484,-24.677357,-24.097248,-24.669514,-26.632145,-23.309734,-17.288631,-16.508108,-20.420284,-18.991552,-18.733967,-21.447668,-22.465977,-19.01799,-11.5512085,-12.333994,-22.805794,-24.106518,-19.779217,-20.848246,-22.984528,-25.502384,-19.374287,-20.975094,-25.08405,-27.797358,-29.813217,-27.88083,-18.617382,-15.086868,-18.307465,-10.242988,-1.4028819,1.5588334,-1.3285096,-5.1757646,-9.385367,-9.817267,-6.441748,-2.7223773,-3.4407532,-1.0959004,-1.1415617,-3.3734765,-10.895668,-13.618579,-13.290558,-11.50538,-10.039047,-11.1090355,-15.14971,-18.1651,-18.664152,-16.363873,-13.104784,-15.276776,-21.283901,-19.201323,-19.202656,-20.598867,-20.650587,-20.877712,-20.062752,-19.249214,-17.03849,-12.370201,-13.369151,-21.577137,-23.800909,-25.938795,-26.361334,-26.227045,-24.24056,-25.478153,-27.607306,-25.152409,-20.815496,-21.36342,-23.503725,-24.232082,-26.510592,-16.944235,-12.451924,-13.993311,-18.33369,-22.514599,-21.598127,-22.376366,-25.181082,-24.870548,-23.192516,-20.740189,-19.079712,-15.988288,-13.279665,-16.64904,-21.973238,-20.162884,-13.9494705,-12.152622,-13.597216,-14.908466,-16.297037,-16.995853,-20.432222,-18.745192,-19.49881,-22.118483,-20.122307,-23.08633,-30.327316,-27.987064,-25.087029,-26.069931,-22.967628,-16.538717,-15.379867,-16.63294,-22.220821,-23.195343,-20.900743,-20.78932,-21.260693,-18.844088,-19.48026,-24.975853,-26.32431,-22.909122,-22.501755,-23.109377,-23.681667,-21.407494,-15.764784,-13.712836,-15.215492,-18.63114,-19.231277,-15.117933,-15.578669,-16.817926,-19.374615,-21.829329,-22.542675,-21.715126,-21.174726,-21.946756,-24.209564,-25.522724,-22.664099,-18.117723,-11.918926,-12.803241,-19.175604,-22.477018,-23.886078,-23.31374,-21.142174,-24.98613,-23.246838,-21.835613,-20.169655,-20.973228,-18.752903,-19.47391,-22.989552,-18.711174,-15.515211,-13.455721,-12.979318,-18.96542,-25.424288,-26.179525,-25.616196,-27.562317,-32.35624,-32.467133,-33.89793,-34.281425,-32.567425,-30.775196,-30.101622,-31.802235,-27.190022,-17.724829,-13.325826,-16.28769,-22.795294,-24.53295,-24.620697,-24.634678,-25.179829,-25.108387,-25.223862,-25.37588,-18.650284,-15.212795,-17.140167,-22.354836,-20.626064,-22.130804,-18.143887,-14.415427,-17.753323,-20.815784,-17.49317,-17.3461,-18.591845,-19.437979,-22.09606,-26.99701,-26.762438,-24.365566,-22.474121,-22.677767,-23.74964,-26.193464,-26.396778,-15.10273,-11.448366,-15.33298,-18.472704,-16.461998,-15.301167,-18.887156,-17.9223,-17.657227,-16.16716,-4.4337707,-1.6223098,-5.9601507,-13.614334,-15.340876,-15.997036,-7.9756875,-2.8640912,-3.2875276,-2.4889822,-2.9022195,-2.5516725,-1.8272429,-0.58410764,2.000322,3.5821962,1.077062,-2.015289,-2.7239246,3.2371025,5.0235815,0.91669476,2.059439,2.9673762,1.7741711,3.8254511,-1.1674966,2.5712605,6.518489,4.706523,3.7035575,5.251971,3.71875,6.0919857,1.9169259,1.6668104,-0.57751733,-4.9644365,-5.517441,-6.5276413,-9.076252,-8.265835,-5.7096534,-6.8779426,-3.590984,-3.7567935,-5.477597,-5.650044,-4.393021,-4.691976,-7.358682,-8.177711,-7.2189164,-7.864583,-10.68746,-11.586859,-5.807991,-1.7949686,-1.1159234,0.037100308,-0.6600423,-3.5008364,-8.847368,-11.123764,-11.8464575,-10.449636,-10.570036,-12.907021,-7.99254,-1.6205181,0.16561793,-3.3101962,-11.2696085,-11.124264,-6.1148314,-3.5111504,-0.55406713,2.3136284,3.3435316,-0.03930422,-3.1532207,-2.479849,-3.3802633,-8.983592,-6.158245,-0.7186404,1.4769452,-0.034117535,-6.1064615,-7.172324
-13.258604,-14.431511,-15.414334,-16.286768,-16.432137,-17.440159,-17.961258,-18.19032,-17.386593,-17.029722,-22.01927,-23.249657,-20.65341,-21.560162,-20.98325,-14.679731,-15.5010395,-19.567902,-22.02908,-26.646229,-25.787151,-25.557266,-24.750336,-24.710182,-23.67247,-24.552881,-26.649193,-29.168894,-31.088732,-27.94163,-21.087454,-18.77005,-15.717469,-14.285763,-19.81374,-27.216969,-23.32647,-23.017464,-25.736008,-29.705296,-25.203924,-22.46562,-22.854662,-26.546438,-25.91993,-23.667643,-25.87496,-25.62295,-16.128538,-15.044383,-23.115238,-22.988375,-25.69894,-27.446688,-26.059872,-28.08017,-30.66498,-30.344217,-30.998299,-29.244883,-30.357256,-33.59919,-33.25515,-33.83953,-31.806961,-19.426876,-13.643594,-17.238272,-20.694952,-20.69431,-22.402191,-22.821238,-20.666649,-21.429764,-23.39737,-21.611645,-20.67757,-20.961903,-22.506634,-26.10426,-27.857616,-25.822666,-22.956085,-14.031401,-12.378296,-21.617975,-24.489462,-23.914871,-23.93564,-29.625738,-26.450302,-10.999958,-0.1374548,2.9515157,-1.3053757,-13.977028,-17.47601,-16.188803,-12.173313,-11.237915,-12.426867,-12.1118555,-14.199643,-18.424248,-17.79463,-15.492457,-15.890333,-14.351862,-16.109375,-9.603403,-0.8197444,2.3667803,1.103359,-0.030967254,-3.702059,-6.779609,-9.40972,-10.412802,-8.841697,-11.840043,-14.640329,-12.486761,-11.352074,-10.664373,-7.918066,-2.214933,0.12820826,2.4131827,3.3439384,1.5363283,-4.980745,-10.221967,-7.8693495,-6.4065795,-7.1890097,-8.262635,-10.167463,-10.5405245,-13.6285515,-12.565832,-10.459457,-13.725807,-17.343609,-15.959932,-12.614819,-13.22329,-18.392588,-15.8000555,-14.395132,-16.655838,-19.154987,-17.672464,-15.291584,-13.144028,-9.071188,-9.085501,-7.159484,-8.558398,-14.154778,-19.758966,-22.113562,-21.623283,-18.025593,-19.580566,-19.513367,-19.630472,-21.229342,-22.08965,-14.045927,-12.490408,-13.589641,-16.454025,-20.500996,-17.556673,-19.485682,-19.504366,-18.59124,-18.570189,-20.945614,-16.903732,-11.0335865,-8.835873,-9.130224,-11.551662,-19.437939,-20.677061,-11.18878,-8.532864,-10.142602,-9.331513,-11.324934,-16.918533,-15.8813,-16.429077,-20.416943,-19.966404,-17.43468,-13.056227,-6.745036,-2.5680332,0.4809576,0.18042946,-6.4934163,-13.034911,-11.044697,-14.747592,-16.77747,-16.454807,-16.423487,-17.037523,-18.973518,-18.992302,-17.151075,-18.043018,-16.394238,-16.394941,-19.096972,-19.435982,-21.287952,-18.150898,-11.468647,-10.081096,-11.791838,-16.200556,-20.01115,-22.27114,-20.899927,-20.796053,-19.259197,-17.521572,-16.54879,-18.892687,-20.776196,-21.041956,-25.137283,-23.048733,-17.067225,-13.252165,-15.104116,-20.698631,-25.309166,-22.78128,-21.004007,-18.569277,-21.150005,-19.65277,-18.067514,-17.31484,-16.79589,-17.52783,-16.732094,-18.066206,-18.734743,-12.37425,-9.932325,-17.144163,-21.58409,-22.401775,-21.486494,-18.884409,-18.40454,-21.922298,-24.01045,-26.277859,-23.69324,-23.403406,-22.685913,-18.525276,-17.097605,-19.333803,-17.07422,-10.092007,-12.543556,-24.060719,-25.364141,-22.136957,-20.407413,-20.336624,-22.706123,-25.950058,-25.011194,-23.180197,-23.944305,-23.653402,-23.040648,-23.83519,-22.198666,-20.169132,-12.575531,-14.075374,-23.834518,-27.712788,-23.662106,-20.82816,-19.796015,-24.19343,-28.491692,-27.315195,-30.355927,-31.416615,-29.54105,-27.280882,-25.502941,-25.829182,-20.902985,-10.907416,-10.998979,-19.066923,-26.445477,-31.731367,-31.170523,-32.484444,-36.1976,-30.720867,-25.981804,-24.736168,-25.890793,-23.95084,-22.54488,-24.671562,-26.19278,-24.595829,-19.37372,-15.40202,-21.857805,-28.773039,-28.707222,-30.22112,-30.56263,-32.474922,-33.08278,-33.18343,-33.06523,-30.607653,-31.41532,-35.932003,-36.099712,-31.296873,-24.423122,-17.27657,-15.54141,-18.16307,-19.988832,-22.361618,-27.045832,-26.93182,-24.895308,-24.137978,-24.608591,-27.49422,-27.350893,-21.237389,-20.670004,-22.749935,-24.213196,-25.33642,-21.457275,-19.249783,-19.195225,-22.350685,-23.460806,-23.91134,-26.653765,-26.139603,-25.679884,-27.245758,-28.917305,-33.064384,-29.497498,-28.135607,-31.046865,-33.213768,-16.871086,-1.3243808,3.9240181,3.507062,0.64434457,-2.4287333,-0.07988169,-0.35839903,-6.9185295,-10.18078,-9.967978,-10.400288,-10.449913,-11.190301,-10.1995325,-7.2516003,-3.548695,-2.3409674,-2.3632586,-4.8904715,-7.1935368,-8.40393,-14.19722,-13.209554,-13.39424,-10.066114,-10.847015,-15.589588,-15.075369,-13.98723,-11.924152,-6.865137,-3.0754993,-1.4361851,-1.6786759,-1.1642855,-3.251691,-6.9276867,-6.9912214,-4.507465,-6.865527,-11.107355,-14.596348,-15.590063,-16.095623,-17.312908,-14.523701,-9.595884,-9.535783,-7.349759,-10.298494,-17.885414,-15.588054,-11.856855,-14.102938,-16.453724,-16.239357,-15.409986,-17.640903,-17.058403,-17.010973,-17.314337,-8.779201,-0.9012846,4.080604,4.3336906,4.8318186,7.804768,8.518979,5.6868277,1.4245276,-1.2805483,-2.799921,-0.53203416,-1.1498187,-5.2342434,-6.3999863,-4.777628,-4.1611485,-7.1060314,-7.128215,-9.564701,-6.857839,-8.08813,-7.601523,-6.8835354,-9.938505,-13.515109,-10.722954,-9.658796,-1.3016391,0.8520889,-3.8878493,-2.7291784,0.92567116,-2.106691,-4.7061405,-9.791397,-10.961445,-9.138292,-5.7931137,-4.9909225,-8.703525,-10.72115,-9.791697,-11.85841,-12.960548,-12.535374,-14.093169,-18.109314,-22.368942,-17.85342,-18.05381,-17.868065,-17.010311,-15.5799,-15.162453,-21.11497,-24.358856,-20.926708,-17.33895,-17.623125,-19.670143,-19.76191,-20.27549,-21.059044,-20.03115,-20.776154,-22.391914,-23.408638,-20.515018,-9.189896,-3.6265697,-2.6740913,-5.9127274,-2.4563744,-2.2879515,-4.2144747,-3.7185473,2.392152,4.7497387,0.02821343,-10.443183,-12.260433,-13.050876,-12.429632,-12.120267,-10.004902,-0.25328183,4.4903746,6.125508,8.387964,4.796552,-0.6319399,3.1610913,4.93044,4.1276073,4.0983505,3.5089538,1.7345343,-0.2867059,-3.4517465,-5.707567,-3.110384,-3.0889275,-8.03543,-9.8046665,-7.6842284,-7.8816156,-8.208893,-10.922017,-13.613749,-11.170154,-8.082313,-11.265336,-12.216827,-13.644123,-15.958047,-16.046164,-18.75546,-18.107292,-11.492832,-6.0939875,3.3715506,7.029817,6.631889,4.467645,0.40743366,-6.2162266,-6.1167974,-10.48789,-10.744801,-7.779623,-9.139683,-10.541454,-11.5201,-13.581875,-13.334864,-11.923443,-13.976774,-16.164381,-16.369797,-14.062338,-16.794258,-17.00724,-5.7217026,-1.3400443,-4.54294,-3.8347368,-0.26475173,-0.57519984,2.5858197,5.0467186,1.2212566,2.808712,1.5631951,-0.05466875,-0.07652311,-3.3527522,-1.3269359,-0.030923452,-2.1468458,2.5160546,3.595792,1.6921031,0.01826241,-2.3830662,0.08543972,1.1051878,0.31108102,-3.9331274,-9.489342,-10.474687,-9.187277,-7.7464533,-8.701593,-7.560274,-6.570139,-12.103571,-16.643675,-10.579664,-9.86967,-11.708288,-10.953793,-12.302032,-13.110563,-11.840935,-11.531777,-11.426887,-2.3969011,5.7637234,10.408861,11.063896,7.9558663,6.663847,3.5549192,-0.22850221,-2.7529702,-6.186456,-7.3288436,-5.5919523,-3.333135,-5.619702,-6.4301343,-9.258753,-5.829667,-3.8281658,-5.463714,-6.1165433,-7.009895,-8.277224,-7.551571,-6.9016213,-8.990635,-10.938807,-6.243897,-6.5921154,-7.0512347,-6.844926,-10.679379,-10.526258,-11.881394,-11.485232,-11.571907,-11.4663925,-11.479908,-11.799913,-8.31567,-7.994977,-11.621165,-11.225492,-6.8997855,-7.4488397,-8.353132,-9.849516,-10.9145565,-10.077615,-9.810628,-14.871737,-14.13422,-15.123528,-16.94092,-16.380386,-19.509445,-24.495592,-23.148483,-21.913292,-20.28269,-19.460938,-14.412556,-13.642565,-16.646461,-17.889256,-17.0159,-18.663727,-19.739883,-19.061178,-22.091038,-24.279049,-23.467735,-22.423286,-22.244324,-22.217701,-24.302616,-22.846481,-17.956295,-12.657166,-8.628339,-11.302404,-14.000837,-15.168895,-16.952518,-19.52274,-21.781588,-24.015827,-25.843927,-27.731216,-25.662407,-22.036694,-23.960808,-27.254726,-26.85935,-20.076656,-12.982674,-11.747854,-12.3740425,-15.785464,-18.56531,-18.609573,-17.266743,-18.665022,-19.637415,-21.509808,-22.645779,-19.434113,-21.040289,-22.91275,-22.782997,-23.263592,-20.042385,-15.183438,-12.77652,-13.330623,-15.813537,-17.10981,-17.092419,-16.202387,-16.258461,-16.774961,-17.192932,-20.204603,-24.250092,-24.036182,-24.819365,-25.745274,-24.792107,-21.742855,-17.716454,-13.903447,-15.992059,-16.937498,-16.892683,-18.274157,-18.655308,-17.605713,-19.555367,-24.264648,-26.897923,-27.870615,-29.13115,-26.072691,-28.09725,-28.411386,-22.343918,-10.981384,-9.932877,-19.114279,-20.721676,-19.792534,-21.5516,-22.486935,-24.446299,-25.766048,-27.487524,-28.50502,-27.740555,-29.645546,-30.228159,-30.479603,-27.560738,-17.183163,-12.220131,-13.911382,-16.08743,-17.117413,-17.633825,-20.173323,-22.492407,-23.280052,-23.000069,-26.059732,-26.751522,-23.32368,-23.31847,-23.910906,-24.310064,-5.794825,3.6602688,7.177147,6.181307,-0.008746351,0.03784763,-0.86683416,-3.8948095,-3.0107365,-0.31860662,3.9851847,3.681614,4.736006,6.1799927,7.6488404,9.117536,10.156275,11.525148,11.307339,9.606039,8.545295,10.009236,7.4420004,2.1668453,-2.6386228,0.9634048,6.93487,8.677462,9.558371,7.082512,2.3458223,1.2242199,-1.3063222,0.34168315,1.5602238,-0.08100953,-4.5246034,-2.3534305,-4.7583704,-5.6779714,-5.7275605,-9.899386,-7.3303022,-7.240994,-6.873231,-8.157641,-8.98871,-7.4775176,-9.05985,-12.83283,-12.337953,-11.285983,-13.519364,-12.257079,-9.403287,-8.749035,-13.101637,-14.647568,-15.36021,-16.865993,-14.716877,-14.247397,-17.542412,-16.315723,-16.701384,-22.192982,-16.9875,-17.30735,-21.056807,-22.207785,-17.35257,-13.987511,-12.359275,-17.211618,-18.00265,-18.980581,-17.493004,-18.557775,-19.059155,-17.839115,-17.687279,-20.253399,-19.991947,-19.24535,-22.012178,-23.702286,-24.147642,-23.891058,-11.920005,-11.656169,-19.580185,-21.473236,-20.62865,-21.490011,-24.780691,-24.490473,-23.29066,-21.326725,-23.975794,-25.472786,-25.645874,-24.462868,-22.314472,-21.787945,-20.692242,-14.205929,-16.963388,-20.724756,-21.506802,-27.06586,-31.898706,-28.715923,-26.463379,-25.007416,-27.38358,-26.033615,-24.010942,-23.055466,-25.31992,-26.509586,-25.260262,-19.897131,-14.413652,-15.81007,-18.202766,-20.129284,-15.391323,-17.56134,-19.623596,-22.168713,-20.68443,-20.671541,-18.565046,-18.885328,-19.864311,-19.002913,-19.18371,-19.290379,-21.470644,-15.723886,-11.942643,-17.383179,-24.524853,-28.899372,-29.21632,-26.073433,-19.724958,-12.41814,-7.241223,-5.999257,-4.341927,-5.921216,-13.38854,-19.650894,-17.1521,-16.077974,-14.903751,-13.729977,-13.6146555,-13.97924,-18.421724,-18.941858,-18.736702,-20.615562,-17.418966,-17.170784,-18.505856,-20.611145,-22.589655,-21.310808,-24.26593,-24.696524,-22.906189,-19.920212,-12.414931,-15.534103,-29.899065,-26.807554,-22.670782,-23.76387,-22.404366,-23.602259,-21.350822,-17.730558,-19.791794,-20.016325,-14.939581,-15.833864,-17.148039,-18.96053,-19.407217,-10.909604,-11.00712,-16.03507,-18.554466,-14.136077,-15.30807,-22.042332,-20.503206,-16.2683,-17.888071,-20.107986,-24.184492,-22.741432,-20.384686,-17.77046,-17.044147,-17.291496,-6.856637,-2.5558088,-6.1948347,-3.135389,-2.6428964,-2.7275739,-1.2855766,-4.1463094,0.112839445,1.7736254,-5.6157293,-7.55467,-8.226536,-6.34481,-3.3465908,-3.094628,-7.1373315,-12.951647,-12.918724,-13.525518,-16.156443,-14.530476,-10.630284,-12.205711,-13.39939,-14.88728,-15.624246,-18.09425,-18.317911,-18.987873,-17.367214,-18.768959,-19.172222,-18.72044,-17.909718,-18.987526,-24.06546,-23.262136,-20.818155,-21.97213,-22.57063,-22.780258,-24.461117,-22.583984,-23.422815,-20.15887,-20.760574,-25.658464,-27.057554,-23.431513,-10.783337,-7.15189,-12.333598,-18.50635,-21.16211,-19.563072,-16.96402,-19.510843,-19.088228,-19.326971,-21.649433,-19.722485,-14.649955,-16.617992,-15.453248,-15.890732,-15.153181,-11.953667,-12.4715605,-19.577166,-22.359222,-23.939878,-24.220545,-23.390753,-26.33871,-27.036211,-26.361246,-28.588373,-31.694435,-31.005096,-29.083025,-28.547733,-31.021767,-29.448685,-19.064373,-17.27297,-21.020138,-24.320461,-24.175348,-27.862087,-32.525566,-31.900204,-27.559624,-24.39049,-23.203192,-22.848038,-23.235802,-26.74768,-29.633715,-24.82835,-21.329344,-14.719145,-12.048053,-16.69589,-19.327015,-20.275707,-20.072075,-21.892056,-22.91285,-24.522312,-27.493021,-29.502651,-31.979502,-29.107178,-29.17364,-27.63302,-25.478188,-26.675673,-22.463257,-14.725117,-15.072254,-24.638292,-30.02295,-30.811646,-28.800568,-28.618206,-27.571543,-27.12334,-25.285719,-23.717344,-24.0007,-23.146849,-22.130436,-23.961353,-24.20174,-21.043701,-15.450869,-13.835281,-21.969006,-26.933172,-29.398819,-28.79915,-29.669847,-30.484636,-31.121944,-33.260223,-37.958336,-39.17908,-37.295643,-35.937378,-34.2817,-26.66269,-17.035702,-13.62974,-17.071335,-23.751963,-26.448572,-24.700584,-24.15331,-25.643661,-27.576616,-29.143406,-24.819899,-21.427736,-20.901997,-21.8936,-24.117188,-28.048735,-25.455206,-18.026287,-14.647852,-15.568523,-18.877987,-20.534958,-23.779413,-23.472054,-23.933506,-25.161133,-26.999722,-29.250317,-23.181973,-22.747965,-29.006054,-27.520159,-26.66204,-28.345327,-16.049017,-14.15872,-17.972557,-21.19101,-23.8404,-26.995258,-27.39063,-26.822968,-25.0402,-19.357702,-10.861088,-8.226167,-13.993093,-22.124117,-19.6217,-16.364582,-3.0064206,1.4526695,-0.59218776,-8.670631,-12.726589,-6.0313654,-4.607114,-5.345318,-3.063305,-2.8716893,4.1859612,7.153084,1.7266428,-6.0270452,-7.351501,1.9334383,7.4438095,3.8158479,-4.399193,1.1893448,2.0207434,-4.0768867,-3.914505,-0.07001733,6.2435384,4.7198954,-2.4761014,3.032367,4.326414,-3.155725,-7.965308,-6.0184236,-6.21398,-7.0484505,-10.0138,-9.850827,-5.2246213,-3.2689407,-5.8857274,-9.586697,-8.418784,-3.1034594,-1.1567897,-6.8777537,-15.787873,-12.798777,-8.103783,-8.437992,-10.296105,-9.235885,-7.186157,-7.286311,-9.490922,-7.969389,-7.1479692,-7.9286413,-10.431156,-12.554006,-14.763742,-9.662298,-0.5563445,0.9883728,0.80863655,-0.77698106,-9.295631,-13.903775,-14.926743,-15.557356,-14.186968,-14.83168,-13.498693,-14.661785,-12.721579,-15.287885,-17.685717,-17.56649,-15.511251,-12.396055,-11.61751,-17.42569,-17.90412,-21.374886,-24.027498,-15.42363
-13.61356,-12.0777,-13.1958475,-12.796879,-10.918178,-13.473649,-12.735018,-10.771274,-11.152234,-13.991422,-16.417881,-17.036818,-15.631151,-16.303911,-14.034796,-11.109533,-12.611258,-13.7855425,-17.163416,-20.294056,-16.862537,-16.33837,-17.687128,-21.26263,-23.133366,-20.739609,-19.161993,-20.252953,-21.685198,-21.229141,-16.724289,-10.106184,-9.706355,-10.563726,-13.2134495,-17.523497,-14.944778,-15.02648,-17.981977,-16.406948,-15.458353,-14.387349,-13.847146,-15.808868,-15.298073,-13.584284,-15.13829,-15.64649,-10.95549,-11.539959,-16.593416,-15.445356,-15.084552,-17.367678,-18.330053,-20.993935,-21.446556,-21.235283,-20.399822,-22.129227,-24.753649,-28.40818,-26.455137,-25.372856,-25.336918,-18.794592,-13.5866585,-11.185831,-11.710127,-14.33489,-15.92822,-13.607521,-12.619676,-13.868761,-18.311558,-19.785002,-15.608679,-14.115356,-16.210587,-20.79819,-19.079357,-16.758598,-15.760866,-13.498893,-11.739981,-13.713192,-14.269815,-13.027505,-14.350482,-18.678158,-21.541508,-14.343691,-6.4902444,-3.3065226,-6.3497868,-13.731509,-14.857521,-14.077797,-13.6271305,-13.145782,-12.411538,-11.645745,-11.710104,-12.239729,-11.708474,-11.519646,-13.780579,-11.4055195,-12.037016,-9.0634165,-5.1693797,0.124046266,2.5147417,0.7500099,-5.238413,-9.407592,-9.9781475,-9.532459,-8.751452,-10.066273,-12.511158,-13.091979,-10.279937,-12.889166,-9.325963,-0.13649598,4.865035,6.6108274,5.2804985,0.11213216,-2.6756954,-4.0341945,-7.003538,-7.267862,-4.7053375,-4.9705353,-6.1508565,-6.7654705,-11.7596,-14.278425,-12.414576,-10.769508,-10.449451,-10.673155,-9.087879,-10.755329,-14.644041,-12.852001,-10.626589,-12.61961,-16.94616,-17.1265,-11.282145,-10.061272,-9.469372,-12.775946,-15.72683,-15.585047,-14.432201,-17.396484,-18.545647,-20.161503,-19.100224,-18.351652,-20.189417,-20.42978,-23.14119,-23.369198,-15.99701,-13.776351,-13.749701,-12.562778,-11.88032,-10.621346,-12.945078,-15.961666,-14.526919,-12.810986,-12.441278,-11.705666,-10.633482,-12.463686,-11.664162,-13.464469,-18.773973,-16.912418,-12.355137,-9.364925,-9.9656725,-12.001878,-15.563306,-13.698187,-9.846291,-9.586216,-13.1795225,-18.212973,-17.243027,-12.581058,-6.3651,-3.2916589,-3.7656138,-3.520548,-6.1897306,-9.24647,-8.20989,-14.030886,-17.937113,-15.754608,-12.183506,-12.824905,-15.7416725,-13.939963,-11.858831,-10.157751,-10.453327,-12.854155,-14.995087,-17.717806,-14.920474,-13.100939,-9.1165695,-5.3803387,-3.520579,-4.805506,-9.4477005,-11.740156,-13.521996,-14.814865,-14.295319,-12.850643,-9.715717,-12.257683,-15.878486,-12.942749,-15.311514,-16.525124,-10.085727,-9.931722,-13.799472,-15.216593,-15.885532,-13.0093775,-11.601228,-11.253412,-14.615208,-13.810086,-12.800879,-11.475921,-13.958478,-14.74584,-12.814155,-11.976616,-12.704508,-10.943242,-8.106633,-13.14057,-15.822787,-14.036873,-17.18035,-15.362147,-11.950284,-15.05982,-15.393373,-16.299713,-13.759876,-11.351503,-15.962552,-15.021039,-11.798925,-14.848349,-9.456934,-5.6953583,-8.096945,-10.855137,-11.531926,-8.672205,-9.102926,-9.907845,-15.525351,-18.935625,-16.055294,-12.911115,-14.2279825,-15.221514,-14.300933,-15.174441,-13.168188,-14.665283,-10.226109,-9.85983,-16.964462,-18.496975,-15.906812,-13.1104145,-12.6535845,-14.675165,-20.16877,-19.926416,-20.183031,-18.755009,-17.8738,-14.844389,-14.854778,-14.878836,-18.39837,-10.261993,-7.221289,-11.955467,-15.976234,-19.035864,-18.983677,-14.674243,-13.209977,-13.597527,-13.235939,-15.002659,-15.084063,-16.305496,-13.55563,-16.613102,-17.65558,-16.885002,-16.258974,-17.126127,-17.973248,-15.437661,-17.968372,-17.718212,-18.73895,-20.907204,-23.23247,-25.818651,-25.41029,-19.612848,-20.046413,-23.400671,-24.10343,-21.040327,-16.957983,-12.724352,-13.162478,-10.426018,-8.4065695,-9.695434,-10.333319,-11.218667,-12.087465,-14.214624,-14.542216,-14.63567,-14.688076,-12.007285,-11.9549465,-12.435345,-14.744407,-17.311207,-18.333948,-14.672897,-14.266783,-16.606493,-18.005013,-17.267725,-18.265377,-18.414986,-17.50139,-19.525558,-22.449228,-23.275072,-22.022963,-19.878843,-22.314795,-21.507263,-16.112257,-2.8298008,1.2428104,1.2385356,3.2952454,1.218917,-2.6721969,-6.2610626,-7.1464105,-6.9926333,-9.349407,-8.966731,-3.0743158,1.4400189,1.3172657,-0.80942935,-3.411503,-2.8480422,-2.1658783,-4.7838626,-6.619315,-4.657969,-4.2528496,-7.9922748,-5.807556,-4.3110614,-4.363441,-4.030095,-4.0406547,-2.5382445,0.34713233,-0.23307967,-0.41905716,-0.23600756,-0.009410159,-0.75100154,-2.393974,-0.45337087,2.2099774,1.6822417,-2.9993713,-2.8429458,-4.390562,-6.871164,-7.8187423,-8.120872,-5.3287,-2.7901945,-4.9536276,-4.197622,-3.4171505,-9.06488,-12.862515,-6.7323785,-3.5615168,-3.7755084,-3.8694024,-5.278552,-11.952682,-10.707388,-9.141911,-9.699911,-12.313367,-11.391083,-6.785422,-1.7806902,0.10115045,-0.2831601,0.4616996,2.2301905,1.1378771,-3.5850406,-9.128411,-10.906439,-9.688031,-7.2089405,-9.077599,-13.497902,-12.823611,-15.438281,-16.604519,-13.450468,-12.471704,-14.02319,-15.5562935,-13.5110035,-10.345217,-9.276782,-11.409507,-11.700369,-1.6256835,5.5911236,7.18145,8.25715,10.340276,10.953545,9.726717,8.1376705,8.044662,6.965412,5.2081394,2.0265725,-0.83926076,-1.3172426,-3.1998408,-6.643203,-4.043623,-4.281796,-7.139105,-8.682883,-8.174368,-4.817361,-8.0748825,-8.538881,-3.9226594,-6.73409,-12.237907,-14.053843,-16.939358,-15.764886,-8.15919,-5.7231135,-6.6251364,-6.7795286,-9.997261,-12.871877,-7.8430033,-7.20628,-8.33175,-9.543068,-12.224622,-11.065308,-8.252623,-9.087828,-9.25944,-5.035782,-0.8783544,1.0120282,4.262672,5.854871,0.34013665,-6.088267,-6.5742884,-6.3853016,-12.434869,-11.1327915,-9.979065,-8.157218,-6.069448,1.5805061,5.0246983,-0.010994993,0.5068692,4.319986,1.8616333,5.074141,6.622176,7.412215,4.6797256,2.9109743,3.0545115,-0.21017987,-2.3456066,-3.3927765,-4.5389576,-6.2613287,-5.671942,-5.8163624,-6.690483,-7.160388,-8.230009,-8.53504,-10.541983,-8.73181,-7.093384,-8.567003,-7.4342184,-7.0082607,-8.359892,-9.349765,-12.255228,2.971911,8.3020315,8.089943,8.690562,8.263729,4.694687,0.9770128,-0.85053414,-0.8285493,-3.5102477,-6.135152,-5.494546,-7.771083,-9.2498665,-9.112534,-11.4748955,-9.334147,-8.392111,-9.565414,-11.40929,-10.39452,-9.184069,-9.468929,-12.579155,-5.5960827,1.6272209,3.935342,1.8025328,-3.2475636,-6.3164864,-7.012747,2.9983017,5.0352516,2.0722208,5.941129,4.3449864,-2.5778046,3.8424065,4.9237533,6.139721,6.222367,-0.48117626,0.078598544,-1.017654,-2.8066995,1.1968284,-0.041941702,-3.5291004,1.3772845,3.3569517,-1.5763214,-3.8315084,-5.567138,-8.464078,-10.0757265,-6.888896,-6.966173,-9.535002,-16.306015,-14.13536,-7.45463,-7.5706205,-9.710647,-8.015098,-6.73336,-8.0174265,-8.187696,-10.067404,-9.501558,-9.470436,-2.735711,3.8722816,4.268667,-0.19108774,-6.069706,-12.334114,-6.7800913,-6.1094756,-9.778837,-12.398635,-10.870989,-9.925072,-11.519666,-10.052288,-11.110597,-12.062535,-10.7116995,-9.478449,-13.149746,-15.230389,-16.51336,-16.658762,-17.182457,-16.388638,-12.959279,-12.890683,-12.472618,-11.06587,-13.777321,-14.023296,-14.6897335,-15.835761,-16.919058,-14.6772175,-16.996023,-18.572807,-16.441689,-17.685194,-17.415163,-12.7690735,-7.2608576,-7.9876184,-12.620597,-15.238407,-16.81357,-15.039153,-11.679135,-11.954912,-15.52463,-15.7322235,-17.438477,-18.707483,-22.748806,-20.50437,-21.822645,-22.284714,-23.744707,-21.48904,-12.312766,-11.948099,-16.728382,-16.76469,-15.874419,-17.0146,-20.087196,-22.455528,-22.187237,-22.130531,-21.398018,-20.3462,-19.967484,-20.464365,-22.285528,-22.7547,-20.125114,-13.730706,-11.583427,-14.8905735,-17.076693,-16.062237,-17.3919,-19.212473,-22.399252,-26.364851,-25.67053,-25.233858,-26.470015,-25.334194,-27.78261,-29.254395,-28.384409,-23.077862,-16.913681,-11.636856,-11.524067,-15.853231,-19.977856,-16.86628,-14.301571,-14.751062,-16.706749,-18.8793,-22.1664,-19.508728,-18.711674,-18.539824,-18.013577,-18.4623,-18.184313,-10.465541,-6.7071524,-9.467911,-12.136565,-12.371214,-12.561421,-15.616898,-16.041191,-14.711156,-16.105331,-20.05519,-19.636143,-20.967522,-23.958548,-25.22742,-22.014065,-15.9647455,-10.199714,-10.815741,-16.26648,-17.5864,-16.808552,-14.500868,-14.378444,-17.416656,-20.88436,-24.212845,-22.692215,-24.927803,-23.695868,-21.884113,-23.770252,-25.720963,-19.778917,-12.364489,-11.192764,-13.713246,-15.434913,-16.8056,-18.335222,-17.312347,-20.644817,-22.094723,-23.113688,-23.94105,-24.461613,-23.55267,-23.998907,-24.843842,-24.590042,-17.146763,-13.854544,-17.13351,-18.293585,-19.028137,-20.172064,-20.571587,-21.403687,-23.612364,-25.46131,-26.728096,-28.694118,-25.411224,-24.944054,-25.684666,-25.77677,-7.341756,1.3257382,2.814911,6.204634,6.2432027,1.8296677,-0.051747672,-4.2374997,-4.7591743,-5.316455,-1.9272599,-2.5056262,1.1088794,2.3969877,0.749644,-1.3710265,-3.919153,-2.2704053,-2.6309843,-6.783902,-8.972834,-4.4973927,-1.0213528,-3.254332,-5.849389,-2.209965,8.143938,12.067574,11.965567,10.807848,6.2553797,0.926212,0.116029866,-1.5085776,-0.858709,-2.5856245,-3.355727,-1.086128,-1.3408624,-6.9040847,-6.6198735,-7.5119696,-10.326848,-8.192919,-8.042098,-6.7561026,-7.043161,-10.379062,-10.343851,-12.035527,-13.988911,-15.356065,-15.255259,-12.376293,-11.09165,-9.027065,-9.63772,-11.812005,-11.261859,-13.6159,-14.384589,-13.536077,-14.148749,-11.267952,-11.745397,-18.186436,-16.23274,-16.75934,-21.17287,-22.465706,-19.592394,-11.502874,-9.478378,-11.820379,-13.899173,-15.442619,-16.87059,-14.585976,-16.509125,-16.76376,-19.547276,-18.434116,-19.02966,-17.86678,-19.666206,-20.37715,-21.567823,-21.699121,-15.78692,-15.023974,-16.020725,-15.530452,-13.278778,-13.709873,-16.496319,-18.613798,-15.754902,-13.604989,-14.764686,-17.829184,-19.748608,-16.372627,-13.7334175,-13.831251,-17.124556,-13.922578,-14.625283,-13.314959,-11.245464,-13.1111965,-16.068386,-16.283379,-15.5934105,-16.157799,-18.354647,-19.856232,-14.374391,-13.795514,-17.585106,-20.182077,-21.235086,-18.147842,-12.313492,-13.66178,-16.42096,-18.262665,-18.148203,-17.153006,-17.474674,-18.765553,-18.400394,-18.73634,-14.457085,-15.53583,-15.4723,-14.68022,-16.672775,-18.552706,-18.794764,-14.463759,-10.943541,-12.825979,-15.086864,-19.848787,-20.319794,-18.150164,-17.742966,-14.506755,-10.671491,-9.091879,-9.111394,-10.388891,-12.747575,-16.83493,-15.845121,-15.573916,-15.575243,-11.842504,-11.801662,-14.352321,-17.712809,-13.4160595,-11.470446,-12.747667,-14.349256,-15.390214,-14.957668,-14.98214,-14.909964,-15.503135,-16.582132,-15.982829,-16.600801,-16.059673,-13.435578,-11.9783745,-15.237494,-19.119976,-15.580011,-15.026249,-15.486096,-19.53366,-17.127995,-15.63974,-18.368357,-19.327394,-18.572615,-20.77441,-21.695421,-20.73098,-18.34309,-13.877256,-16.490381,-14.541971,-12.230281,-11.606396,-11.920458,-14.182421,-14.574031,-13.992242,-14.395515,-16.182993,-21.151068,-17.626852,-15.614634,-18.195028,-16.291101,-16.007597,-5.271979,1.3503581,2.4617264,4.040758,4.4147367,0.8210652,2.346355,2.7909133,1.7904825,2.5222971,1.0681603,-4.63122,-2.4576201,-1.5114725,-3.2782602,-6.6299953,-9.035978,-11.42399,-9.475124,-10.74109,-14.056353,-12.696208,-9.205299,-10.662651,-10.515042,-12.082182,-12.854005,-12.483665,-11.15453,-14.305325,-12.266485,-11.968626,-13.063868,-16.371916,-13.26446,-11.861256,-17.326414,-17.677622,-15.798577,-16.727602,-16.363781,-19.743555,-19.570614,-14.586387,-15.18134,-16.040329,-18.25691,-23.875717,-25.560875,-24.433691,-12.222172,-6.2979407,-8.693539,-14.674557,-14.198733,-13.3227215,-11.700876,-13.034967,-15.774153,-17.434483,-18.410297,-15.424336,-9.534529,-8.640141,-11.634333,-13.285643,-14.003821,-9.7340975,-8.6662,-13.875842,-18.18975,-18.539244,-17.950512,-18.295944,-18.172688,-16.7338,-19.092224,-20.053356,-20.977411,-22.547998,-21.1339,-22.670532,-25.543623,-24.11367,-14.149623,-10.8372135,-13.157359,-15.013624,-14.948417,-16.404818,-22.564142,-19.574186,-17.06424,-15.973979,-15.876856,-14.18234,-14.335569,-20.590298,-19.826254,-16.317999,-15.573772,-14.969221,-12.215925,-11.460506,-12.28178,-11.569647,-11.978631,-17.082165,-15.247427,-17.141853,-22.43582,-24.053978,-21.367903,-19.43116,-19.26068,-19.604551,-17.014652,-17.006292,-14.827662,-11.029518,-10.526437,-16.473309,-22.92222,-21.14769,-18.097929,-17.276705,-18.89252,-19.225245,-19.617891,-17.391502,-13.848124,-14.629845,-14.033242,-16.168564,-19.333311,-16.71829,-13.80457,-14.817672,-15.088507,-17.587671,-18.323153,-19.141716,-19.253056,-20.79723,-22.286716,-23.306221,-26.657352,-23.439867,-21.33126,-23.525152,-24.23758,-21.21777,-11.024608,-9.652381,-14.011358,-13.204693,-16.484348,-16.1326,-14.358734,-14.262477,-13.820762,-16.04626,-16.008678,-13.786758,-14.697286,-13.586074,-15.829682,-18.4754,-18.088459,-16.657131,-18.88906,-18.498327,-17.855703,-16.056553,-15.668931,-15.776791,-19.952051,-18.26191,-20.201057,-23.605326,-19.28048,-19.349777,-25.106287,-23.311365,-21.757568,-23.916885,-18.125765,-12.162214,-12.41283,-14.174541,-16.31708,-15.850498,-16.41993,-15.698176,-15.950157,-15.929916,-13.823761,-10.516769,-12.193783,-13.338423,-13.1691885,-10.582338,0.1945917,4.2189245,2.3841903,-2.5314949,-0.2204624,-0.15988442,-4.72647,-6.20219,-8.997616,-13.143186,-2.743463,6.8486986,7.836323,1.168243,-2.3633986,3.8976753,4.3883963,-3.4436681,-4.500762,-5.2427745,-1.2036825,-2.2445683,-4.1069264,0.24819842,1.3301251,-5.1291227,-4.5800304,-2.2599032,2.560885,-0.89412606,-6.649354,-7.9860306,-7.4687243,-8.677734,-7.5210996,-8.007827,-5.3639526,-4.2637916,-5.9802475,-9.52243,-10.042728,-8.149514,-7.8645997,-12.17368,-9.911048,-6.1846375,-4.867047,-8.136397,-11.753183,-11.913,-13.548418,-12.257908,-9.332652,-11.518451,-11.554142,-11.717568,-10.876765,-8.173518,-11.67584,-11.251297,-3.3515449,-0.22914016,-3.4322815,-5.470547,3.6779537,9.449996,11.98259,11.890458,11.342444,11.914187,12.534706,11.579229,7.346798,0.8928497,-4.1405067,-6.525853,0.018904734,2.479572,-0.45604974,-3.5014138,-3.4103436,-2.1376946,-0.3297872,-0.22918001
-6.3679676,-7.238343,-10.585947,-9.87747,-10.940672,-15.189772,-11.789196,-11.446729,-12.9871,-14.871741,-13.245985,-15.885584,-13.645965,-13.203851,-11.782069,-10.774542,-11.926891,-14.211706,-16.267435,-16.098078,-16.477816,-16.713507,-15.410168,-17.806852,-13.355288,-10.770956,-13.340275,-15.011048,-16.799248,-20.878674,-19.149874,-13.523081,-13.950378,-14.230566,-13.324764,-13.785116,-14.903137,-16.637798,-19.339624,-19.38662,-18.121578,-17.05464,-16.430733,-16.117863,-17.640984,-18.629324,-20.373037,-19.095356,-13.614191,-13.359673,-18.899567,-18.410547,-17.869446,-19.008781,-20.46255,-20.667725,-21.704536,-20.773458,-21.287628,-23.397789,-24.279306,-28.108265,-28.647724,-30.295338,-29.871136,-17.35799,-10.20569,-11.339602,-13.261146,-13.824274,-12.587428,-13.2570305,-13.07832,-13.246656,-15.15996,-15.695467,-17.537766,-20.438196,-19.429956,-19.116484,-21.801506,-22.522682,-21.450191,-14.16897,-10.876826,-13.188513,-15.961751,-16.48999,-18.373291,-22.970654,-24.455257,-16.022947,-8.801707,-3.9335313,-4.939797,-13.216005,-15.746548,-13.869329,-13.944775,-14.19449,-11.046574,-9.882018,-14.528369,-15.141425,-12.171553,-11.903364,-12.065157,-12.144822,-12.211265,-7.8090506,-2.1727307,-2.2698894,-6.800555,-13.477184,-16.074236,-15.958483,-14.329632,-10.90819,-9.709752,-13.3678,-14.315616,-15.388299,-13.869037,-14.675699,-12.282408,-10.162514,-13.4282255,-10.013331,-6.229181,-2.1207883,-1.969332,-6.452303,-7.5195684,-5.4781704,-6.839757,-9.255538,-11.340623,-14.213047,-15.487724,-15.051878,-12.643148,-11.136743,-12.488968,-17.40781,-19.175737,-17.18841,-16.050438,-16.793753,-22.408508,-19.638811,-17.74839,-18.112661,-12.443419,-9.618421,-5.922358,-3.7806115,-4.5130134,-6.2920527,-9.738606,-17.171059,-20.944435,-16.903538,-15.702657,-19.78299,-18.50572,-18.723045,-23.278881,-23.062473,-15.003954,-11.156488,-10.330431,-10.6096735,-10.934953,-11.712579,-13.371858,-16.83449,-18.036577,-18.018673,-18.968758,-14.006403,-7.4803395,-6.7165656,-11.660085,-13.37793,-17.02761,-16.96673,-11.8385315,-10.111498,-13.340574,-16.183495,-18.962795,-17.090889,-18.608557,-19.121916,-20.137232,-22.556854,-20.362984,-13.986704,-8.290434,-3.6438916,1.1521142,1.5595793,-3.8967628,-6.0909386,-5.918706,-7.344839,-9.450012,-12.652578,-12.539407,-13.691942,-11.757729,-11.326779,-14.820976,-18.103403,-20.295296,-18.542566,-16.736639,-16.490799,-16.276402,-13.947349,-12.328148,-9.2852545,-9.104972,-10.50374,-15.317641,-12.943943,-14.141161,-16.455984,-17.536463,-19.618938,-18.27869,-15.443127,-15.039631,-13.08723,-14.517112,-18.727337,-15.132034,-12.451991,-13.040725,-13.091689,-12.974747,-14.454624,-16.142908,-15.392629,-15.424458,-16.284506,-16.650995,-15.3527355,-13.763743,-14.372697,-16.366602,-18.664171,-23.286093,-12.988782,-9.728259,-13.878668,-17.957777,-20.339012,-21.036041,-16.278566,-13.873253,-13.722915,-11.68903,-13.542818,-15.01295,-14.518027,-16.8865,-15.180539,-13.849654,-13.872594,-10.393182,-8.741413,-11.744818,-13.136033,-13.999205,-13.193789,-15.469594,-16.919144,-20.602364,-20.328999,-18.897879,-18.315985,-18.89959,-19.057472,-19.623764,-21.070814,-20.983032,-22.464622,-21.222225,-20.486916,-21.230814,-23.759611,-26.44518,-24.106071,-25.548666,-22.690268,-23.007622,-24.15342,-24.646408,-22.149239,-21.812698,-20.93306,-21.472492,-22.11133,-24.129026,-16.525396,-15.52083,-21.70726,-21.169374,-22.66075,-24.045858,-19.682272,-17.240707,-17.043644,-16.874199,-21.615997,-22.993004,-22.661911,-20.814808,-23.562052,-22.479706,-19.759317,-20.363447,-21.216814,-22.099066,-19.944645,-23.10976,-21.564457,-21.857817,-23.774118,-25.743881,-29.402359,-31.020773,-26.232868,-27.276077,-25.947935,-27.513279,-24.724657,-21.220192,-16.226137,-15.376652,-17.241106,-15.180739,-14.835108,-14.737743,-15.365847,-18.000372,-20.28048,-20.918943,-19.319538,-19.187967,-18.563221,-18.908169,-19.57028,-21.69867,-21.83076,-15.510948,-16.476847,-21.17134,-20.29129,-18.716913,-18.251144,-19.964138,-20.749714,-19.281075,-21.196445,-22.348343,-23.571411,-24.841064,-24.102371,-26.363089,-24.443611,-13.784859,-2.8649447,-0.49657223,-3.3569982,0.81763977,1.6477174,-5.924277,-8.540094,-8.055387,-9.212116,-7.011214,-2.130093,-2.3877778,-2.045282,-2.6174164,-7.052329,-9.7003975,-8.770953,-10.330895,-13.258909,-15.820854,-11.387525,-4.3162317,-3.3794527,-6.597311,-8.610804,-7.390956,-4.3925085,-6.0146856,-7.306963,-7.6299567,-6.782046,-6.987211,-8.746731,-13.683088,-12.052994,-10.883073,-7.694225,-3.8434947,-5.3774405,-9.548729,-11.765812,-13.190556,-12.09952,-7.7982826,-5.1632953,-8.285295,-15.84845,-18.991821,-15.061759,-12.851943,-16.532661,-15.277037,-12.358094,-11.883652,-9.283484,-8.619465,-12.351465,-17.522612,-17.065336,-12.761505,-2.4560065,4.521001,7.917486,7.2282295,0.5659819,0.94279957,2.3442557,-1.0176042,-3.0210238,-6.9998126,-10.313302,-10.896866,-8.513819,-7.615137,-10.703503,-10.798656,-10.6327,-13.001879,-10.216093,-5.7575107,-2.2783515,-1.9435536,-2.7838144,-5.5591564,-11.70533,-11.307289,-10.473961,-8.013664,-9.615742,-10.192013,-6.419364,-1.2702161,3.1996262,6.235529,7.0371156,4.6973224,0.19156003,-0.25680414,-0.91434234,-2.461204,-8.934141,-11.05703,-6.0273952,-8.019346,-12.1967325,-8.299514,-8.182189,-12.77316,-17.194801,-14.885717,-11.260333,-12.931658,-13.690399,-11.173441,-13.808961,-20.95767,-21.056862,-21.225742,-21.982458,-14.911418,-11.344,-9.731289,-10.825737,-13.396687,-14.860297,-13.028418,-11.18585,-12.616739,-14.393713,-15.539078,-12.901272,-8.806626,-9.894396,-4.8126326,2.380075,3.2189422,2.8065772,2.1148396,1.3601015,-1.3603423,-3.9016247,-5.7526727,-10.651317,-13.280727,-10.960666,-13.257632,-10.500683,1.1537458,5.223722,3.3979144,5.2412405,7.361769,7.6350017,6.661861,4.6726785,4.965311,7.4421663,8.468803,6.428568,4.748372,2.3218987,1.2430514,-0.18768154,-1.0479813,-2.331529,-2.58947,-4.6109905,-5.088734,-4.934282,-6.518627,-8.718383,-7.9387054,-9.039703,-7.672142,-9.975144,-9.083007,-8.959278,-9.861285,-11.032406,-11.632791,-0.03921123,3.7622771,-1.0307393,-8.918944,-8.006567,-4.464039,-7.60943,-9.328521,-8.606447,-9.391523,-10.481367,-11.083394,-12.062659,-16.15208,-17.068863,-17.775995,-15.382689,-14.469047,-17.165462,-17.159359,-14.768468,-15.8964205,-17.131765,-16.96611,-3.4970877,-2.3547134,-6.898778,-7.347184,-1.4791752,3.9189255,5.5609255,2.9334757,5.931106,6.014686,2.6105082,0.6086194,5.958831,7.593925,1.4323211,0.46425912,6.5055723,5.898804,-0.992396,-0.7404941,4.330961,2.547154,-2.0300407,-5.008256,-3.7533932,0.99680936,0.6887002,-0.46397817,-4.276594,-6.1774726,-4.9298368,-4.7057667,-7.487071,-8.341079,-11.130272,-10.897388,-8.735339,-7.726267,-7.3789682,-7.7039332,-5.9802365,-8.166172,-9.899455,-11.261363,-9.858015,-7.377303,-1.749875,-1.8975412,-1.7413615,-2.155067,-6.1725926,-9.713383,-12.674769,-12.340146,-12.847857,-14.872413,-12.949023,-11.418958,-14.32008,-11.683811,-12.021492,-14.590697,-14.337763,-15.17779,-13.970193,-13.693973,-14.499674,-16.735817,-18.379074,-16.187649,-13.397985,-13.081362,-16.362888,-18.961393,-18.382874,-19.918434,-24.735748,-21.928516,-19.293211,-15.486363,-13.267058,-13.5505905,-13.099228,-13.585466,-13.718655,-14.859639,-8.7157,-9.922178,-8.221091,-7.4996686,-8.409607,-8.328917,-12.800627,-13.744784,-14.583301,-14.700175,-15.820571,-15.48334,-16.20708,-17.640287,-22.491516,-23.782333,-22.859097,-20.297976,-11.464286,-11.405834,-16.80057,-16.747602,-16.429401,-17.405855,-20.256548,-22.7965,-21.075089,-20.751846,-22.240257,-21.121094,-19.367346,-20.217123,-22.97322,-23.948946,-23.073612,-14.844482,-10.096093,-15.098457,-22.877321,-20.89361,-22.050333,-23.714764,-25.728725,-30.123573,-29.43279,-27.31466,-28.978155,-31.438393,-33.29782,-32.90847,-30.594233,-23.35472,-14.270325,-10.630866,-11.222005,-16.974543,-21.467955,-18.810104,-16.208061,-16.471283,-18.652447,-21.236916,-25.633526,-23.880121,-21.893002,-20.96811,-21.161034,-21.55289,-19.746859,-11.69792,-8.781987,-12.526197,-15.109387,-16.543896,-18.177757,-21.684246,-23.724434,-21.46704,-22.787506,-26.882322,-26.73517,-25.654467,-27.498243,-29.062012,-29.3727,-22.182125,-11.763259,-10.477658,-15.455674,-20.637173,-19.601809,-16.804935,-17.38354,-20.547829,-25.229927,-28.294796,-25.365002,-25.340557,-25.137613,-24.627457,-25.64941,-30.192196,-22.613821,-15.441426,-13.648975,-15.84906,-17.980171,-20.328701,-20.725727,-18.82436,-20.99926,-23.47731,-23.65201,-25.363186,-25.17826,-24.135454,-24.503128,-25.72737,-26.644403,-17.493155,-15.330348,-18.724094,-22.483332,-24.8052,-26.095966,-23.834057,-23.773895,-26.018158,-26.26764,-28.000835,-30.446589,-30.08168,-26.961172,-26.823029,-26.140614,-10.310222,-0.71401536,0.32977444,-2.260094,-1.2334261,-1.212091,-1.6763073,-6.0807366,-9.120164,-6.0450764,-2.6805239,4.044141,7.6295323,9.345285,7.880838,5.967969,8.681408,8.165338,7.2406836,8.994316,8.14921,1.8502551,-7.734083,-9.1244335,-6.8932443,-4.95518,-5.207945,-5.06373,-3.1636343,0.10904237,1.0836552,-3.1734347,-1.9147356,-3.0285575,-2.5652826,-2.9120226,-4.629955,-3.7940211,-4.6410947,-7.6630473,-3.895359,-1.5590324,-5.2496357,-4.5155864,-5.182949,-8.425784,-10.495142,-7.778945,-10.337191,-10.974826,-9.149059,-10.0184965,-10.350662,-9.421567,-9.230765,-9.896467,-10.598532,-8.429404,-11.831836,-13.641562,-12.098627,-12.8371315,-13.8261175,-17.110798,-15.952639,-13.937838,-17.996563,-20.509832,-20.399063,-19.33023,-20.363976,-15.661683,-12.876619,-17.602127,-19.5066,-17.365854,-20.320852,-21.1334,-21.24828,-20.101051,-15.2344,-14.463232,-19.294903,-21.79777,-22.40114,-21.14283,-22.811996,-21.672943,-12.990353,-12.752707,-16.372175,-18.97462,-19.674362,-21.348412,-24.061697,-25.11126,-24.362541,-23.288036,-21.719242,-21.523617,-22.156876,-23.030594,-23.110596,-25.48618,-26.468363,-17.190783,-18.829447,-18.182861,-14.64974,-14.672719,-16.463945,-18.232752,-19.088875,-19.943073,-20.897995,-21.726871,-17.678972,-16.487228,-21.347202,-21.594643,-21.606258,-17.92154,-11.600132,-10.618792,-12.270945,-15.488749,-16.058832,-15.766514,-15.319172,-15.9629545,-17.732975,-18.6779,-19.880817,-19.578663,-18.545174,-17.64618,-17.967497,-18.842232,-20.20798,-17.675745,-12.9513,-15.588888,-19.675915,-19.270187,-21.408981,-20.585388,-19.630848,-16.76973,-13.598056,-10.94536,-9.962689,-10.566528,-12.592289,-18.461706,-19.825905,-20.028288,-14.62164,-10.300859,-12.143012,-16.794827,-16.737028,-18.533417,-20.494068,-20.171124,-22.751398,-23.130802,-21.323227,-20.32896,-19.457651,-20.868835,-22.11,-20.824587,-22.286888,-20.26015,-14.879102,-12.787065,-15.5806465,-20.771881,-23.218384,-21.232464,-19.89421,-20.758524,-16.504814,-14.935823,-17.411745,-19.094706,-14.834434,-15.7037525,-16.42933,-16.694698,-16.119368,-11.672635,-14.017799,-15.659878,-16.373762,-12.532946,-9.49396,-12.993624,-16.985218,-14.248542,-15.548544,-20.053974,-23.764742,-20.419224,-19.569498,-15.9654,-12.683529,-10.947994,-2.9508975,0.7179489,2.7575746,1.6899942,1.2791054,-1.2037174,-0.85441816,1.5707302,2.8594122,1.9507562,5.526066,3.9239235,2.3091679,-1.7427362,-7.2180357,-8.446435,-8.855297,-5.688476,-5.0260696,-8.623543,-9.455432,-11.6285,-8.881382,-3.438643,-5.68531,-12.099621,-12.39524,-14.243279,-12.476798,-14.242794,-15.890587,-18.320263,-16.986725,-16.231426,-15.002971,-13.954352,-16.965984,-16.85848,-15.235945,-16.42076,-17.237392,-20.006533,-22.527454,-18.002508,-15.646805,-15.895971,-14.894363,-14.939166,-19.878885,-23.361101,-19.252666,-12.451648,-12.047386,-16.765535,-17.731337,-18.75508,-21.710373,-21.568485,-19.118422,-16.692741,-16.931889,-14.064394,-12.465143,-13.05874,-16.79429,-18.235996,-18.422804,-10.464214,-9.070424,-13.646783,-15.747404,-15.270596,-13.439713,-13.692297,-15.759356,-14.723148,-15.838909,-17.323511,-18.602541,-21.225655,-20.858475,-23.358574,-25.47311,-22.177979,-14.395305,-12.058529,-14.345008,-18.759377,-20.695618,-24.285727,-25.346718,-22.63892,-21.647264,-24.80154,-22.809532,-21.72658,-25.056993,-27.54126,-27.653637,-28.10769,-22.42587,-12.006187,-10.420538,-11.778703,-13.512075,-16.364159,-19.92442,-23.03621,-21.589165,-22.476067,-25.459623,-27.6068,-24.95716,-24.292393,-26.000214,-28.293486,-29.12195,-27.286179,-16.252161,-11.472733,-12.337047,-20.216837,-26.274614,-25.150063,-22.7256,-23.794834,-26.249615,-31.294699,-26.31461,-23.29464,-22.169445,-24.65414,-25.997513,-28.17172,-25.149574,-14.985367,-13.522886,-16.803629,-21.610945,-25.344105,-23.652525,-23.86822,-23.814287,-27.889622,-33.206818,-34.08183,-31.32737,-28.660696,-27.70071,-29.14324,-30.706518,-23.461586,-16.863125,-17.128479,-19.806515,-18.324116,-21.917131,-25.125439,-22.99406,-20.263145,-19.689081,-21.078693,-24.36171,-26.151089,-24.353882,-22.108387,-24.607792,-25.828064,-25.894806,-17.401806,-15.057048,-17.706797,-20.650595,-20.621918,-20.776936,-22.139484,-24.249975,-23.23734,-23.415287,-24.063385,-23.688572,-23.647182,-24.841146,-25.848877,-23.735657,-26.58035,-20.265444,-14.084801,-16.213514,-19.745008,-20.435545,-19.179575,-20.36438,-21.085451,-21.986715,-22.767933,-14.810924,-10.968164,-14.863606,-19.519827,-20.531555,-16.002018,0.31686854,5.089941,3.0066826,4.5510178,2.4874196,-3.7190576,0.585427,5.1567574,4.4424124,3.9562418,0.98618025,-0.054349735,4.0728183,5.126777,3.9221473,2.2069607,-0.9091478,1.1543682,0.89748853,-2.950058,-6.3735676,-7.3498583,-6.120488,-5.170202,-7.8873234,-4.414535,-3.2346427,-6.27899,-2.1720285,-0.8805046,-3.2669733,-6.1406975,-7.390994,-7.406371,-9.088298,-10.993247,-13.930764,-11.507006,-8.564437,-9.266454,-9.708342,-12.999079,-13.508799,-7.3502474,-6.1185226,-8.254818,-10.435751,-11.449537,-13.876501,-12.870021,-11.36354,-10.189315,-6.4510393,-3.035986,2.5664363,4.2522593,-1.027022,-6.652668,-5.510234,-4.4016204,-5.6016564,-10.144787,-3.220006,6.2218547,7.767194,6.339658,5.946745,6.18338,7.4612164,9.194053,9.8100395,8.78578,5.5856943,-0.36628592,-2.839342,-3.2002828,-1.1420233,-2.0283937,-5.8959246,-6.6801453,-4.606831,-3.3230186,-3.0602074,-3.90643
-4.8450136,-5.355117,-7.850578,-7.442317,-9.133619,-15.521738,-15.866718,-14.09464,-13.007649,-14.187939,-13.029076,-16.631462,-13.895332,-13.38472,-15.035876,-14.164108,-13.503557,-16.226694,-18.778742,-17.830055,-21.059338,-19.905813,-15.266655,-16.504248,-10.868145,-8.124865,-11.067579,-13.019239,-15.100128,-19.804039,-21.346718,-20.253593,-13.772878,-12.427305,-12.03133,-10.978212,-12.102768,-15.31864,-19.734455,-21.735592,-17.074675,-14.00728,-15.08669,-15.653603,-17.386093,-19.986784,-22.446611,-18.504347,-14.344926,-13.517853,-12.982713,-14.964265,-16.549084,-17.322357,-17.766773,-14.927835,-18.100594,-19.31925,-20.058891,-21.559343,-19.954815,-22.711039,-24.756258,-26.27537,-29.179043,-19.575077,-12.625972,-11.988791,-11.8885975,-12.043896,-9.342285,-10.248024,-10.1579,-10.561968,-12.022605,-11.608713,-14.18652,-17.251762,-15.266,-16.07193,-20.287073,-21.062847,-21.135206,-14.962672,-11.649184,-15.336662,-20.27967,-23.80926,-25.25696,-25.49175,-24.647018,-18.324875,-11.244011,-7.5953016,-10.728035,-14.946765,-15.369774,-12.603053,-13.9023075,-17.593304,-12.841835,-12.875978,-15.702697,-13.752331,-9.518792,-9.050291,-9.561617,-9.19593,-11.043882,-12.445823,-6.7948527,-0.7562638,-1.3694074,-6.0004406,-11.144545,-13.625041,-15.213126,-13.939601,-14.497992,-12.784719,-11.619732,-14.171095,-15.01071,-13.102873,-9.928707,-5.1711035,-4.2738132,-2.4990938,-2.087739,-5.6215467,-10.977623,-11.06051,-10.905573,-10.010466,-9.379376,-12.128407,-13.751507,-13.763275,-12.6654,-15.456253,-17.605352,-17.185781,-19.265673,-18.088192,-17.863705,-17.511906,-16.734426,-20.480507,-26.343636,-28.506727,-27.019024,-23.442715,-18.35971,-9.333557,-4.1144834,-4.255007,-7.3128786,-12.198126,-14.744553,-18.087069,-22.756233,-18.634481,-19.649374,-21.241661,-17.127066,-18.546158,-25.110933,-23.62221,-19.971336,-10.23419,-6.403512,-8.06012,-8.665902,-9.426629,-11.319164,-15.180435,-19.413387,-23.063023,-19.925066,-13.663641,-9.593497,-10.142388,-12.558601,-12.024319,-14.1184845,-18.320023,-12.228394,-9.370179,-12.289665,-15.535633,-13.078901,-13.612443,-15.521178,-14.617782,-17.99199,-21.22346,-18.53545,-13.428995,-3.9298751,1.9688632,3.8671794,3.9069734,-0.41964874,-2.4132566,-2.1839063,-3.6542172,-5.782986,-9.631148,-10.200296,-9.811128,-8.151265,-8.496244,-11.040606,-14.514028,-19.205982,-18.713564,-15.547061,-14.025936,-14.047786,-13.320633,-13.771938,-13.680574,-12.961323,-8.613963,-9.436851,-10.019769,-11.897136,-14.8179,-13.993399,-11.885348,-8.074693,-9.288734,-8.700716,-9.186249,-11.948233,-13.319992,-13.33291,-10.568276,-10.40799,-9.990398,-9.532997,-11.075428,-13.872357,-12.683984,-10.450808,-12.943873,-15.974995,-14.588335,-9.24094,-7.012902,-10.873491,-17.645844,-14.4618,-12.764377,-11.23042,-13.666316,-16.78756,-17.958258,-17.250877,-16.941845,-14.270896,-12.848405,-12.34921,-12.309721,-15.180015,-21.038723,-21.041786,-16.409023,-13.725963,-15.831011,-13.982628,-10.532174,-11.650625,-14.400011,-16.245567,-17.09097,-16.874481,-18.552603,-16.8931,-16.020248,-18.10028,-19.007164,-19.061739,-21.240334,-21.976545,-21.156967,-20.716137,-19.613655,-17.650314,-16.238058,-17.798979,-19.221119,-20.778889,-22.31583,-22.63674,-21.649656,-22.88539,-24.849258,-23.494602,-24.822456,-24.272917,-23.298323,-23.95705,-25.266254,-17.981634,-11.687176,-14.602573,-19.936613,-22.067879,-22.570612,-23.886078,-27.01236,-26.88543,-28.532011,-28.26803,-27.768116,-29.626265,-28.904186,-27.8819,-28.456966,-26.967945,-21.963528,-18.712467,-16.957973,-18.327091,-18.204462,-18.771242,-22.947035,-22.738892,-25.393421,-27.763275,-30.324562,-28.850597,-28.965096,-25.669666,-25.976757,-27.938034,-24.439724,-20.220612,-18.067211,-18.12987,-20.549305,-22.369808,-23.273727,-25.132673,-26.882679,-26.79958,-25.145065,-25.815521,-27.7619,-30.086418,-25.378304,-22.144783,-23.420897,-26.833727,-23.561022,-12.220292,-12.371434,-16.748917,-19.595675,-18.664482,-19.600576,-19.916285,-22.075083,-23.458595,-23.820705,-24.546276,-26.061768,-24.496376,-23.776157,-22.30445,-21.918165,-12.229505,-3.4061954,-3.9871812,-8.1180105,-5.272956,-1.153592,-4.0501637,-5.374796,-8.580588,-11.967457,-9.037209,-3.5954475,-6.234804,-12.632371,-12.852612,-10.749113,-7.781091,-7.797043,-8.459326,-7.5839376,-6.1522627,-5.4730616,-5.176358,-4.668706,-8.099485,-8.09903,-7.363987,-8.561881,-11.116533,-13.327827,-13.362546,-10.087275,-8.326055,-12.602896,-10.333814,-3.4843674,-1.8929105,-4.5140796,-8.473783,-11.14744,-12.790001,-8.187093,-4.774767,-8.1299095,-15.410823,-13.88877,-10.7204075,-5.2847166,-0.37400067,0.32852036,-3.8943071,-7.9756804,-12.151791,-10.331354,-11.353601,-12.733582,-11.206385,-10.201447,-8.606459,-10.865389,-12.640564,-8.174341,3.862438,10.615896,10.623078,7.455666,9.913581,11.317074,7.5837708,4.642088,4.4602995,4.3205767,1.6656275,-1.1398592,-1.345434,-2.7694397,-2.663877,-1.8535576,-1.9234937,-0.9695062,3.0080662,5.871856,3.1217337,-1.0689104,-2.5203598,-2.9289567,-1.0232232,-3.8868191,-3.5198522,-5.735571,-7.241385,-4.8599057,-6.68277,-8.154881,-13.372258,-7.4943666,-5.9797688,-9.492273,-10.580506,-13.7906885,-13.637389,-12.834858,-14.738626,-11.908386,-10.252381,-11.50462,-10.594162,-12.5515785,-16.755482,-16.530577,-18.539783,-18.171679,-16.427856,-15.254883,-16.454353,-20.623198,-24.880058,-23.293741,-23.417027,-24.734095,-19.606632,-17.406155,-18.807663,-19.860737,-19.077291,-17.2844,-19.984417,-21.557587,-22.439,-21.848259,-18.535978,-12.388828,-10.0703535,-8.745466,-7.7497063,-4.4141636,0.39199328,3.3832216,4.169989,2.9776847,-1.35691,-5.4610453,-6.866691,-13.375055,-16.935057,-14.138353,-12.963047,-9.9513035,-0.1142649,4.1728177,2.7087317,2.891208,1.0979233,0.10054749,3.3672442,3.7484179,2.8297248,4.2904587,5.352302,3.478178,2.7090406,3.2346287,-1.0574417,-4.004484,-2.8634267,-4.7348127,-4.016333,-4.0274854,-7.290964,-9.7381735,-10.088764,-11.722299,-10.18127,-9.793302,-10.483519,-10.420742,-12.131554,-13.253563,-11.595784,-12.133956,-12.928823,-10.444484,-10.102968,-5.802386,-0.8717391,3.8596656,5.69628,4.4474654,1.5971671,-1.611846,-6.564125,-5.519839,-5.321035,-7.4883895,-8.456574,-9.6136465,-9.033468,-11.292457,-11.568905,-12.529054,-10.976525,-8.788069,-12.703594,-18.394308,-11.5440645,0.82012355,5.408096,0.6631898,3.463923,6.4324946,5.8524857,8.795279,8.282793,5.274126,7.2525396,2.9944787,5.0796103,7.754708,5.0576773,3.2825904,3.4001935,4.1640987,9.38088,7.9487157,6.6210694,7.442524,2.9298046,5.5263257,5.8720264,6.137439,1.4070122,-0.3306031,-0.5602437,-4.788246,-3.061497,-1.8100864,-2.8948796,-3.0710669,-3.5466192,-4.046317,-4.3788767,-5.462802,-4.086978,-4.991227,-7.044696,-8.947779,-8.735147,-8.356149,-7.689535,-5.331134,-3.5612547,2.6313438,2.7251735,-1.8179126,-1.1783271,-2.8043675,-6.322103,-8.7295685,-9.630929,-11.924859,-12.719915,-10.50593,-8.40275,-10.546017,-10.050191,-12.098447,-12.233854,-11.818381,-9.918421,-7.189408,-8.968781,-10.589163,-12.459746,-14.668013,-14.757718,-11.789218,-12.692997,-17.208408,-19.861862,-15.727669,-16.462427,-20.961103,-21.52927,-17.654295,-17.478622,-18.672693,-17.306725,-14.181333,-12.570157,-9.334543,-5.8525133,-3.7495816,-5.2731996,-7.8502626,-9.02719,-12.1933565,-13.953627,-11.944146,-12.403764,-10.38661,-12.356958,-17.701939,-14.933616,-15.240659,-17.02288,-19.295155,-19.081446,-21.145687,-20.661652,-14.832779,-11.38548,-11.2684555,-14.870478,-17.398157,-19.142063,-21.107876,-21.881838,-19.334484,-18.277617,-21.573982,-23.669928,-20.968302,-21.929358,-25.329607,-24.775774,-19.52524,-16.205713,-13.252148,-14.593377,-17.906572,-16.882904,-16.995317,-18.41412,-23.479452,-26.94654,-27.692678,-24.995079,-25.894592,-26.32729,-23.961733,-25.908073,-29.969957,-20.764729,-7.9366617,-7.115579,-14.482985,-17.026356,-17.623936,-19.107222,-18.682209,-20.540413,-24.533699,-24.649128,-21.899342,-24.661062,-28.75841,-25.556757,-25.585802,-27.031832,-21.046997,-14.033872,-12.091917,-12.303537,-17.496006,-20.521446,-19.604288,-17.727448,-17.68841,-18.879168,-22.931406,-23.275785,-27.7059,-25.431395,-21.144154,-21.777939,-26.805307,-20.284472,-12.133888,-12.698478,-15.962692,-20.25642,-18.96505,-18.462828,-16.406328,-18.604858,-21.228754,-19.590672,-18.975409,-21.862566,-23.278101,-22.413628,-23.421585,-26.676283,-20.764194,-10.875965,-10.926298,-14.65865,-16.320244,-15.78327,-19.223635,-23.749996,-22.736244,-25.249807,-28.635185,-28.01137,-27.146528,-27.77565,-28.49416,-27.350151,-25.59031,-15.60237,-13.731157,-18.146986,-23.399761,-25.58566,-27.756836,-25.947556,-24.21532,-24.38269,-23.395273,-24.53263,-25.312548,-27.131002,-25.648941,-23.971264,-21.786663,-13.79017,-7.238014,-1.5126727,-0.021637792,-2.4809654,0.8132034,1.214466,-2.5244894,-10.248004,-7.960076,-3.954451,-2.7391317,-0.21472745,4.052077,4.1869226,5.5167527,9.859265,10.628494,10.128061,10.732149,8.372862,1.7316275,-3.3150988,-4.5617213,-2.6905222,-1.7221533,-4.7559447,-1.7094702,1.7742279,-0.10652885,-2.5222654,-4.63726,-4.33804,-3.0051482,-1.3059055,-1.3150592,-4.028873,-2.926239,-5.312979,-7.685899,-3.9435172,-0.047696214,-0.638608,-1.5365782,-2.4172597,-2.725884,-4.3759336,-5.1972194,-7.773656,-8.496018,-6.9625015,-7.505006,-7.9550714,-7.855272,-7.9902406,-9.608379,-5.2966976,-4.608751,-12.572418,-11.917862,-9.310125,-9.62963,-9.671872,-9.885544,-11.988482,-11.498288,-15.677594,-19.10734,-18.42866,-16.61104,-15.309161,-14.444334,-15.572239,-17.273638,-15.956329,-15.315776,-14.754573,-16.076008,-19.222336,-18.746717,-23.367657,-23.746586,-23.155462,-23.48298,-22.226437,-24.433374,-27.497677,-24.201565,-15.884819,-11.103163,-11.681646,-17.476612,-17.024088,-19.128407,-23.600634,-23.45494,-23.039463,-20.676266,-19.561802,-18.825487,-19.682764,-21.82475,-21.964075,-25.333616,-25.838257,-17.645035,-20.006527,-24.195805,-23.581474,-25.03771,-29.207056,-28.182795,-25.96699,-27.8883,-27.150887,-15.731372,-11.257469,-13.702881,-19.056742,-20.1768,-21.66011,-18.694813,-14.199282,-12.59411,-11.685571,-13.119116,-14.243713,-12.200767,-12.605995,-13.577915,-15.482279,-16.517958,-17.239557,-16.813324,-17.225973,-15.578175,-14.678994,-15.074625,-17.402605,-17.676998,-17.3861,-16.219551,-14.367837,-12.509013,-14.100821,-13.636272,-14.468093,-19.753775,-20.672247,-16.352491,-12.99396,-13.094234,-16.617931,-22.347027,-21.546871,-19.279516,-13.513207,-12.838383,-12.0843935,-15.458565,-15.3210945,-16.155802,-21.317484,-21.552217,-20.455013,-22.370787,-21.757053,-21.436377,-20.862339,-18.413065,-21.027105,-24.745632,-25.073069,-23.718967,-17.368149,-18.790228,-22.40713,-23.739397,-24.314629,-25.099564,-27.991219,-23.161663,-12.828194,-10.896679,-15.645537,-17.973269,-14.484362,-12.429945,-17.000805,-16.32322,-14.964821,-11.886383,-13.1013,-15.626306,-15.648113,-9.597453,-6.5400176,-11.064716,-12.91658,-11.98923,-13.788315,-13.804806,-17.85818,-21.851397,-21.673988,-17.16819,-15.471771,-9.486875,-2.6938744,-1.8604121,-3.8720357,-3.149199,-0.6909489,2.091108,3.3122752,0.6354221,-0.99026674,0.04785429,1.3739425,0.98891497,-1.4359635,-1.5547516,-0.3039438,-1.4399405,-4.803134,-5.1394405,-3.8171816,-4.888883,-5.009986,-9.050506,-4.6213613,-1.8524431,-5.7706904,-9.321557,-12.700872,-12.977458,-12.562779,-10.665965,-9.987969,-14.6140585,-14.477217,-14.552671,-12.525761,-11.625985,-14.711944,-17.779232,-16.049162,-17.646624,-17.311552,-18.573717,-20.333656,-13.304328,-11.051017,-13.055272,-12.139525,-10.53071,-14.581545,-19.413118,-18.695099,-12.088527,-11.192159,-12.920433,-10.754672,-11.030148,-17.50197,-18.03204,-15.012985,-14.404078,-14.781661,-12.150397,-7.947895,-5.5464916,-3.7164984,-6.4758325,-9.430751,-8.825324,-9.564636,-11.675797,-14.938021,-16.659058,-17.07705,-17.546886,-19.541302,-20.703728,-23.39011,-25.082684,-24.346092,-25.218115,-21.40052,-23.492886,-25.714008,-24.249956,-13.873686,-13.623265,-16.853807,-16.242453,-18.980894,-23.736282,-22.140911,-23.648378,-24.642305,-24.627026,-21.43633,-18.462267,-20.46139,-21.881378,-27.212414,-33.122746,-24.975729,-17.397367,-16.660297,-15.176329,-17.40192,-16.25814,-12.22631,-15.353127,-19.143454,-19.550224,-25.060333,-24.126495,-25.442827,-24.76229,-22.853645,-23.230124,-25.231586,-24.583366,-13.923889,-10.8532,-14.411295,-19.637579,-22.974602,-24.663479,-23.201515,-24.797184,-26.066387,-26.774292,-18.478811,-14.179735,-15.285398,-16.689413,-20.97617,-27.659412,-21.265171,-11.594071,-11.600642,-15.68046,-18.836462,-20.846874,-22.614347,-23.757353,-22.990257,-24.025791,-26.09667,-26.480892,-27.301043,-28.05134,-29.18089,-28.584177,-28.316345,-27.58812,-19.881008,-17.984694,-22.095428,-26.311666,-28.580198,-28.391918,-30.171516,-33.08456,-35.053703,-36.427765,-33.35968,-19.859798,-15.46031,-15.6024685,-19.685642,-19.206917,-19.17392,-18.607037,-16.207964,-16.105152,-17.274363,-19.748024,-19.276402,-19.899176,-21.372238,-20.84379,-21.819168,-23.539227,-20.919613,-18.714611,-21.50045,-25.596628,-27.936268,-28.643293,-19.829103,-15.804709,-16.803226,-15.232619,-16.44608,-17.412619,-16.55945,-18.207747,-16.60157,-21.00176,-18.130772,-15.004692,-16.936768,-23.947144,-22.757761,-19.687986,-3.859242,4.133051,1.8552732,-0.83518445,-2.2340212,0.052838754,6.305073,9.30664,10.527025,7.513127,5.0916963,3.8037846,2.1526046,3.0273046,3.2529235,-2.4185097,-2.0812187,-1.3530111,-2.3614147,-1.4267342,-4.4376717,-6.197034,-4.0482135,-4.0813737,-6.0672927,-6.494832,-6.4617214,-9.523753,-10.241643,-6.9731383,-5.9173207,-6.70109,-8.299626,-7.799843,-7.180752,-8.543058,-12.737279,-10.633617,-7.409404,-8.000158,-7.003125,-8.598024,-4.8637576,-0.59077376,-3.5096884,-10.781012,-13.417572,-9.897692,-9.093561,-5.4144454,-2.1224954,-3.640008,-6.8127303,-3.8537405,2.8040862,6.957689,6.7870245,2.189961,-1.298181,-1.5765346,0.048795328,1.5644084,7.9884205,10.227257,5.782565,-0.06351813,-1.6417589,-0.9699654,-3.240739,-2.9065135,-2.773875,-4.493182,-7.3148065,-2.4895592,-3.2785356,-8.124096,-8.325206,-8.61401,-7.7489324,-9.8664875,-10.106201,-7.425918,-8.393538,-11.482917
-19.067177,-20.497654,-19.538017,-20.816622,-21.901968,-22.322634,-20.34042,-19.491327,-20.36914,-25.672173,-26.343658,-24.442608,-23.238522,-25.249859,-16.054945,-11.972352,-14.790356,-16.541489,-18.206406,-20.177242,-21.432602,-24.813519,-28.294445,-27.14736,-21.855366,-21.087759,-23.49078,-27.414675,-29.441975,-28.862938,-23.51295,-15.909689,-12.987796,-15.434121,-21.581556,-23.802391,-23.383085,-23.595407,-27.924776,-29.401234,-25.01406,-23.043928,-27.749071,-34.69026,-32.73729,-29.863188,-31.496117,-21.12379,-15.728592,-14.499628,-16.69524,-15.881737,-15.639056,-16.466578,-17.918713,-19.562996,-20.853096,-21.444399,-22.430582,-23.009043,-25.191406,-27.634571,-30.074156,-29.946968,-28.948761,-17.176567,-8.862545,-10.906021,-17.740883,-18.012512,-16.249004,-16.07794,-17.521852,-20.541172,-24.307594,-22.91407,-21.003464,-22.317495,-25.289791,-28.182032,-28.635529,-25.814114,-22.156315,-18.382875,-15.033654,-15.067125,-15.684585,-15.4011345,-15.253345,-18.49707,-22.928268,-19.028496,-13.036176,-11.228548,-14.011873,-19.850367,-18.22543,-16.568335,-18.140759,-19.03427,-12.512084,-10.827478,-15.279718,-19.10361,-22.047253,-22.357021,-20.759794,-21.466837,-22.89099,-19.643835,-15.249474,-15.623642,-17.435074,-17.00211,-16.85464,-21.616585,-22.816303,-15.485661,-11.7606735,-13.321554,-16.237204,-15.534658,-15.924288,-14.1138315,-12.028631,-12.698013,-15.52165,-17.435911,-15.143957,-13.137914,-12.621729,-12.520046,-11.047628,-9.819071,-8.775598,-12.16226,-17.429224,-14.647892,-9.758758,-10.485834,-15.643366,-18.089296,-18.439247,-19.184563,-20.198082,-24.869535,-23.396605,-24.349777,-22.507118,-22.53809,-20.207104,-17.180565,-14.575556,-16.859688,-15.370516,-9.994486,-6.7738447,-5.6094165,-8.586152,-12.427406,-14.227543,-16.938822,-19.686752,-24.921738,-22.446407,-20.331425,-22.457531,-22.152872,-19.691723,-15.771866,-17.055235,-18.616066,-17.732264,-16.224977,-13.957455,-15.482956,-20.558052,-21.189625,-21.870916,-18.60454,-16.91385,-16.150972,-18.923336,-21.746986,-21.416891,-18.884146,-13.886365,-13.8545,-17.56801,-18.982885,-20.90601,-23.475662,-23.516367,-22.22163,-19.532078,-20.335285,-23.274136,-19.449587,-16.059391,-16.131823,-16.02215,-16.615993,-16.369846,-12.9399605,-11.139707,-14.139015,-16.082129,-14.678396,-12.748461,-14.351487,-19.334513,-25.059227,-24.038641,-21.767729,-22.589584,-22.210167,-23.901333,-26.122044,-26.87131,-24.649223,-19.054344,-15.568747,-15.030849,-15.590018,-16.20454,-17.060715,-16.237703,-18.033321,-16.675518,-14.058083,-12.631067,-12.868714,-10.701675,-11.837933,-18.65453,-20.24881,-15.254698,-13.02823,-17.792755,-19.22195,-17.510511,-19.601246,-20.320398,-16.655952,-15.987624,-14.102085,-14.333406,-12.877141,-10.355738,-11.301326,-17.09763,-18.367905,-15.860677,-14.208909,-12.166807,-13.889533,-15.30752,-13.729208,-14.865828,-13.717329,-11.582776,-10.045923,-10.464811,-15.221819,-17.988901,-19.910727,-20.170462,-15.844241,-16.785294,-18.065012,-13.992802,-9.569513,-11.000891,-12.842818,-13.707255,-12.713968,-13.008257,-16.21817,-16.008083,-14.986544,-17.24485,-17.257471,-16.63458,-18.555166,-19.617987,-19.516518,-20.593508,-18.489857,-17.416285,-19.470367,-20.071089,-19.52923,-20.159199,-22.778458,-24.745493,-23.374853,-23.285006,-26.215843,-22.48514,-21.678211,-21.800001,-22.013405,-22.122494,-23.593193,-18.617615,-12.80634,-14.575673,-16.825476,-18.991861,-17.133305,-18.048456,-21.827154,-22.678183,-23.956398,-24.35054,-22.2808,-23.887138,-25.309845,-26.118166,-25.71619,-24.656734,-20.972065,-15.570687,-13.081406,-13.949812,-15.385508,-16.928892,-19.525288,-20.70852,-22.419664,-23.83459,-24.770796,-24.65755,-25.421946,-23.538599,-24.86792,-27.447975,-21.276154,-15.950884,-14.859062,-13.507259,-14.736996,-17.143543,-16.68028,-17.028524,-19.236391,-21.396997,-20.998589,-20.302183,-21.23922,-24.442894,-26.102543,-23.002728,-21.084585,-22.280464,-22.008102,-12.688015,-12.906222,-18.817068,-20.778582,-18.737976,-19.565304,-18.917662,-20.187271,-23.157341,-23.881094,-24.508574,-24.092327,-22.080414,-21.594856,-19.970343,-19.906794,-12.395304,-5.810918,-5.3421173,-9.645658,-10.270288,-4.487694,-1.2588571,-3.545546,-12.025246,-12.158718,-12.849063,-10.322899,-2.340046,-1.0746574,-3.620595,-0.5405307,1.6297197,1.9106089,2.1705973,2.5611756,3.0283103,3.2763634,1.0312395,-0.73673177,0.7502264,3.1831903,2.1813262,3.6390777,2.8678467,0.43597794,1.7697008,3.0751383,3.397629,4.643262,6.3569336,6.8778696,7.9614344,5.9418697,4.1309996,2.5419807,6.286202,8.372002,7.302274,2.651967,-1.0140702,-2.0170794,0.09061552,3.3446586,4.7246327,5.950706,7.3390155,7.724252,5.657756,5.2416487,4.3222256,1.842441,-1.8975601,-0.8489668,-0.7825225,-5.491957,-6.270171,-3.6757195,-5.2014546,-3.2128193,-3.5714962,-3.9447477,-0.99055743,1.4875956,3.7290783,6.3310423,9.032225,8.342327,1.5643158,-2.1180665,-3.3627295,-4.260763,-3.8851647,-1.7364073,-1.8275433,-2.502178,-4.988435,-3.0056367,-2.1449637,-4.1013546,-7.317129,-5.160153,-2.1280828,-4.8222766,-9.970575,-13.242243,-10.420933,-5.8767967,-3.6617508,-1.7927955,-3.5878701,-4.9625416,-5.6825323,-6.745908,-8.374687,-15.225531,-13.961972,-12.575129,-12.3135195,-11.422854,-10.332142,-11.844744,-15.214077,-14.016354,-14.887156,-15.966339,-19.429571,-18.661985,-15.902248,-15.477182,-18.91427,-18.354204,-19.219318,-21.464922,-22.781317,-23.772083,-18.92775,-15.787357,-17.406237,-19.077217,-18.296522,-17.311327,-18.565697,-20.464733,-21.339375,-23.223799,-17.56882,-11.457338,-13.161211,-12.956036,-10.387898,-6.1805267,-3.6876295,-2.433552,-3.3136666,-3.8495927,-4.7162323,-9.280912,-8.424999,-14.140645,-18.557934,-16.749376,-15.361385,-14.095345,-12.49661,-5.9252357,-3.6789834,-6.448942,-4.0207205,-4.9965878,-4.339831,0.7775277,1.9111843,2.962943,-1.8445982,-0.03891059,3.0448494,0.9904682,0.9783261,-0.557215,-3.3864973,-3.880238,-5.6132674,-6.5961437,-6.5375566,-10.055128,-6.721117,-5.608661,-4.7455564,-6.394529,-10.323132,-8.422645,-7.7242384,-8.499969,-11.006136,-12.13665,-10.781654,-6.2553616,-1.7928506,-1.3319271,-0.31706947,1.3648874,2.77171,4.8174324,4.34104,2.31849,-2.0549793,-4.186405,-4.883653,-8.671108,-10.148775,-11.099114,-10.250064,-11.056517,-11.825938,-11.203669,-11.970433,-10.888403,-14.915687,-18.816183,-13.877807,-3.0397716,6.615801,8.631316,7.4263906,3.7113187,-1.5073512,-2.9567618,4.390312,5.927887,4.1445017,7.9819174,6.555793,2.667209,3.0774794,7.123621,6.962931,5.378751,2.6257765,6.89837,6.102953,2.9244473,2.7445111,1.6610606,0.6692969,4.974445,6.2683396,2.6016312,0.23669112,-2.602449,-1.3209225,-1.4604284,-1.5623615,-3.037599,-3.2814121,-3.776592,-3.6247623,-3.4478478,-4.201532,-5.276179,-4.003838,-2.353981,-4.9580064,-7.6560445,-8.349895,-7.955536,-8.01078,-9.404692,-7.8333263,-7.679222,-8.648813,-9.791351,-11.549767,-9.561244,-10.429405,-12.690981,-11.554888,-13.47848,-14.34751,-13.198515,-13.853688,-15.301028,-13.547108,-12.727949,-12.912959,-10.153372,-13.362591,-16.975788,-17.619291,-16.405136,-13.273021,-12.326139,-14.056491,-15.873316,-16.697151,-17.29516,-16.776901,-19.301836,-23.05032,-13.284527,-8.738085,-8.327663,-10.056782,-7.881673,-7.8131237,-10.133506,-9.190021,-6.8934746,-9.003743,-7.8427415,-5.487007,-4.7245293,-6.6320086,-9.303076,-8.335578,-10.983867,-12.406506,-15.648908,-22.410612,-19.704405,-17.057743,-15.332544,-17.145678,-17.56913,-15.911979,-10.992923,-10.220003,-11.736153,-15.266235,-17.374214,-17.858744,-21.051807,-22.745516,-19.109322,-17.201015,-21.106264,-22.51915,-22.529865,-22.03754,-22.88956,-22.603638,-21.563599,-17.576244,-11.021847,-11.587709,-15.072518,-14.248427,-15.00641,-15.915275,-22.615564,-26.787176,-23.067673,-19.772223,-20.586075,-21.660229,-22.367823,-24.278872,-25.082521,-20.720154,-10.700468,-8.712714,-12.180483,-18.046944,-18.930992,-19.7242,-20.287588,-22.477015,-26.400814,-26.086014,-23.427343,-25.78286,-27.981297,-26.438576,-26.10879,-25.190517,-21.991222,-15.2291765,-11.300921,-10.488836,-15.19074,-15.142532,-15.878672,-13.874617,-14.86761,-16.224398,-18.761757,-18.270641,-21.452267,-20.13139,-19.030645,-18.958004,-22.548895,-21.010582,-13.581196,-11.440082,-13.32687,-18.030449,-17.617006,-19.019047,-17.171928,-20.36255,-22.056011,-20.973797,-19.989246,-21.237848,-23.840132,-23.387918,-23.847584,-23.44579,-19.784025,-13.80463,-14.141472,-16.497944,-18.212997,-17.493465,-19.089123,-20.860363,-20.571215,-22.132748,-21.66487,-20.528881,-21.480274,-21.49545,-21.629107,-21.941288,-20.568316,-13.5476675,-12.8285265,-14.167399,-19.330198,-22.994595,-23.84815,-21.76222,-21.845064,-23.245762,-24.025013,-23.073053,-23.637945,-22.846786,-25.799923,-25.53156,-23.253555,-17.844355,-9.686415,-7.620559,-4.0694885,-3.0665205,-4.2733474,-6.90947,-7.862627,-14.292656,-16.736214,-14.181928,-8.936182,-7.8332834,-9.441627,-10.455715,-11.949221,-13.4282255,-12.763411,-13.472321,-11.282913,-12.732706,-14.232097,-11.800415,-13.83608,-20.830475,-17.927937,-10.701101,-4.6715174,-3.4362502,-6.4695454,-10.271789,-11.094152,-13.024826,-14.779401,-11.977128,-11.462761,-10.26752,-10.638751,-14.094322,-9.507124,-5.424506,-7.541392,-4.7817655,-3.9834607,-9.34774,-13.366786,-13.110589,-14.991139,-15.179501,-15.079308,-13.679477,-13.102407,-15.719187,-15.6110935,-12.009029,-14.765998,-15.438553,-14.62947,-13.566299,-12.248425,-16.489971,-17.600388,-14.578352,-13.420946,-16.396358,-21.795023,-20.834995,-19.519945,-20.17935,-19.156492,-18.161783,-15.105068,-13.987337,-16.379545,-17.23415,-16.997074,-13.916606,-13.732286,-18.684324,-17.751087,-14.486811,-16.180992,-18.740381,-19.435497,-22.015104,-25.112684,-24.570267,-23.632708,-15.291912,-11.7355585,-13.711457,-18.020828,-19.756351,-18.435486,-17.928654,-18.513166,-20.11782,-21.75964,-24.737904,-22.881262,-20.969982,-23.19941,-25.111156,-23.911112,-21.855715,-16.687664,-18.522535,-20.325047,-18.46366,-19.053234,-19.075733,-18.937355,-21.089214,-24.491194,-23.612234,-18.06683,-13.383378,-12.917071,-17.420084,-20.287533,-19.664938,-19.266144,-13.869643,-12.108864,-16.966026,-21.333412,-21.509995,-19.89073,-19.985699,-23.872679,-27.096739,-26.27242,-25.149298,-22.563398,-21.58128,-23.844946,-24.222092,-24.211176,-23.258694,-18.140007,-14.541464,-17.935835,-21.369244,-19.081171,-21.698097,-25.503494,-22.497538,-19.83062,-18.359247,-16.221863,-16.819456,-19.16302,-20.122831,-20.520647,-20.354414,-19.951784,-16.325272,-14.560015,-15.042602,-15.910873,-18.979374,-20.122768,-19.572031,-20.189362,-21.269981,-22.984858,-25.331928,-25.42847,-22.535208,-22.77258,-25.183422,-24.02833,-26.834602,-27.082802,-19.67575,-15.836363,-16.912731,-17.908804,-16.868944,-19.007832,-22.48095,-21.776056,-14.331073,-12.082187,-15.473118,-18.11377,-15.441347,-16.40752,-18.04611,-16.671131,-14.443546,-9.440074,-10.782118,-18.580572,-17.583845,-11.10412,-8.118785,-14.065962,-19.192768,-16.446087,-15.278479,-16.29135,-20.980713,-24.037199,-23.922028,-16.332346,-13.731727,-14.45011,-9.588731,-1.7499509,-1.061589,2.052069,3.1950717,0.64931476,1.4768898,1.2494076,-2.1196976,1.8407212,0.02504789,-4.523969,-0.30460128,1.1907543,-1.5462304,-4.6722193,-4.806406,-7.9907303,-7.742188,-8.924274,-8.719015,-11.518441,-11.141752,-7.7249546,-6.235471,-10.469759,-14.66754,-13.399414,-13.543264,-13.774062,-8.213033,-9.41496,-13.872295,-12.055876,-13.105321,-12.867268,-13.300852,-15.072861,-15.906694,-17.63707,-18.182858,-19.706692,-18.953354,-20.38996,-18.636438,-14.619999,-13.079771,-14.143757,-17.489626,-20.090878,-12.543822,-5.1557302,-3.7625794,-5.3858423,-6.1845465,-7.090945,-7.997566,-9.274298,-7.850898,-7.8303046,-11.83873,-10.742646,-6.684582,-5.9486904,-8.55594,-12.246799,-11.722423,-9.673137,-8.848947,-11.568207,-15.79911,-16.58085,-14.624972,-15.732471,-17.899334,-16.849628,-19.651262,-23.075811,-21.343727,-22.253286,-22.276928,-24.288097,-25.176012,-24.132917,-17.061373,-13.191641,-14.845342,-14.800815,-15.375088,-18.690594,-18.68317,-19.30826,-20.61324,-21.05171,-20.787725,-19.232529,-21.119158,-20.95296,-22.649176,-30.878906,-27.57838,-19.922583,-16.87173,-15.301376,-17.965942,-18.585794,-19.711893,-22.17192,-23.6908,-27.410345,-29.893616,-28.851608,-23.907955,-18.875982,-17.243198,-17.975155,-20.221153,-22.38472,-16.541014,-11.301779,-11.911701,-16.035683,-18.271824,-17.968494,-17.851126,-21.573795,-23.71365,-23.764906,-19.212303,-15.598236,-16.703503,-18.704735,-21.938164,-25.085442,-20.299885,-13.590763,-12.487938,-12.950097,-12.371143,-14.323138,-17.009468,-17.295668,-15.994639,-16.960949,-19.651018,-21.04888,-21.72488,-21.469074,-22.438084,-24.625837,-23.694181,-21.814487,-14.516815,-9.7935295,-11.311556,-14.171219,-13.728224,-14.068819,-15.222076,-18.392042,-21.06785,-20.601213,-17.143564,-16.375193,-16.161676,-16.743395,-19.7634,-19.064606,-18.93452,-18.472496,-15.918441,-14.863181,-16.200497,-20.435114,-19.803444,-19.741768,-19.700977,-20.308075,-22.188965,-22.54791,-22.153074,-19.219082,-20.203295,-23.119503,-25.967234,-26.649956,-18.24071,-13.158327,-14.258257,-13.347557,-13.918674,-15.495434,-14.853202,-15.67636,-14.786442,-17.523447,-15.268831,-14.282361,-16.705503,-21.965597,-22.347385,-20.530893,-11.188581,-0.6648768,1.0267787,0.33092642,4.379412,9.12028,9.676677,4.735294,2.6093194,-2.6357281,1.4325701,2.0596359,-1.6968971,-3.2837105,-3.7015905,-1.3980829,-2.2013643,-4.880245,-5.9335575,-5.2373915,-5.422354,-3.366068,-4.365508,-6.121254,-5.853467,-6.384987,-6.982238,-8.968688,-10.168322,-10.654982,-9.919293,-12.649699,-13.997741,-10.658345,-10.807844,-11.681652,-12.972694,-10.115904,-5.797012,-4.3308816,-4.226938,-4.9695487,-4.3174787,-5.140099,-6.6362805,-6.4503164,-7.4983172,-8.895584,-8.901064,-4.7643676,-4.9655538,-6.779649,-8.870612,-10.925207,-9.359822,-6.7210236,-3.503802,-5.5370646,-7.740007,-7.703528,-0.067454234,4.7479525,6.4767494,3.1658387,1.4619362,3.3432605,2.901103,1.2740633,0.04812003,1.3254452,2.6763806,0.39837128,-2.0678854,-4.212404,-6.1961417,-7.130463,-9.165363,-10.265896,-8.472072,-7.0668697,-9.015056,-10.883228,-8.944015,-12.567684
-13.651852,-13.5723505,-15.0353565,-18.131424,-19.952385,-19.667025,-16.969006,-16.892677,-19.860289,-22.807354,-24.911343,-25.499058,-24.82399,-21.522388,-14.412087,-10.245038,-12.234921,-14.677675,-16.42545,-18.14082,-19.40729,-21.345243,-24.672815,-27.42673,-21.923342,-17.93015,-20.047543,-20.977613,-21.831673,-22.4732,-19.662453,-13.481898,-10.449314,-13.531903,-19.417765,-23.12856,-22.353382,-22.042328,-26.05655,-27.835915,-24.406366,-22.6288,-23.645676,-24.111631,-24.994473,-23.868818,-24.936998,-15.136997,-9.097228,-10.167379,-13.029766,-13.460442,-14.523546,-17.408895,-19.050224,-20.591022,-22.033758,-21.21389,-21.653511,-24.073572,-30.322067,-31.97007,-29.865599,-27.648485,-27.272558,-19.09103,-12.481824,-12.1702385,-16.928501,-17.392424,-16.121061,-15.914824,-17.070738,-19.819921,-23.215199,-21.929146,-21.205923,-22.377865,-25.703384,-28.43525,-29.470173,-27.508936,-23.971529,-17.167358,-13.478287,-13.715158,-13.35176,-13.987951,-14.092665,-17.54964,-22.22023,-20.71325,-14.936652,-12.465071,-14.835964,-18.857754,-16.390278,-14.552027,-16.72604,-19.019148,-9.287225,-8.609103,-14.729003,-16.441582,-18.304455,-19.365128,-21.1768,-22.255003,-23.897102,-22.979738,-16.799835,-9.411692,-6.841492,-7.7847567,-11.342388,-20.126263,-24.435837,-17.227951,-15.026257,-11.806602,-9.462795,-10.679581,-10.88554,-8.542762,-2.6034212,-1.6715808,-6.156058,-8.657801,-6.131652,-8.614971,-10.924158,-11.444777,-13.437394,-12.53255,-9.898822,-11.126959,-13.006835,-9.156602,-7.796083,-10.688339,-13.603965,-13.709183,-15.758677,-18.10122,-18.723946,-18.987381,-17.64402,-20.783333,-21.48069,-21.215794,-19.298117,-16.16623,-12.063688,-13.742689,-15.22254,-10.000002,-7.8746147,-8.774339,-13.302959,-14.183748,-15.253202,-17.48845,-19.482328,-23.016005,-23.004438,-20.953445,-24.24589,-24.76379,-17.15427,-11.015658,-12.897696,-14.566811,-12.293653,-12.730765,-12.835694,-14.998218,-19.74469,-18.313044,-18.66153,-18.005169,-16.306952,-15.9237585,-17.10869,-17.87073,-18.43243,-18.356815,-10.696249,-8.537103,-12.133055,-15.220231,-14.790975,-15.069839,-17.028927,-18.075218,-12.891607,-13.096523,-15.321279,-11.839274,-9.601322,-9.907542,-8.988505,-11.321425,-11.157553,-9.03039,-8.925475,-11.13185,-12.406113,-11.729798,-10.381556,-12.388235,-16.12859,-19.213549,-17.011898,-15.775643,-16.562954,-19.342777,-19.048773,-20.730886,-20.666138,-19.0671,-14.237337,-11.600217,-13.308066,-16.58899,-17.183872,-19.433563,-22.01839,-17.602564,-18.29319,-17.872753,-14.976156,-14.368706,-14.78945,-15.521598,-13.897506,-13.5187435,-16.592466,-16.875746,-16.736124,-18.926943,-20.485134,-21.840181,-16.75755,-12.681015,-13.030738,-13.720625,-19.359367,-18.359406,-17.754093,-17.293976,-16.037397,-18.644117,-22.911354,-15.488911,-12.981045,-15.310423,-14.002404,-10.302675,-8.890853,-9.668575,-6.861849,-7.5510287,-12.250481,-14.995363,-15.163668,-17.928747,-19.4821,-16.957108,-18.214085,-22.813435,-14.288103,-10.726376,-13.554802,-18.502123,-17.774178,-16.24606,-17.344263,-21.365622,-22.450241,-21.82161,-23.556519,-21.720173,-24.771206,-25.17731,-25.057585,-29.444086,-26.443554,-20.70388,-15.628395,-15.16945,-16.751778,-17.214338,-18.450611,-22.415846,-25.224815,-23.504389,-26.520256,-31.91095,-30.601778,-27.220766,-26.073338,-30.833807,-29.667969,-29.670033,-20.467945,-14.743172,-16.779173,-20.144848,-22.65775,-18.559254,-19.73155,-23.119606,-25.859676,-26.314339,-25.425095,-23.373764,-26.548878,-28.043053,-29.800528,-29.036806,-27.181303,-24.516153,-19.463564,-16.301203,-20.334404,-23.337494,-23.529379,-25.110325,-28.150759,-30.37012,-32.544067,-31.558556,-29.878078,-32.21729,-35.484417,-36.3544,-34.592712,-26.31248,-16.766588,-15.675718,-14.274248,-14.025811,-17.647686,-18.18229,-17.929964,-20.72908,-23.726517,-23.667173,-21.545868,-21.752718,-25.875711,-27.88552,-25.8811,-23.11123,-23.682964,-24.244179,-13.129936,-11.020898,-12.885361,-13.388367,-14.069756,-15.115371,-15.925617,-17.352503,-18.439629,-19.517044,-20.223131,-20.116985,-20.591394,-21.328579,-21.175144,-21.27324,-13.95803,-7.7021456,-8.272191,-12.242079,-13.57772,-13.470641,-12.216776,-12.720481,-16.129805,-10.515886,-4.5559683,-0.30939007,5.9680934,5.70777,1.7053229,0.8634914,-3.6043558,-5.7975464,-5.0999517,-7.42393,-6.9064455,-2.4310699,-0.250427,3.0503826,6.054304,3.3485513,5.4936457,5.7286983,3.7206144,3.598271,2.34966,3.7901428,3.0741463,2.967327,2.012721,0.24401334,1.4232005,5.7346153,6.437397,2.1936562,1.4230871,1.4437665,-3.2345781,-2.2204185,3.5905342,5.326741,5.3804255,4.584814,2.7463987,1.4879893,4.832471,7.183318,6.250524,4.4893765,5.471744,7.0446224,4.1440516,-0.21132521,-4.0651693,-7.3563013,-2.215237,4.085943,4.8348207,1.5096127,-1.075806,-3.562744,-5.4947844,-6.2850184,-7.766914,-6.803976,-4.520867,-3.7069263,-5.205369,-5.6012506,-8.446777,-8.848251,-8.17487,-8.568302,-10.986777,-3.672021,-1.1903253,-2.1227403,2.495061,5.6686096,6.148482,2.952894,0.35066628,-2.0900266,-8.182709,-8.474533,-11.023304,-12.465123,-9.277439,-6.5308533,-6.313689,-6.623259,-7.925427,-10.359553,-10.939606,-12.032337,-13.729173,-12.974604,-12.700028,-10.276524,-10.193286,-14.193507,-12.727881,-11.332198,-14.227568,-15.354571,-16.823694,-16.842304,-17.213186,-18.624525,-19.809109,-18.43079,-20.09715,-21.21885,-20.224567,-20.824825,-14.865339,-13.671936,-13.874116,-13.534719,-14.275026,-15.83577,-16.228813,-16.519281,-18.14414,-20.914265,-18.824747,-15.482593,-11.493757,-13.276423,-11.011896,-6.5618086,-6.7117453,-3.4186964,-0.8399466,-2.7743816,-6.3118954,-9.487735,-12.331487,-15.014471,-16.379225,-15.444693,-10.771595,-9.997424,-4.447833,-2.1598597,-4.2804775,-4.8933883,-4.0529685,-6.06217,-5.1951413,-6.5083313,-4.6349173,-0.06966615,2.661574,5.3564525,4.720728,5.203269,4.7312307,-0.13633223,-2.3402863,-1.7063881,-1.2501872,-7.7949953,-8.878488,-9.8994255,-8.530723,-7.2396064,-6.2725477,-9.191242,-13.225278,-14.400058,-10.339617,-9.291465,-12.711586,-17.273243,-15.842547,-11.942444,-9.08242,-10.57372,-11.299374,-10.26033,-11.370081,-12.570997,-7.0883565,-4.952281,-7.6400833,-11.952363,-14.382752,-18.871357,-20.730137,-19.451813,-22.960312,-23.208221,-17.956224,-14.506516,-18.442041,-22.184006,-25.378754,-25.1432,-21.489532,-9.703318,-5.8832765,-2.690322,-4.356927,0.09351627,4.0405483,3.216778,-0.251063,3.790659,2.931879,0.9066525,0.32662007,2.3169837,4.6058025,-1.1935838,-0.9054863,5.5178285,4.5146866,-0.9368696,-1.4323646,1.9188361,0.95613205,-1.2207626,0.019066075,-1.121958,4.944894,7.673396,6.7538385,1.7978568,-1.4690357,-5.2273836,-4.011587,-5.294576,-7.87847,-6.2289658,-5.1566954,-9.311651,-9.831831,-10.432121,-8.379182,-3.5685923,-4.3654594,-9.306933,-8.821623,-11.089202,-5.373103,-3.9357421,-8.166861,-11.564909,-13.219383,-13.793067,-14.907448,-15.642375,-11.318922,-11.859144,-14.212495,-14.950791,-15.823871,-16.20968,-17.388285,-17.653046,-13.296869,-11.595072,-13.991825,-17.724403,-18.04701,-19.97944,-22.219376,-19.38326,-9.858985,-9.589072,-16.540157,-17.04652,-16.034014,-16.780985,-18.813892,-23.042702,-25.989746,-19.278006,-17.57192,-15.018984,-11.340638,-6.0483627,-3.6913345,-1.1877941,-0.10951224,0.24618,0.85670596,-0.2622185,-2.4015055,-5.5425873,-7.6756573,-6.4221783,-8.832765,-7.043504,-9.0535145,-13.081619,-13.901076,-18.528187,-16.755247,-14.027572,-15.736028,-16.173403,-15.0394,-10.741738,-9.565249,-12.264614,-15.717958,-17.563313,-17.974987,-16.402826,-14.776232,-16.677744,-17.795914,-16.967293,-16.384441,-17.810366,-21.413834,-22.252874,-21.450426,-20.538265,-17.869684,-15.032618,-18.310936,-25.225235,-24.672709,-23.897636,-23.85529,-24.42043,-26.000114,-23.152233,-22.727625,-23.588774,-23.581097,-24.710304,-25.072584,-25.863659,-24.114351,-11.781004,-9.015761,-12.1719885,-17.4165,-17.87958,-21.916222,-26.580591,-26.202679,-24.009281,-20.735023,-22.391346,-21.893015,-22.94182,-22.416515,-23.023975,-22.727537,-20.564148,-17.820934,-15.3743925,-17.540369,-18.491589,-21.197412,-23.36704,-25.326096,-24.288815,-21.098616,-19.275116,-20.556229,-22.212559,-22.769901,-21.96075,-22.770363,-23.387594,-19.729641,-14.787335,-11.608404,-12.483309,-15.872999,-22.287743,-23.07351,-22.102829,-21.211393,-21.09154,-20.985899,-20.678396,-22.32808,-22.84487,-19.648954,-19.765633,-22.009373,-16.052162,-10.479026,-9.3230715,-9.25605,-13.357095,-14.386442,-14.978456,-19.872337,-23.40363,-24.89293,-21.017992,-18.741528,-20.60891,-20.393517,-21.10134,-20.063679,-19.745335,-16.389854,-13.505362,-15.2385845,-20.059551,-16.919914,-15.131129,-16.450787,-22.27498,-25.248613,-22.803352,-22.973375,-23.729595,-26.207104,-30.389053,-27.418526,-24.47651,-14.373529,-2.5814426,-1.2254915,-7.1834083,-12.039141,-9.722632,-10.920133,-14.224129,-16.30435,-11.663082,-8.924853,-6.4608355,-5.205745,-3.4431682,-1.6519271,-2.450425,-2.7678013,-3.805826,-3.8219178,-3.0475461,-1.526392,-3.3981605,-8.433488,-11.372465,-13.700953,-14.724625,-13.112029,-15.707773,-16.817228,-16.612535,-18.487541,-19.778908,-18.17865,-15.177817,-12.573963,-13.315323,-11.448277,-10.346853,-12.204833,-6.392805,0.91078794,1.6346766,-6.615787,-11.218895,-11.543276,-8.838381,-9.546727,-15.499363,-17.321823,-14.609481,-12.862424,-15.269269,-16.890425,-14.705317,-10.293268,-9.670765,-12.314824,-11.813396,-11.180949,-15.136538,-19.046747,-18.715313,-19.418661,-17.07964,-16.729963,-20.102606,-17.876135,-19.1131,-23.227385,-23.32434,-16.676937,-10.478263,-10.005885,-15.049919,-16.949854,-17.01376,-13.859401,-16.139196,-15.987738,-10.717197,-10.052711,-14.692259,-17.408112,-17.085432,-19.462227,-23.354591,-22.436684,-22.541792,-14.170832,-12.4893675,-12.967468,-15.191353,-17.933125,-17.432388,-17.536295,-17.827065,-19.657248,-21.361256,-23.34565,-22.673317,-20.932667,-22.364359,-23.746416,-23.52613,-21.885832,-15.5884695,-17.872955,-20.187607,-17.282705,-17.355253,-18.283924,-18.3526,-20.789118,-26.27123,-28.252575,-16.983078,-12.727786,-14.38339,-18.195467,-20.58467,-21.37405,-18.364025,-14.147969,-14.40663,-18.92131,-20.390245,-21.641472,-19.645338,-19.77346,-23.37204,-27.278242,-28.84549,-25.914957,-23.423414,-20.790586,-21.3667,-24.487564,-21.50837,-20.333261,-21.153624,-14.368657,-10.671768,-10.347084,-9.435553,-11.0603285,-12.964581,-11.882633,-12.137253,-11.8888,-11.328477,-12.968332,-14.993351,-15.550612,-14.470394,-15.839174,-16.331863,-17.17263,-13.037378,-13.091253,-14.936428,-17.349382,-17.499645,-16.088531,-16.773115,-17.922398,-19.802794,-22.327702,-22.078197,-18.188076,-18.916779,-23.321371,-20.760324,-21.645737,-22.392662,-15.09151,-12.746275,-14.33066,-15.5070095,-15.379275,-17.35027,-19.807127,-18.531101,-13.34494,-12.163468,-16.587387,-17.180443,-16.148226,-16.45309,-13.888215,-13.47263,-15.462389,-9.054674,-8.135627,-14.878378,-15.850288,-11.389117,-8.2051525,-13.267426,-18.282553,-15.613108,-14.798107,-14.293974,-18.773113,-22.708838,-24.163626,-17.836517,-15.613321,-11.254691,-5.5143633,1.1766436,3.5135512,0.19783296,-5.1318474,-8.4881935,-11.564731,-8.46546,-4.7639446,-3.1716251,0.22871563,0.5615951,3.6981716,1.3811839,-8.230907,-6.9966054,-7.6966543,-9.076282,-10.315537,-12.722649,-15.63442,-14.014088,-11.7562685,-4.289151,-2.6542106,-8.882801,-12.954721,-12.855804,-9.943947,-8.83391,-11.745454,-15.198379,-16.548119,-16.698572,-12.942557,-11.383409,-11.824528,-13.634886,-12.504363,-14.263679,-14.719434,-12.7982855,-9.99954,-5.923245,-4.5121856,-6.2199397,-10.965748,-11.658529,-13.542751,-18.497374,-12.976165,-8.779673,-10.810825,-12.861672,-17.41405,-15.339516,-15.253858,-18.386786,-11.777601,-9.429508,-14.795581,-10.772644,-5.191641,-6.1222796,-3.2876115,-4.102839,-6.433857,-5.5565777,-5.2551136,-5.7793703,-10.567743,-13.727951,-13.3425255,-12.449921,-13.857073,-15.475025,-16.789223,-16.847067,-16.197512,-16.345947,-18.060303,-21.961554,-21.563084,-20.819645,-17.392714,-13.490329,-14.975782,-18.344524,-17.619255,-19.421194,-19.504208,-19.754793,-22.64,-23.749153,-25.82902,-23.143562,-23.049446,-21.696274,-21.67654,-28.117868,-29.984467,-25.357283,-17.551258,-10.747599,-11.952018,-17.122913,-18.610575,-18.17888,-21.538559,-26.684795,-25.577736,-26.07239,-25.993671,-23.32101,-19.902887,-20.171112,-20.840565,-23.763468,-19.346247,-10.992434,-11.569724,-16.44886,-19.542995,-18.752565,-19.559788,-24.010382,-25.539778,-26.268328,-28.49987,-24.519276,-22.395798,-25.293797,-25.487679,-25.067959,-23.607529,-18.75286,-14.951419,-13.275799,-14.0876,-15.475358,-17.92529,-18.098515,-16.887491,-18.158558,-20.591928,-22.395535,-23.29276,-22.42051,-24.084965,-28.723677,-26.981487,-24.345741,-14.037725,-7.45094,-9.70158,-13.478209,-13.102509,-13.818188,-14.875241,-17.9799,-20.241673,-19.813425,-17.273787,-17.989462,-21.029278,-21.06704,-22.158653,-21.769852,-23.073471,-21.377785,-15.505316,-11.302572,-12.951826,-16.306805,-15.330933,-16.073704,-18.354542,-20.491198,-20.840418,-22.43599,-24.236528,-23.82722,-25.017853,-25.273663,-24.326931,-24.409245,-19.422901,-13.104755,-12.444769,-12.312954,-12.960006,-13.814198,-13.856962,-13.726439,-13.9952965,-14.334972,-13.8884735,-14.747456,-15.161833,-14.080158,-14.698492,-16.488594,-14.390821,-4.684044,0.4157621,0.28617382,6.0064273,6.6081977,1.3722427,0.9904909,-3.0294325,-6.1927233,-7.854125,-7.851004,-5.487668,-7.749438,-7.5867643,-6.3979664,-9.773205,-6.7722473,-5.6402493,-6.8275623,-6.244112,-6.9913454,-8.61917,-9.436279,-11.170846,-7.226989,-6.3551526,-9.415263,-11.191437,-12.932033,-12.787481,-13.429188,-15.208744,-13.242258,-15.540211,-16.864761,-14.925924,-12.104124,-15.217968,-11.1270275,-10.238636,-16.238585,-18.5808,-18.436638,-12.86317,-11.648044,-13.854946,-21.669674,-22.920448,-19.03772,-19.398134,-15.2426815,-10.646052,-9.134654,-11.132626,-12.715465,-13.107128,-14.480408,-18.889635,-19.656876,-17.864307,-16.920918,-14.381449,-3.286941,1.1656083,0.34566763,-2.6255522,-4.193393,-2.99365,-0.85898155,-0.07490628,-1.5287083,-2.7045717,-5.7037444,-8.442805,-10.692735,-12.862709,-17.805655,-15.741101,-9.767527,-11.028757,-14.538462,-14.831406,-18.264269
-17.241262,-17.684372,-17.496954,-19.516897,-17.854553,-19.66335,-23.010773,-24.401321,-22.564718,-23.059227,-25.347013,-26.172216,-26.618841,-25.139164,-22.322683,-17.18867,-19.289047,-27.234774,-29.755423,-28.905117,-29.72789,-29.216648,-30.8984,-30.154003,-25.687847,-18.429165,-15.379153,-13.659561,-14.553537,-14.887338,-15.459718,-13.72013,-12.930051,-16.063889,-20.066359,-23.69741,-24.611076,-22.985327,-25.4517,-29.776972,-27.330624,-22.256874,-18.842537,-17.51613,-16.786997,-16.947655,-18.752125,-18.607943,-13.940781,-13.527099,-17.084822,-17.824066,-19.261036,-20.592907,-21.297218,-22.678469,-21.883142,-23.189842,-25.348835,-26.056213,-26.921614,-27.059,-26.38466,-27.824245,-28.939993,-22.880915,-16.611444,-18.39185,-20.841959,-20.584648,-19.54378,-22.032234,-22.448986,-21.66183,-19.533058,-20.314434,-23.727768,-25.384598,-29.715775,-31.649212,-34.365715,-36.77979,-31.561684,-16.852428,-14.1615925,-19.047176,-25.548222,-28.571037,-26.45735,-26.12564,-28.175022,-23.478683,-15.860091,-14.396343,-14.279327,-14.838486,-15.211828,-13.38731,-16.862766,-19.508286,-11.941413,-11.278658,-13.420122,-13.590728,-15.269413,-17.302443,-18.590792,-19.055693,-20.20422,-17.48384,-13.737321,-14.3594,-15.828159,-16.401047,-17.962048,-21.085861,-21.698936,-15.949125,-13.18733,-16.665398,-18.098421,-18.475168,-17.11226,-14.017619,-12.952259,-14.526425,-15.8526745,-15.143665,-14.962913,-14.601164,-14.997455,-15.181995,-14.872824,-15.922848,-8.6459,-7.93443,-11.542931,-12.816183,-13.524511,-14.663294,-15.501097,-15.580045,-14.95988,-16.393276,-18.611294,-20.026205,-17.86948,-18.093285,-20.034355,-22.404278,-21.840754,-17.817322,-14.615747,-18.229488,-20.43494,-17.126608,-14.9831915,-13.757888,-12.24642,-15.872139,-20.076578,-22.35286,-25.121668,-22.554407,-23.399231,-25.847824,-23.908194,-24.54899,-15.158928,-11.317274,-13.010234,-10.651001,-9.148905,-9.022984,-11.237439,-12.459954,-14.842635,-14.785766,-14.682938,-15.755731,-13.522588,-13.456677,-12.974794,-13.173051,-15.752278,-18.108765,-16.072308,-15.472706,-18.651194,-17.610085,-18.541113,-17.914434,-17.513577,-18.565062,-19.977789,-17.804382,-18.80146,-20.695538,-18.045315,-16.650192,-18.104202,-18.110445,-16.69223,-15.391746,-13.261553,-11.543648,-11.43005,-13.529242,-16.100132,-17.917515,-19.494873,-21.53817,-20.41627,-17.890385,-18.821455,-21.508263,-22.563772,-25.32911,-26.486126,-23.655426,-16.80053,-14.874668,-17.753345,-19.72167,-23.343113,-25.205738,-24.589464,-23.960464,-23.145971,-22.238289,-20.559242,-17.143042,-15.144177,-14.552545,-15.669422,-15.789482,-17.059883,-18.930016,-19.007343,-19.0547,-20.382517,-21.32556,-17.098768,-14.080536,-15.83425,-18.384087,-20.826077,-19.603922,-20.175535,-21.600807,-21.639305,-25.274769,-23.418121,-14.446259,-11.349796,-13.278312,-11.400704,-11.457414,-10.16554,-9.125095,-9.812672,-12.566656,-15.573529,-18.374706,-23.301584,-24.092445,-22.001614,-21.1662,-18.831713,-18.753765,-10.456678,-8.870686,-15.860301,-24.06996,-23.385946,-25.195646,-23.788368,-23.392637,-24.290838,-25.65874,-27.342989,-29.648478,-29.066698,-27.358854,-30.584015,-33.196625,-33.1548,-25.495716,-18.376772,-19.737352,-23.631828,-25.196249,-26.873186,-28.418438,-29.49992,-30.66479,-30.927261,-30.3314,-33.13247,-35.49035,-33.34444,-30.98383,-31.96273,-34.228275,-29.281342,-16.628735,-15.084717,-20.450264,-28.12267,-33.66861,-34.782467,-38.602245,-38.189156,-38.84874,-31.792252,-29.217663,-34.847763,-34.18865,-34.537666,-38.487354,-36.017723,-18.944357,-13.616157,-12.570211,-13.504364,-13.728828,-13.559209,-15.313636,-19.72845,-23.219364,-21.825645,-20.169987,-19.275871,-20.83391,-23.94796,-26.375107,-26.483438,-25.327774,-22.655756,-17.35091,-14.098734,-15.956765,-23.341257,-27.778374,-27.906893,-28.38861,-28.461967,-28.183805,-28.100584,-30.681301,-32.82297,-28.080837,-28.982782,-32.95893,-34.535343,-28.274406,-15.517315,-13.859898,-15.709361,-15.010036,-15.667349,-16.757015,-17.652414,-18.621996,-19.58589,-20.553219,-21.007965,-20.85741,-21.671795,-23.047459,-22.717321,-22.486504,-15.495798,-8.791061,-9.385313,-14.164759,-17.654306,-15.180522,-10.091566,-8.445086,-14.873085,-19.01241,-1.4145495,4.799252,2.927716,-6.0722976,-10.282011,-12.261696,-12.75209,-10.782076,-11.182843,-16.071547,-12.851383,-11.107694,-1.7025313,4.7867694,3.3049726,-4.2876444,-4.824852,-5.6333504,-3.198061,-1.9317358,-3.3692875,-4.437276,-2.1314332,-6.470188,-4.610757,-1.4043152,-0.6688243,-1.5010419,-4.1492343,-9.452161,-9.436893,-5.3581324,-5.568281,-9.369866,-3.9873745,-1.7467107,-4.423112,-6.453601,-7.090253,-7.150006,-11.220756,-10.288945,-10.181421,-10.073063,-8.82867,-8.534831,-13.838719,-14.745861,-10.802822,-11.016905,-10.996405,-6.883608,-1.6298581,0.62597483,0.52013063,1.9128407,-0.109678954,-0.33456922,-0.19838151,-2.3776517,-2.4858363,-2.5289278,-1.7764704,-4.7775373,-10.451166,-13.854437,-12.688099,-9.462634,-9.554519,-0.9996312,3.1981726,3.5479941,4.700774,4.5635805,6.0650997,6.2218738,4.8936005,1.8812437,-7.8409553,-6.1994467,-7.555265,-8.590876,-5.8722563,-8.122651,-9.753757,-9.983132,-9.028514,-8.723491,-9.677827,-10.032216,-9.845506,-9.459981,-12.094398,-13.630452,-13.551625,-14.858349,-11.182232,-12.038054,-14.783559,-14.884661,-17.5232,-17.701752,-18.935017,-19.401392,-22.214373,-20.765028,-21.079712,-21.558384,-19.346603,-19.801779,-15.315414,-15.704183,-15.556799,-14.491716,-16.098434,-18.135088,-17.965176,-17.828619,-19.511105,-22.068232,-20.474323,-15.511094,-12.196129,-14.005261,-12.908889,-7.7217917,-6.2953763,-6.1921873,-6.138793,-4.3540974,-5.874542,-9.723085,-16.004913,-19.557936,-16.520617,-13.413578,-9.8941345,-6.3224673,-6.803567,-5.4820547,-4.986915,-8.301071,-11.359989,-10.6061945,-7.2731237,-3.2631063,-6.9122515,-6.6692467,-1.2224747,-0.098852634,0.7874193,2.9602635,-2.9944854,-6.432461,-0.85756,-2.5330994,-9.315721,-13.370253,-16.261879,-15.535164,-14.917494,-14.647627,-11.031853,-9.649012,-14.204313,-18.495714,-14.911399,-16.771935,-16.077507,-16.609623,-18.68229,-16.532576,-16.144333,-10.939497,-7.417376,-4.9560456,-4.4090567,-6.721728,-9.269422,-14.592036,-14.399637,-13.614246,-13.998951,-13.931809,-16.920376,-18.003021,-19.562107,-20.652864,-15.70471,-12.656525,-12.342252,-17.543056,-22.747519,-23.703243,-21.84935,-11.928016,-8.322869,-9.578873,-3.4507706,1.3112007,1.4429357,2.1835122,2.919825,1.4094667,2.510215,-3.1847122,-1.0988922,3.1722884,-0.14202657,1.360254,1.4174224,-0.5487366,3.1790848,0.13916647,0.8201656,0.4126108,-1.3773141,2.3645904,3.6689665,1.4653683,-2.5079272,-0.33159202,-1.055925,-2.954884,2.223373,0.13166367,-8.5296,-11.263329,-11.828806,-10.702605,-8.55873,-8.831219,-8.135339,-10.292978,-15.509696,-11.997514,-10.454674,-13.494497,-12.886353,-11.044932,-4.4702454,-3.2811654,-5.8468337,-6.913073,-10.150675,-12.056217,-14.477067,-15.154461,-10.493839,-11.535517,-17.305763,-16.702723,-17.334282,-20.84654,-21.13415,-20.337868,-17.900679,-15.402933,-16.370348,-19.074194,-18.727268,-18.434185,-21.814116,-21.620634,-14.762432,-12.072525,-14.756623,-19.32494,-23.604013,-23.568144,-24.898663,-26.703003,-27.180992,-12.237671,-2.9196951,0.37910047,0.58523154,-0.045757055,-3.2498052,-7.2704344,-2.625317,-0.26998648,-3.3991356,-6.3288174,-2.0741835,-1.1110549,-3.011222,-7.1783614,-6.2077723,-6.3304095,-9.2374,-10.971695,-10.109095,-11.367842,-15.13267,-15.92404,-14.536668,-14.39913,-15.701021,-12.813404,-12.533968,-13.404881,-14.394264,-16.458954,-17.468903,-16.304565,-15.350094,-18.175327,-20.675735,-19.874723,-19.713326,-22.271765,-23.264341,-22.619495,-23.449001,-23.418537,-14.277346,-9.137489,-10.723047,-13.840424,-15.177012,-14.813641,-16.923445,-22.720022,-24.762938,-21.944965,-24.402657,-26.290234,-24.703762,-27.027628,-24.88044,-24.96527,-23.765614,-9.765772,-7.4653106,-12.398438,-18.885696,-20.788652,-23.330965,-26.662512,-25.713688,-24.348116,-23.005943,-24.148163,-23.652111,-24.182674,-24.40297,-25.332024,-24.603998,-22.317314,-21.53406,-15.978824,-13.407146,-14.051353,-15.381894,-13.89737,-14.689132,-16.549442,-17.677742,-18.224958,-19.904858,-20.656128,-21.24413,-24.300468,-27.487745,-24.889753,-18.450947,-13.808423,-13.089972,-14.625298,-16.598274,-18.562187,-20.707415,-21.234726,-22.29251,-23.246996,-23.183876,-23.518469,-24.818874,-25.28387,-24.134483,-24.664133,-26.872694,-24.985037,-19.98119,-17.066284,-18.1181,-22.550251,-25.14432,-23.967007,-24.146927,-27.523197,-29.817577,-29.041027,-25.969078,-26.391325,-27.169695,-28.018318,-26.559631,-25.412369,-16.72414,-11.779736,-15.714454,-21.719559,-22.464722,-22.418163,-23.3036,-25.970781,-26.671131,-24.965435,-26.068779,-26.125563,-27.030928,-30.34052,-31.083244,-26.69106,-17.903818,-7.482037,-5.6044602,-5.1494846,-7.0413013,-9.038795,-12.268882,-16.24683,-17.693901,-15.107067,-12.90131,-15.396024,-17.680805,-16.628029,-16.46341,-13.214109,-8.891927,-7.5961833,-8.396564,-8.9809675,-8.151143,-7.7443705,-9.381479,-13.073391,-14.363364,-14.932805,-11.983904,-9.1436825,-10.743593,-15.309468,-19.546774,-18.485458,-19.942532,-20.956078,-20.209196,-19.762997,-17.178251,-16.286486,-20.679066,-20.060173,-7.9765773,0.25968847,1.0409652,2.6780052,4.928678,5.030375,5.017603,2.8970015,-1.2893443,-4.987749,-10.363899,-13.996487,-8.993907,-5.674098,-5.502575,-6.780458,-9.749814,-7.426986,-7.6028247,-8.147902,-9.354844,-6.625743,-6.515193,-7.9656763,-10.5752325,-12.133235,-11.171398,-12.085395,-14.112053,-15.721889,-18.260849,-13.4659,-11.814252,-14.733408,-15.20932,-17.700703,-10.159452,-7.9941983,-11.843891,-13.966523,-14.92894,-15.759753,-18.215677,-21.113194,-22.902403,-23.980103,-24.322647,-20.983973,-12.654293,-13.434291,-17.105263,-15.722283,-17.373861,-19.274786,-19.434874,-21.378647,-25.499361,-24.420769,-24.175108,-26.304432,-20.774296,-21.722485,-26.34445,-26.769812,-22.86255,-15.091652,-18.528896,-27.196934,-26.860506,-29.504442,-28.320232,-30.305855,-31.69291,-31.685001,-31.820564,-22.1737,-13.293585,-11.330019,-15.717171,-17.621866,-19.418705,-18.883745,-12.708959,-12.79677,-15.753811,-17.435566,-19.920542,-24.732094,-26.624372,-28.754332,-30.68241,-27.92674,-26.324535,-29.798355,-25.30608,-25.850447,-29.77213,-26.024048,-22.622393,-20.607422,-17.53861,-17.399935,-16.47025,-17.016104,-19.296677,-20.143587,-19.80862,-18.260992,-18.54222,-20.239534,-20.72866,-22.544203,-24.588518,-26.119488,-29.453764,-28.085499,-16.729977,-15.177798,-21.067032,-23.408033,-24.32007,-26.671402,-28.110104,-26.902702,-25.77427,-27.286484,-28.688261,-29.261345,-28.151348,-26.362436,-27.641766,-28.309935,-27.727297,-22.938137,-16.127441,-17.851385,-18.688911,-20.290087,-22.937984,-23.350327,-29.150057,-27.645208,-21.44661,-18.273392,-20.690334,-23.593504,-19.929047,-20.008762,-20.251347,-19.736328,-19.85711,-12.103829,-12.876948,-20.048029,-18.795467,-11.97146,-9.041254,-12.575468,-19.335243,-19.152185,-16.584053,-12.40982,-14.898077,-20.194986,-23.740913,-18.618927,-14.016825,-13.26089,-7.0259542,-4.490088,-7.0831513,-8.476905,-6.1168127,-5.9000072,-7.900733,-11.211629,-9.422163,-7.899432,-5.7238746,-2.138477,-2.742827,-4.3865604,-0.29826343,0.38127053,-3.5293605,-9.668245,-10.874987,-10.901466,-11.5075035,-10.242543,-8.086158,-10.025521,-8.0779085,-4.6034713,-8.319835,-13.535574,-12.115543,-6.13406,-4.5081706,-8.311624,-8.452127,-8.809289,-10.193614,-9.039877,-10.416532,-13.302474,-12.928856,-12.764894,-14.527926,-15.365482,-17.174728,-12.583601,-8.733232,-4.3983736,-4.292252,-9.80233,-16.143126,-18.437225,-16.629454,-14.148358,-11.263435,-11.123581,-11.113396,-10.747176,-16.650862,-20.61499,-12.473404,-11.035767,-17.70971,-11.084804,-3.1424074,-1.7990409,-4.2125998,-5.938582,-10.110575,-8.914534,-10.23087,-12.128807,-14.464741,-16.5228,-17.996735,-18.783419,-18.710857,-16.736824,-18.651722,-20.129978,-19.399809,-20.22753,-18.849405,-20.437798,-20.715914,-21.655605,-19.72635,-17.335184,-17.683125,-21.893356,-21.684656,-25.636663,-25.227116,-27.295225,-29.217794,-30.818155,-32.39698,-31.259249,-24.20128,-23.894783,-28.340878,-32.81717,-31.995762,-29.33962,-23.644686,-21.501953,-22.38827,-22.354244,-22.790983,-26.043596,-29.798649,-35.081562,-34.58672,-33.02608,-28.400047,-26.558475,-28.136913,-30.098503,-30.39199,-30.62209,-21.210592,-13.971382,-15.609278,-23.458778,-26.486824,-31.34118,-33.39214,-33.233494,-33.16459,-35.042942,-34.54402,-29.315052,-27.635895,-27.549417,-25.731304,-29.405077,-24.60003,-19.776474,-15.048094,-13.773761,-15.210795,-14.32094,-14.581486,-15.76655,-18.205803,-20.478893,-23.266754,-24.583971,-21.881565,-21.377815,-23.377106,-25.543346,-26.629768,-25.652487,-17.771236,-13.620007,-17.34041,-24.994347,-27.357624,-30.3561,-31.32641,-29.749765,-30.526323,-33.92344,-38.10484,-36.46673,-26.563354,-24.446001,-30.507557,-35.982735,-32.414032,-21.960968,-15.538283,-14.875378,-16.191418,-17.7831,-18.741112,-19.308264,-20.334679,-22.38941,-23.496592,-24.299452,-24.493067,-24.495396,-25.483433,-23.934208,-23.86205,-25.667168,-22.558418,-22.049107,-22.114616,-22.693928,-24.28156,-23.8039,-24.817572,-25.108334,-25.298153,-24.504831,-17.776024,-14.478338,-16.771408,-20.943193,-23.589111,-24.435429,-15.830451,-10.266565,-3.9821434,1.2274927,0.49108362,-5.209889,1.7149769,3.9699364,0.11999056,-0.792377,-3.3237636,-9.723094,-10.32398,-7.067477,-5.8207726,-8.712832,-7.7919836,-7.3160625,-8.528275,-8.848887,-9.714994,-10.488884,-9.260505,-10.904072,-11.008668,-10.189772,-10.70711,-9.459392,-12.994726,-13.675167,-13.635071,-15.622202,-18.279415,-17.008083,-16.407797,-16.975262,-15.378126,-12.000067,-15.504629,-24.516275,-22.276762,-19.23389,-17.183052,-16.60691,-17.388226,-22.640047,-25.90379,-22.805527,-22.648643,-21.686766,-17.162174,-13.446387,-12.005871,-11.44199,-11.3931,-10.096759,-9.704117,-13.960074,-19.059261,-16.412529,-10.841613,-9.18011,-6.881136,-4.690562,-8.361322,-14.213411,-12.684957,-15.44505,-19.28877,-21.15754,-21.868925,-18.34675,-12.322748,-15.110636,-17.008512,-15.861649,-15.861907,-17.48447,-16.383368,-18.129765,-21.05607,-22.274847,-23.872814,-19.893267
-8.4433155,-10.403059,-15.196791,-17.202707,-14.771593,-15.484151,-18.903069,-15.52034,-15.661301,-21.265114,-22.80719,-20.004593,-21.320593,-22.469923,-19.260773,-17.604136,-19.09692,-23.30353,-25.621468,-27.129717,-30.243885,-26.78809,-25.59541,-28.866135,-26.05321,-23.759491,-25.596958,-27.635479,-28.734818,-27.19781,-23.046513,-11.880494,-8.745662,-10.751051,-13.694963,-17.65141,-14.998985,-11.494531,-13.7533655,-20.03295,-17.034803,-15.885096,-18.317333,-22.840115,-18.797634,-18.549215,-23.16761,-22.84552,-16.239115,-15.267364,-17.7261,-19.022987,-21.524199,-23.339977,-23.890083,-22.300182,-22.782038,-26.338203,-28.04681,-25.760475,-26.475235,-28.15271,-27.987518,-28.488983,-26.490883,-17.472742,-8.733965,-6.273337,-6.977947,-10.755981,-14.332203,-11.492466,-11.792773,-15.830528,-16.080372,-14.245692,-17.488153,-21.750584,-17.741997,-16.010275,-18.212925,-21.63347,-19.388548,-16.800926,-16.30936,-19.777779,-22.512026,-23.233765,-23.295082,-27.182247,-29.966747,-22.174747,-15.191804,-12.584246,-15.710762,-21.922646,-18.938469,-16.265388,-17.183378,-18.77434,-17.39223,-17.218632,-18.979626,-16.966835,-15.857998,-18.856163,-19.076727,-16.585743,-18.073734,-20.954819,-15.773945,-10.493284,-9.386589,-11.912332,-16.638968,-19.3164,-20.026567,-18.266764,-16.712938,-18.135284,-17.882673,-18.68993,-22.167362,-20.851677,-12.708096,-8.323306,-9.698368,-9.900127,-11.162346,-15.990372,-21.293829,-22.210398,-25.58564,-21.236074,-14.341125,-12.707769,-11.854979,-11.225933,-11.808407,-14.959063,-15.550879,-14.6421385,-15.961199,-18.27099,-17.438831,-15.403313,-15.258606,-19.225794,-22.216393,-21.305885,-21.025707,-19.965487,-16.128876,-16.785048,-16.631975,-15.867811,-16.90555,-18.130604,-18.193424,-19.18797,-19.911917,-19.953411,-21.018007,-23.782598,-23.46054,-26.081522,-24.244583,-23.968437,-17.88881,-15.284644,-15.952949,-13.5118065,-10.734991,-10.592173,-10.60431,-12.769691,-13.220064,-14.004841,-19.139915,-17.221977,-14.987919,-15.755216,-17.047813,-17.933828,-16.734745,-17.647861,-16.288857,-16.951578,-18.804234,-17.253403,-18.321981,-22.984097,-24.333906,-20.867594,-20.971558,-24.58866,-24.95432,-23.8871,-16.464241,-10.889101,-8.661745,-10.077942,-14.810466,-15.207559,-13.295785,-11.849471,-13.096604,-17.88961,-17.22492,-13.772556,-13.945219,-18.002796,-17.75976,-15.147409,-16.766932,-20.737957,-21.524647,-19.337996,-20.54095,-19.427343,-11.657583,-10.127485,-13.625431,-17.723667,-23.23957,-23.817013,-22.82881,-26.13462,-21.34492,-17.705055,-16.281229,-15.824059,-16.664326,-17.624653,-17.872135,-19.31599,-18.216898,-14.931902,-13.29872,-13.500807,-16.648348,-13.842063,-12.225604,-13.51047,-16.488905,-15.426434,-13.265141,-14.081295,-15.596581,-16.235361,-17.208328,-19.381973,-18.430937,-13.6709,-11.978348,-17.463852,-16.89383,-16.45052,-15.059769,-15.093473,-14.398536,-15.782362,-16.091667,-17.926403,-21.096525,-22.55367,-20.889004,-20.78763,-22.072409,-20.588148,-15.109798,-10.433812,-11.167898,-13.423567,-12.181691,-11.915457,-13.614978,-17.42741,-16.483143,-14.891881,-15.586806,-18.345278,-19.422575,-17.286177,-15.092034,-15.26914,-17.430523,-20.30508,-19.026741,-18.26384,-19.928047,-21.000507,-22.12467,-22.822104,-24.312988,-23.86362,-24.974983,-24.553719,-27.027464,-26.490145,-23.339989,-23.263428,-27.828691,-25.930662,-21.659258,-13.107616,-10.306455,-12.479,-13.770598,-14.331012,-14.352043,-15.424099,-18.351131,-18.174665,-15.279274,-14.809977,-17.707672,-21.05048,-20.924534,-19.101807,-18.697603,-21.326773,-19.764526,-15.989859,-17.643503,-20.537392,-23.132828,-23.792995,-23.999922,-26.784771,-28.044876,-26.836994,-24.407137,-24.666584,-26.842014,-30.55112,-31.402191,-28.51929,-20.28194,-13.927207,-10.99058,-8.492764,-10.610136,-12.735191,-12.822743,-13.969096,-16.249296,-16.458185,-14.114487,-14.649113,-16.73765,-18.90759,-19.424522,-19.094028,-18.782942,-21.318947,-20.1092,-18.188812,-17.569475,-19.204966,-20.63778,-20.629366,-22.921291,-25.16932,-24.142162,-25.441742,-28.162262,-27.505053,-29.637775,-27.41077,-26.724855,-26.952477,-17.57135,-9.084339,-6.098168,-8.623291,-10.448743,-7.811466,-1.9113858,-2.975101,-11.95758,-14.198536,-8.347414,-5.5822806,-11.05909,-12.730588,-11.749924,-7.0890403,-5.2168913,-5.402236,-6.0165052,-6.734729,-6.573909,-8.351705,-10.411644,-8.710738,-2.1938186,4.8165493,4.263138,-2.903966,-1.654064,1.1506406,3.298685,5.6346993,6.173579,5.7394676,4.8371644,3.322445,1.502358,-1.7611486,-1.3106651,3.8361475,6.9806013,4.3765993,2.5890324,2.186468,-2.0839558,-5.6781,-3.9507904,-3.0223618,-4.305255,-3.0574832,-3.2794378,-5.5088654,-7.3116837,-3.9117255,-5.586207,-11.097504,-10.859959,-11.117311,-10.8545065,-7.6251655,-7.5648813,-9.172413,-10.005186,-10.697977,-14.41969,-12.122153,-11.206065,-7.648251,-3.6703672,-0.994447,-1.1548069,-4.066388,-4.9554334,-6.5567503,-9.7012205,-11.4738865,-11.5232935,-10.578159,-11.597195,-14.428986,-11.92566,-11.894044,-11.065968,-12.987261,-11.910409,-1.8265812,0.68662155,-5.5203953,-14.103703,-13.632598,-14.530068,-10.497732,-6.64815,-6.1025267,-6.4283714,-6.7298646,-6.976998,-9.869566,-12.96166,-14.552362,-15.271429,-13.611708,-15.053522,-8.602234,-5.5369525,-7.6743507,-9.491026,-11.919434,-13.920883,-13.097997,-12.767508,-13.964223,-14.531545,-14.885163,-15.0907135,-15.537604,-15.94734,-17.985565,-19.038609,-18.615866,-17.36035,-16.076336,-18.254374,-20.136364,-20.400084,-20.478313,-22.977774,-23.18814,-24.205975,-23.740828,-21.444485,-14.351828,-12.241201,-14.389663,-12.50403,-5.69364,-5.1202946,-5.93501,-4.84447,-2.8135536,-5.2334175,-11.209574,-9.951906,-12.152231,-12.515057,-9.998194,-7.1779194,-6.4508944,-8.695226,-8.622919,-8.173164,-8.903364,-5.437036,-6.6390133,-10.84717,-9.384326,-8.254751,-6.194087,-8.364193,-5.5412316,-1.6948162,-5.2785974,-3.388935,-3.3016763,-2.302691,0.29692143,-5.1645827,-11.634926,-15.874042,-15.439579,-16.89378,-11.845882,-8.3053055,-8.156834,-11.146757,-11.559141,-11.027662,-13.245642,-14.039572,-13.477736,-14.717001,-12.09003,-9.605534,-9.184614,-8.160757,-10.159824,-11.918582,-8.322665,-5.7917614,-6.200265,-6.3377523,-7.3701267,-10.251308,-16.059826,-19.980173,-17.955008,-16.841099,-18.615953,-15.287605,-13.664505,-12.258293,-16.779789,-22.318,-22.980507,-22.003445,-16.49595,-11.056995,-8.8621645,-7.200138,-9.1250925,-10.94169,-10.903706,-3.4061174,-1.3936512,-1.4412918,1.405655,1.7417313,-1.8390287,0.40553653,3.4193754,2.0095427,0.12665929,-3.8519633,-1.329477,-0.11389736,-4.352341,-2.8979535,-3.853923,-6.4583445,-4.776685,-3.5180626,-5.722463,-4.421931,2.056738,4.3110247,-0.3237977,-7.9265623,-11.595285,-12.634969,-7.799807,-8.157221,-8.52157,-8.076493,-7.648488,-9.010945,-5.8759813,-7.0362015,-11.671804,-12.222483,-13.029923,-13.994241,-13.140639,-12.821606,-11.66539,-12.201725,-13.9646225,-14.299316,-14.520983,-10.514988,-12.877138,-20.509405,-18.72009,-16.606886,-16.06046,-18.397306,-19.752556,-20.992746,-18.714384,-19.701258,-23.90128,-23.632612,-22.198082,-21.426945,-22.183064,-16.893173,-17.982729,-17.500772,-11.323689,-10.249018,-11.140809,-12.132039,-12.577915,-14.680152,-16.10188,-9.070485,-2.1501062,2.1374269,4.2140875,5.5777116,5.2881565,2.6996107,2.0983133,3.7613482,4.3968945,3.7283926,1.6761051,-1.4437829,-3.0329192,-4.9531374,-3.6898124,-7.0712657,-7.9177666,-7.9453034,-9.675094,-10.078801,-11.340433,-10.942629,-9.405526,-9.051094,-8.965913,-9.419104,-11.700705,-12.599435,-12.803974,-12.072792,-15.963225,-19.4654,-22.260983,-21.391079,-18.699749,-20.850079,-22.977917,-18.678373,-17.186554,-20.21228,-20.252892,-16.111057,-13.097088,-17.570148,-22.98398,-26.460003,-26.71719,-25.39026,-22.314152,-23.751747,-22.645147,-24.283857,-27.764118,-29.780487,-30.478018,-31.062088,-34.263206,-22.582743,-11.900867,-9.680849,-13.136747,-19.171207,-22.92837,-25.845842,-27.598244,-27.436802,-27.236776,-26.462711,-26.464561,-24.718037,-24.842579,-22.247812,-24.021646,-25.03169,-24.659063,-22.620033,-20.15142,-21.264532,-23.630066,-22.84545,-21.195251,-21.995625,-25.15568,-28.132574,-28.510323,-29.160624,-28.604412,-27.255093,-26.779957,-26.519981,-24.072792,-20.8745,-16.845652,-15.6980095,-16.516144,-16.214806,-20.222519,-23.336115,-24.588633,-27.676657,-28.424587,-27.364239,-27.313763,-26.821795,-24.875084,-24.998116,-27.465092,-29.331879,-28.215292,-20.54309,-18.13047,-20.39338,-21.73956,-22.653086,-22.757278,-22.844196,-27.065166,-28.529175,-28.333935,-29.023819,-32.053932,-33.633312,-33.415062,-31.799889,-27.92686,-17.989021,-12.808212,-16.261423,-23.529087,-28.216866,-26.181278,-25.620481,-29.192062,-30.996035,-30.120514,-31.15459,-28.380096,-29.55902,-30.4156,-30.078285,-32.263206,-22.484875,-9.345555,-6.9794607,-8.638569,-9.365648,-17.626148,-19.317554,-20.587347,-19.920242,-18.206753,-12.426437,-8.699733,-7.1791925,-6.5455685,-8.283653,-9.200562,-8.948867,-11.016526,-10.422591,-9.395698,-8.068365,-7.6804543,-9.296496,-14.291196,-13.675964,-12.764335,-15.927092,-14.422613,-15.933247,-15.873509,-18.232403,-18.195185,-16.849905,-16.67253,-18.475506,-19.82608,-15.399853,-14.018983,-18.010876,-20.344685,-20.735352,-6.801714,1.0634211,4.0102806,1.6754661,-6.4038925,-4.3850236,-0.7961978,-2.59716,-8.835083,-10.6091385,-15.392658,-16.295227,-12.749544,-11.38641,-9.362176,-10.070633,-11.536585,-10.469582,-9.715007,-11.866959,-9.531897,-9.6343,-11.89622,-13.445798,-13.088758,-15.745508,-14.275237,-13.580429,-16.108757,-19.042568,-16.05449,-14.587854,-13.951313,-14.879368,-16.355968,-8.583036,-6.416457,-11.752397,-8.385352,-4.2013974,-5.7724614,-8.844346,-10.923569,-13.160055,-18.057093,-20.66111,-16.376244,-11.231974,-11.961127,-15.820049,-14.470684,-11.624049,-10.729323,-12.594824,-17.442553,-14.602186,-13.182298,-15.086897,-19.013493,-16.94687,-14.9578085,-17.09154,-21.906708,-18.21467,-15.296461,-16.974268,-22.139969,-22.552118,-22.202217,-21.557213,-23.798424,-25.251143,-21.648016,-23.632725,-22.257172,-17.167765,-18.885117,-27.319061,-27.906225,-26.123798,-21.4715,-14.284353,-13.081724,-13.058273,-13.918534,-17.300457,-16.916513,-15.321613,-18.011852,-23.903305,-21.739006,-18.818205,-20.006832,-22.449326,-24.011196,-22.938747,-21.545477,-22.823162,-20.931166,-16.963285,-21.517178,-22.69675,-24.19979,-28.097813,-30.448875,-30.053404,-25.872965,-22.743977,-24.116562,-26.213581,-30.729717,-34.178806,-34.14908,-32.16044,-29.287052,-19.903067,-16.190384,-13.2531395,-13.778608,-16.316246,-17.946566,-15.776136,-15.9601,-20.498419,-22.09284,-18.7848,-18.086824,-21.086912,-25.911694,-23.448719,-21.603653,-22.717209,-22.88747,-16.37842,-16.670397,-18.536541,-20.09613,-20.7686,-23.62609,-27.189234,-27.914593,-24.298437,-20.79643,-20.935583,-23.283993,-21.717297,-23.001883,-23.213352,-21.204136,-21.192245,-13.705512,-13.785886,-17.186758,-15.066494,-12.468817,-10.357847,-9.825429,-15.867655,-18.0201,-15.964052,-15.797455,-18.669193,-19.59629,-17.116968,-15.832785,-13.551103,-16.30238,-10.416842,-5.428337,-4.597041,-5.301018,-6.628689,-11.102542,-12.787319,-11.823545,-11.5922165,-7.6498933,-8.140871,-11.936291,-9.727068,-4.190436,-5.372358,-12.265458,-11.708782,-9.43327,-8.332355,-10.889385,-12.399586,-12.293747,-9.823716,-9.630044,-5.7491736,-4.926394,-9.741494,-12.085576,-11.0716915,-9.371085,-4.2330256,-1.7924534,-4.680251,-9.922749,-8.739759,-10.2230015,-9.39258,-10.830268,-12.970297,-13.549311,-13.503943,-12.997103,-11.319174,-10.552993,-13.324177,-12.505727,-10.79729,-12.4621315,-16.038902,-18.386501,-13.965775,-10.942568,-13.650814,-14.357047,-10.227355,-9.203557,-11.030159,-16.37918,-11.490667,-12.014966,-17.920908,-14.563868,-11.591109,-13.379183,-12.688657,-12.242932,-14.059018,-15.015315,-12.202579,-11.159959,-14.889321,-19.789612,-20.89891,-22.180597,-22.076437,-20.67953,-21.494009,-21.094776,-24.867537,-26.16195,-27.038712,-28.285902,-29.736881,-22.834072,-13.533383,-13.419722,-12.137808,-12.982206,-14.710735,-14.77746,-15.440249,-16.9342,-16.221664,-17.787014,-17.440529,-15.578678,-17.536453,-21.234236,-22.032671,-23.02282,-24.73652,-23.619576,-23.186712,-20.31609,-20.086792,-19.917334,-22.453062,-26.14029,-28.269108,-30.010584,-30.304554,-30.07987,-26.152325,-22.26635,-20.792583,-22.739046,-24.422401,-20.952036,-14.936413,-9.151198,-9.283882,-12.654791,-13.424563,-14.974089,-17.014503,-17.341593,-17.134148,-18.401632,-17.70618,-14.401243,-14.484846,-18.03108,-19.41179,-19.197502,-18.150467,-17.373344,-19.032953,-18.168922,-19.015886,-20.291058,-20.704323,-21.706116,-24.847256,-24.986086,-23.250595,-23.356535,-27.079561,-26.978718,-25.76742,-24.915882,-26.431164,-24.599518,-13.756342,-8.568491,-9.78754,-12.654749,-14.39443,-15.118153,-17.548424,-17.633085,-17.239197,-17.886814,-19.56902,-20.750317,-20.495754,-19.939379,-20.810566,-22.111845,-24.736553,-17.97879,-12.644166,-13.697482,-17.12084,-18.645702,-20.345364,-22.887398,-22.955421,-24.66552,-25.609224,-23.595093,-24.34123,-24.028704,-24.228209,-22.800995,-21.12429,-25.068876,-22.310335,-16.343605,-12.044482,-11.726848,-12.117576,-13.877149,-15.584945,-15.979867,-16.366417,-16.607338,-12.39222,-9.322585,-13.716212,-20.17097,-19.835041,-19.916342,-15.395643,-10.447745,-9.89251,-13.747164,-15.903948,-7.15932,-3.799074,-5.5858636,-6.9353623,-10.771537,-5.7625427,-4.452291,-10.427006,-14.823006,-13.478107,-14.224252,-10.021849,-12.728067,-16.54333,-16.49715,-11.54956,-11.123714,-11.805039,-12.315121,-11.745152,-14.612037,-17.212704,-15.010752,-13.314013,-14.3379965,-14.544982,-14.135796,-15.005833,-15.942749,-16.393879,-16.536858,-16.270077,-16.60896,-18.80226,-22.693905,-14.081744,-8.425904,-11.775893,-18.618017,-22.884996,-19.913462,-19.649078,-19.74012,-19.199192,-22.732552,-23.369215,-17.718498,-10.943062,-14.302206,-10.343723,-10.353605,-12.568215,-12.66297,-14.296541,-14.805525,-9.4790325,-5.868783,-7.2592983,-11.722895,-5.2328186,-1.8660187,-1.3066611,-2.8603773,-3.620968,-2.7808428,-1.7453645,-3.2518685,-6.44936,-12.271278,-16.995304,-17.514929,-13.436602,-11.502433,-11.32483,-13.633905,-13.601943,-18.72295,-21.476257,-15.967606
-5.7992973,-7.1503716,-13.082403,-13.409073,-10.056782,-10.79756,-14.84057,-11.037737,-11.431985,-17.719456,-18.465956,-16.267794,-17.49529,-18.851429,-15.254079,-13.907469,-16.352427,-18.408974,-19.922243,-22.775753,-27.067757,-22.380693,-20.73759,-24.799732,-22.15084,-20.250324,-22.90473,-25.459955,-24.310331,-23.032928,-20.651941,-9.747819,-7.0057583,-9.491991,-9.500851,-11.712722,-9.377224,-6.779498,-9.25163,-15.305247,-12.562481,-10.877693,-12.932251,-17.644135,-14.3671465,-13.929249,-18.516075,-19.93119,-14.20967,-13.987045,-17.811577,-22.420612,-22.144878,-23.745022,-24.492819,-19.959345,-19.104914,-22.900684,-27.408169,-23.148596,-23.089634,-26.557114,-28.041727,-28.675262,-24.964184,-15.7011795,-5.574477,-2.343075,-2.7331266,-6.363695,-9.938161,-6.123616,-6.4327583,-10.568056,-10.91649,-9.667974,-12.505654,-15.086586,-12.529613,-11.122242,-12.983492,-15.592516,-14.214225,-14.452589,-17.074635,-20.604115,-20.331505,-18.46684,-18.240398,-22.890594,-26.510632,-21.118792,-14.496529,-12.822848,-15.240528,-18.47156,-16.427006,-13.956491,-15.114475,-16.134773,-15.900064,-15.02342,-15.546118,-13.746836,-12.55103,-14.674911,-14.612719,-12.268926,-13.980908,-17.014727,-14.119244,-12.942844,-13.581644,-17.15534,-20.059921,-19.137783,-17.986698,-14.671068,-12.311288,-14.946997,-17.227642,-18.83055,-20.341415,-19.751492,-16.675085,-13.79598,-15.242432,-16.126705,-17.115763,-16.528717,-19.38008,-20.59013,-20.06338,-18.585125,-12.779636,-9.794786,-9.062365,-8.387262,-8.898318,-12.518391,-12.481674,-10.657525,-11.490516,-15.608574,-15.482737,-11.457394,-12.226605,-17.238268,-17.703611,-17.513935,-18.256262,-18.689304,-14.502587,-14.220953,-17.046965,-20.073433,-19.11596,-16.153566,-15.4137,-21.321495,-21.667746,-20.139502,-19.870285,-22.57315,-22.444284,-21.63309,-22.213106,-21.015354,-12.994804,-9.0684185,-9.380717,-8.434981,-7.319766,-6.176954,-8.949532,-11.878781,-8.426846,-9.569677,-15.066273,-14.093704,-11.806963,-11.677194,-13.563975,-14.1693325,-12.476398,-13.562609,-15.721545,-15.287451,-17.150988,-16.672651,-15.843497,-21.760094,-20.502825,-16.801311,-19.44384,-22.286432,-22.149864,-21.448849,-17.952974,-14.964581,-15.741327,-15.920689,-15.566459,-13.027482,-10.347761,-8.416018,-9.421472,-14.366629,-13.030848,-9.317186,-9.033319,-13.507647,-14.087965,-10.735539,-12.074061,-15.265914,-16.71188,-14.580776,-15.61335,-16.845198,-11.192913,-9.733298,-10.742441,-15.110308,-20.83154,-19.169271,-17.239153,-20.658634,-20.001633,-15.260725,-15.085625,-16.464092,-16.206472,-17.488792,-16.579435,-15.577989,-18.050983,-12.946805,-8.412235,-8.400762,-12.257036,-9.295933,-7.156989,-10.096416,-14.92435,-10.6633,-9.501034,-12.119756,-10.006628,-8.575989,-10.5457325,-12.653357,-14.736562,-11.316642,-9.112935,-15.763244,-17.92232,-18.212877,-18.440636,-17.496494,-15.26567,-13.726455,-15.285401,-17.890713,-18.697018,-16.072954,-16.042253,-18.761608,-19.507582,-18.511324,-12.3780775,-6.5435457,-5.638525,-8.827728,-9.265017,-8.404247,-10.443827,-17.502977,-16.063501,-12.612083,-12.82333,-15.616741,-15.997269,-14.45965,-11.6219635,-11.887478,-14.102707,-17.228996,-18.086905,-17.85127,-18.156944,-18.021109,-19.934156,-18.640644,-19.516823,-19.298094,-19.727875,-17.727686,-15.472168,-14.746064,-15.580611,-18.323235,-21.856768,-17.492525,-13.504838,-13.250642,-10.423252,-9.277452,-9.651036,-10.84152,-10.346119,-11.337839,-14.384269,-14.939403,-12.216791,-12.696136,-16.598896,-21.665613,-20.455578,-16.555197,-16.298555,-20.002674,-20.516186,-17.595179,-18.822561,-20.134888,-21.523335,-21.0697,-20.631363,-24.750872,-26.904947,-24.128586,-24.097916,-24.946424,-24.191896,-24.241465,-23.446682,-23.595306,-20.654274,-11.134041,-7.064614,-5.2444563,-7.284536,-9.308908,-8.346469,-9.90765,-12.764061,-13.071455,-10.814904,-13.18084,-15.115032,-17.383764,-17.096497,-15.853137,-15.193399,-17.196945,-16.839462,-14.239456,-15.395503,-17.505022,-17.714806,-18.535221,-20.988026,-22.988699,-24.022882,-25.866117,-27.177992,-25.239513,-25.135399,-24.313763,-25.179834,-26.58164,-18.56143,-8.258623,-6.004827,-7.547372,-7.2723703,-7.7303896,-5.989588,-6.843076,-10.516684,-11.564864,-9.907307,-8.526171,-4.456267,-2.3471506,-1.2452852,-1.4656962,-4.685313,-6.243576,-6.05156,-6.6361957,-8.075258,-5.710063,-4.114279,-4.1529355,2.8365936,7.176594,8.864106,5.9079895,4.765315,7.2100854,7.6959743,8.83089,7.812785,5.087099,3.2717328,1.5121672,0.59739536,0.8861455,-1.3670741,1.0352528,3.81571,0.65586656,-1.8066739,2.8487918,2.0737326,-1.9101394,-0.020535665,0.6426928,-2.0484858,-3.0432093,-1.0079626,-2.0825675,-3.5051143,-2.0799408,-2.0679836,-5.3413577,-5.287988,-6.8118258,-8.495177,-6.8629417,-6.0510225,-5.0041714,-4.215328,-5.956077,-9.49243,-7.163496,-7.9232764,-10.924177,-13.031584,-8.651686,-5.0346665,-5.795879,-5.860056,-5.8763437,-9.283774,-10.790264,-9.682361,-13.096615,-13.192707,-8.15104,-6.981018,-7.9409223,-6.3606052,-5.0329013,-6.9795303,-10.402087,-15.64592,-14.11594,-13.107885,-15.092623,-17.598293,-18.837801,-16.790031,-13.311957,-11.934465,-12.723552,-14.562456,-14.839165,-17.533089,-20.813093,-22.020107,-21.802492,-19.24888,-8.844835,-5.0509567,-5.5010033,-6.2788334,-8.649117,-10.553225,-9.511863,-8.934762,-11.317968,-12.384414,-11.667953,-12.64248,-13.734259,-14.121452,-15.194341,-16.03968,-16.92175,-17.72863,-17.658218,-16.51198,-17.168211,-17.525066,-18.236353,-21.538145,-22.87636,-22.565453,-22.537128,-21.638958,-15.976509,-12.6627655,-14.696507,-14.679093,-9.042151,-6.7331753,-4.982854,-2.8873944,-0.8099652,-3.1394367,-9.365779,-9.053093,-8.101806,-10.066523,-10.948561,-5.8427744,-5.7953258,-7.7890873,-9.215442,-8.702013,-8.740335,-11.160675,-11.874633,-9.649196,-8.053143,-7.8509274,-4.6638794,-2.384741,-1.9130547,-6.0380073,-9.716807,-9.052051,-7.218755,-6.102725,-1.5051146,-2.3722568,-11.493147,-12.758686,-13.756668,-16.189735,-11.387661,-6.6107564,-7.1218085,-7.3419952,-9.025946,-9.831177,-12.297892,-11.2633915,-9.692381,-11.690857,-13.059412,-10.358825,-11.216611,-12.562075,-9.787328,-9.990274,-14.721703,-17.602282,-14.877086,-10.171154,-9.437753,-12.388877,-18.270052,-20.994703,-21.332458,-23.59814,-25.629723,-23.130053,-19.838036,-16.121834,-18.653242,-22.425648,-22.261448,-23.083513,-14.412285,-10.72237,-10.341623,-6.334201,-5.369845,-5.620327,-6.5957828,-7.2452297,-6.271649,-6.3261423,-6.4097347,-6.127856,-4.443762,-2.220924,-7.1560006,-9.6822815,-3.6375842,-3.6365306,-9.564089,-9.594576,-7.4482975,-6.722,-8.607283,-6.241947,-8.795941,-7.868853,-4.160322,-3.7178392,-5.932268,-10.055991,-9.173323,-11.991642,-13.691294,-12.653518,-10.774918,-11.32329,-9.5486555,-7.7697535,-7.074527,-7.044548,-7.3114057,-8.764273,-10.651856,-10.966792,-8.275427,-5.590537,-7.5389137,-8.406125,-9.161791,-14.583509,-16.261953,-14.465775,-14.8032055,-13.007313,-16.187838,-18.151356,-15.731726,-17.086164,-18.355083,-18.383648,-19.760153,-22.29334,-20.755566,-21.149904,-23.452482,-22.611296,-24.588543,-24.93823,-22.127789,-11.618345,-10.121528,-9.872388,-7.959836,-7.601919,-8.494064,-9.561688,-9.026691,-10.435852,-13.957406,-8.635266,-7.280286,-6.253467,-6.5304637,-6.6105275,-2.0613446,1.2201091,2.1039085,1.0207632,-3.839531,-10.047151,-8.884243,-7.630756,-9.416431,-9.730778,-5.3341036,-6.5409226,-13.88997,-15.32775,-17.334965,-19.071014,-17.648308,-15.829297,-15.675455,-13.546824,-9.005862,-7.9709344,-10.550253,-16.603086,-19.636526,-18.350002,-19.08456,-20.701303,-24.760523,-20.362034,-15.769709,-18.142887,-20.368872,-17.782171,-19.073248,-24.473156,-21.632998,-14.978773,-12.494086,-17.161816,-20.996798,-24.517897,-25.183783,-25.047998,-24.556011,-25.364773,-26.794044,-26.238338,-25.020275,-25.02034,-28.24338,-29.42666,-30.43642,-24.322758,-14.352758,-10.919294,-12.79544,-19.402027,-22.437126,-19.22668,-17.504906,-17.046024,-18.169024,-19.846947,-20.687622,-18.351486,-18.914816,-17.786919,-21.130627,-21.5907,-23.15194,-20.262531,-18.866953,-21.777332,-20.177742,-24.000526,-25.623808,-22.284714,-24.020332,-22.944906,-23.867146,-23.394794,-23.391104,-24.83054,-24.744595,-26.076353,-26.369102,-23.351944,-17.234665,-12.614173,-15.032928,-23.324703,-25.14457,-26.761112,-26.567371,-25.195873,-27.08411,-30.045927,-28.722214,-27.675224,-23.807152,-21.83119,-23.322212,-26.597116,-27.99767,-21.878132,-20.796692,-23.409098,-26.460484,-31.480696,-31.08431,-27.385555,-28.289501,-28.620176,-31.830261,-31.279865,-32.90745,-34.067352,-33.142014,-33.288277,-30.987911,-20.863531,-17.426315,-19.698057,-20.750935,-23.932703,-25.157398,-24.076159,-28.417217,-32.03274,-28.334867,-32.04131,-36.170227,-34.625786,-30.486816,-29.86879,-32.71363,-21.928186,-14.9158945,-11.873898,-12.658235,-16.834133,-18.961082,-19.671345,-20.155281,-16.839273,-15.06825,-12.171488,-13.161652,-12.683059,-11.081057,-11.195686,-9.674572,-7.4954147,-8.297939,-8.091636,-7.603009,-7.9555902,-4.879159,-5.6769476,-11.260971,-9.283393,-7.8765516,-11.440023,-11.231529,-10.241509,-10.616322,-13.868561,-13.232144,-11.581085,-11.635912,-15.422028,-16.773258,-14.269114,-12.108397,-13.085573,-14.560099,-17.614162,-15.222727,-19.01333,-17.94647,-16.010645,-15.186478,-14.703424,-18.010262,-11.335488,-3.9168534,-6.060851,-12.779663,-15.787826,-17.252811,-15.530878,-9.587873,-6.8184752,-7.3639703,-10.338863,-11.814873,-10.318693,-10.427891,-15.009163,-14.844685,-13.971888,-13.721868,-16.60303,-16.125734,-14.444653,-15.891758,-17.41365,-13.562172,-12.757952,-16.874407,-20.695267,-19.823393,-15.402214,-17.218416,-13.228371,-9.051085,-10.760214,-16.059683,-14.903813,-15.802,-15.14834,-16.56335,-20.406727,-20.953493,-14.537464,-12.677662,-13.849582,-12.03455,-8.993952,-7.084428,-8.3020935,-12.35401,-9.647027,-8.388658,-10.775911,-16.51841,-13.347131,-10.263003,-12.078114,-16.58668,-13.46162,-12.9379635,-13.5308275,-15.825203,-18.576706,-18.423191,-17.001211,-18.822983,-20.81733,-17.990248,-20.042442,-23.93902,-18.679237,-18.64689,-21.360262,-22.767502,-24.977304,-21.041504,-16.208282,-14.521925,-10.76829,-10.667471,-15.033384,-13.618316,-10.528776,-12.523733,-18.441948,-16.561409,-13.94993,-14.565336,-17.332893,-20.460909,-17.865795,-16.211454,-17.681898,-16.966305,-13.261557,-13.306997,-13.960243,-16.220013,-16.5832,-18.30744,-18.87593,-17.766247,-18.784763,-19.945892,-18.368393,-19.411263,-19.282608,-20.132692,-21.927269,-20.70007,-16.638077,-12.235403,-9.657047,-10.465548,-13.071152,-14.341111,-10.532254,-10.690239,-15.392743,-17.627228,-15.073137,-14.077904,-15.480834,-19.221405,-18.343796,-17.145607,-18.40083,-19.633112,-16.058441,-13.864999,-16.859777,-18.705904,-22.110136,-22.788858,-20.122044,-22.995157,-23.38345,-20.093613,-17.570894,-18.83862,-22.092937,-24.271364,-25.678677,-24.494305,-18.264324,-13.591729,-12.318209,-13.751572,-11.227136,-9.842751,-11.0772085,-11.265894,-12.870472,-10.089092,-11.304043,-14.682886,-17.663721,-17.161922,-15.526242,-13.698059,-10.852451,-15.737962,-11.9572735,-6.053848,-5.1615276,-10.476147,-11.958637,-12.688305,-14.347565,-16.736948,-16.402317,-11.5372095,-7.5756783,-7.937147,-8.189543,-11.206003,-14.975571,-15.066661,-15.840369,-8.294387,-5.277676,-7.5624137,-12.310744,-14.522265,-10.0575905,-7.9667854,-8.75507,-11.493544,-8.962649,-10.789075,-13.169366,-13.429052,-13.352402,-11.368083,-13.281254,-14.463665,-12.512815,-16.724705,-19.581139,-18.774998,-17.55172,-18.396765,-18.8586,-19.714724,-18.56643,-15.719652,-14.123474,-11.365996,-8.953906,-8.1849375,-13.8618145,-15.50825,-14.616028,-10.784884,-12.05778,-14.094787,-10.198513,-9.095969,-11.373052,-18.407825,-14.988647,-13.987131,-16.526266,-15.307847,-9.884269,-8.231534,-11.6225605,-12.598256,-15.238914,-17.325823,-16.283932,-16.643711,-16.247036,-16.555454,-17.809351,-19.72367,-19.416954,-18.520058,-22.360975,-22.814436,-22.734182,-24.012297,-22.35533,-24.068447,-28.80255,-24.20046,-15.031454,-11.526251,-9.453309,-10.422598,-11.009602,-10.34568,-10.787537,-12.562857,-12.696818,-13.197693,-11.9618,-10.437423,-11.536007,-16.425764,-16.785172,-18.837294,-21.020802,-18.324333,-14.790784,-16.112995,-19.090286,-19.890692,-22.860909,-26.542831,-29.328049,-28.077217,-28.370525,-28.739475,-22.361124,-15.608001,-14.897862,-15.478008,-16.591106,-14.257351,-9.462157,-5.489738,-6.856126,-9.236232,-9.282989,-10.23472,-12.33726,-13.221241,-13.492278,-15.020629,-14.287312,-10.802118,-11.106424,-14.524456,-14.685915,-15.205077,-15.260716,-15.17683,-14.73529,-13.900452,-17.26263,-18.356174,-18.166624,-19.355341,-21.69852,-21.314316,-18.311691,-18.07296,-21.347124,-23.648495,-23.29102,-23.075718,-24.767876,-21.484203,-11.58387,-7.8548794,-7.8694143,-10.440125,-10.606333,-11.217221,-12.899775,-13.941231,-13.733465,-14.431921,-15.590295,-16.560444,-17.20526,-15.3755455,-16.742786,-19.0136,-23.04756,-14.55289,-10.642098,-13.183912,-20.073778,-22.338459,-21.493942,-22.466778,-22.201916,-25.325764,-23.721216,-23.482552,-22.591572,-21.966007,-22.325245,-23.628357,-24.124126,-26.729963,-21.98883,-14.736529,-8.8721695,-7.2929535,-6.882469,-8.368887,-8.331746,-8.744714,-9.2597885,-9.615776,-8.75456,-5.222019,-8.849891,-13.7055855,-13.366137,-12.895341,-12.898361,-8.477046,-9.495442,-9.75479,-8.086405,-6.8103433,-8.27532,-7.580416,-12.382951,-16.397509,-13.237071,-7.669464,-7.446657,-13.689237,-16.526192,-10.824341,-13.068315,-13.811728,-12.426949,-11.230879,-6.3971095,-5.941633,-8.22612,-7.4695835,-8.061254,-10.278701,-13.828993,-13.765346,-10.1515465,-10.2454815,-10.132693,-10.296471,-11.8025,-12.013842,-11.89374,-11.031275,-12.768054,-15.221067,-16.534962,-16.258358,-14.062458,-10.362455,-13.417316,-16.299984,-15.28684,-15.987913,-18.155022,-22.933525,-20.229557,-21.206827,-22.561094,-18.064106,-7.800524,-7.2307663,-6.971932,-6.8185186,-8.7056265,-10.145508,-11.19708,-10.951081,-12.104069,-13.898734,-13.425164,-7.887808,-4.690157,-6.8517523,-11.844567,-13.700169,-10.43865,-9.36847,-9.223563,-9.545984,-11.067539,-16.186811,-22.333176,-19.255436,-17.97527,-18.32895,-19.76453,-18.594616,-16.868858,-22.14343,-25.575462,-21.439962
-23.81081,-24.044582,-27.155115,-29.721853,-29.301445,-30.237482,-30.83097,-31.425417,-31.881369,-27.270887,-25.81327,-31.74697,-32.746883,-26.131645,-15.7043085,-13.32671,-18.274712,-32.452293,-34.29069,-36.132034,-35.10785,-34.79326,-36.40904,-34.916035,-28.978676,-26.31098,-24.359108,-24.418407,-26.86431,-26.452808,-22.041567,-11.835598,-8.548676,-13.099132,-21.599224,-26.97348,-30.67583,-30.715818,-32.66777,-36.072033,-33.45465,-28.493546,-29.562592,-28.66978,-25.975237,-29.370617,-34.973293,-26.477814,-21.19932,-20.498367,-21.661165,-27.400866,-32.99032,-33.743217,-35.10103,-33.299988,-33.528614,-35.64046,-41.009884,-40.24814,-37.34674,-38.49313,-42.025284,-40.578518,-35.713707,-19.735468,-12.698484,-13.1674385,-18.364124,-24.582148,-24.699146,-26.752697,-27.215508,-25.206453,-27.27131,-32.123466,-34.57007,-34.046097,-27.239967,-28.295753,-32.996834,-35.65789,-31.730759,-20.53436,-17.96283,-23.424633,-28.89125,-30.963535,-32.775734,-34.294437,-35.296738,-21.978464,-13.549441,-12.541715,-17.028662,-23.57125,-16.035212,-12.123432,-12.16558,-11.972985,-12.130103,-13.450672,-18.354237,-23.673117,-21.612547,-21.802595,-25.099224,-25.60035,-25.211746,-21.37405,-17.310455,-13.092962,-11.996869,-12.998894,-16.972208,-19.296406,-17.975924,-14.159473,-12.4003105,-17.21709,-19.142424,-19.6884,-20.153189,-21.674408,-17.608349,-12.377762,-12.0644045,-14.52711,-16.476648,-16.482769,-18.412912,-18.99671,-20.556229,-19.885231,-13.743697,-11.229583,-14.070999,-18.650904,-21.0764,-21.655758,-21.372168,-22.000984,-23.831059,-24.325188,-24.0424,-23.73622,-22.35389,-23.420776,-26.740332,-28.170475,-29.431913,-21.061993,-15.485087,-18.430159,-21.43014,-22.41766,-22.014437,-21.79142,-23.46265,-26.026886,-26.540308,-27.979343,-27.995329,-26.52136,-26.536629,-25.678177,-24.628,-22.035793,-16.16423,-12.012192,-9.884068,-10.69263,-14.287167,-14.4447565,-14.04405,-18.053398,-21.7184,-22.933083,-24.591883,-20.024021,-17.022278,-18.94592,-17.911615,-18.86944,-20.237638,-19.964691,-14.346502,-15.434931,-20.958345,-20.19226,-19.419922,-22.06978,-25.187567,-24.882662,-26.184568,-25.8194,-25.248703,-23.23265,-18.302471,-13.871909,-12.621156,-14.5309305,-15.287865,-10.0257635,-11.972483,-20.042017,-24.031439,-24.977203,-23.097652,-21.767302,-23.478138,-25.528004,-24.657013,-25.138662,-25.743145,-25.117722,-27.889206,-29.382961,-29.388697,-18.697742,-11.6501045,-11.000453,-12.16972,-12.613565,-13.525364,-16.830605,-19.306257,-19.972227,-20.837543,-19.531649,-17.005007,-18.264187,-16.777077,-15.5811615,-18.315178,-18.86986,-16.279514,-13.893877,-15.827971,-19.288334,-20.66785,-22.804707,-18.049767,-15.408159,-18.247059,-19.909508,-23.092789,-20.554941,-14.2490635,-12.7740965,-14.797169,-18.341185,-22.033102,-14.738875,-13.884838,-19.549057,-17.728243,-17.833368,-18.571297,-20.413095,-19.709719,-18.66314,-20.2224,-21.732185,-22.145052,-20.727596,-21.95489,-24.572815,-24.488834,-23.426407,-17.121021,-14.076748,-13.633892,-17.120525,-22.368599,-22.92683,-24.968966,-25.495749,-28.503563,-28.801605,-26.348078,-27.88746,-30.05386,-28.462372,-31.025866,-30.919193,-28.789654,-25.46564,-16.961712,-17.46749,-22.820732,-28.37603,-30.473871,-28.944475,-30.036943,-36.041454,-29.623756,-26.628035,-24.508842,-24.653399,-27.634857,-29.889357,-32.004333,-30.1896,-24.236563,-17.534325,-13.5962925,-17.118116,-24.503517,-27.314623,-29.087742,-30.328167,-30.296024,-29.887655,-26.786938,-29.526262,-37.30256,-37.60721,-31.50796,-31.998821,-29.524384,-24.453033,-19.82281,-15.425753,-21.409967,-29.772224,-30.588623,-32.558083,-34.71603,-34.555954,-33.007004,-30.828533,-32.729794,-35.619797,-36.16378,-34.704643,-33.31096,-30.961523,-25.269985,-19.547838,-14.807089,-16.230074,-21.331432,-23.05129,-23.424374,-26.196735,-29.654186,-28.169088,-28.404991,-34.987988,-32.216255,-25.106583,-26.87915,-32.7176,-30.052605,-28.886665,-20.01791,-17.360374,-21.311176,-28.314728,-31.579624,-33.679436,-36.777298,-36.448296,-34.90533,-35.256695,-33.52488,-32.053627,-30.25508,-32.358105,-34.81239,-34.471596,-20.731808,-7.3277473,-5.45018,-10.911585,-14.684906,-12.320692,-11.0611515,-13.295012,-19.346386,-19.993736,-6.6575994,-0.081859894,-1.5737679,-7.141696,-9.142684,-10.878756,-14.23256,-13.625351,-14.72878,-14.614674,-14.493874,-11.872158,-3.9231377,-0.4389767,-4.0685816,-10.235044,-3.8297434,1.7585515,3.0936108,1.4464638,-2.0184665,-6.099878,-6.153459,-6.5771728,-7.303266,-7.325403,-7.0756044,-6.852796,-5.583748,-5.767432,-1.1603336,-0.8508802,-3.0565567,-3.3225164,-2.49043,-2.501103,-3.3526113,-5.59828,-6.729069,-5.5485606,-4.3919086,-5.8313456,-10.118498,-13.219503,-14.289155,-14.3547735,-14.358913,-14.822425,-12.652832,-9.335623,-8.523611,-15.611612,-9.897535,-4.335735,-6.009594,-7.60082,-8.358683,-7.774824,-6.57315,-6.588028,-7.0875835,-6.8105006,-8.05874,-13.7155075,-16.726452,-14.133824,-14.855949,-15.884519,-14.326643,-10.180121,-5.3701334,-5.5082607,-7.0124464,-7.1565824,-9.6934395,-10.281338,-11.28167,-13.700227,-16.666052,-21.01625,-17.626265,-11.774128,-9.312767,-9.22809,-10.276011,-9.741928,-9.931202,-15.86235,-18.786583,-18.632935,-15.074104,-16.038197,-21.702827,-13.772039,-12.13724,-17.590912,-20.152205,-24.897902,-26.463766,-23.987625,-23.176916,-25.015064,-26.416037,-28.973665,-29.329794,-28.346,-25.613579,-25.918427,-25.72262,-28.045525,-21.570354,-17.84818,-23.039196,-26.822433,-28.795403,-28.844646,-30.963896,-31.798992,-31.924274,-31.89354,-23.78535,-14.837647,-12.258772,-15.542782,-15.802926,-8.671402,-6.0102673,-4.2630906,-3.296558,-4.4466333,-5.236544,-7.970839,-13.196251,-14.272064,-13.977614,-13.999466,-14.194767,-13.1392765,-15.499956,-15.265684,-11.976597,-8.189076,-8.229362,-12.76903,-10.500753,-9.430315,-8.058272,-8.536426,-9.452644,-7.2565465,-4.4849677,-7.3507175,-11.061073,-12.2544775,-12.071594,-11.891932,-14.203966,-16.487291,-18.143694,-18.541752,-20.742283,-18.324192,-11.3050375,-12.40605,-17.67913,-20.623161,-22.22972,-23.168457,-25.16329,-23.779211,-24.249523,-16.909756,-13.927763,-11.422962,-10.336032,-8.167059,-7.1867366,-8.824922,-12.00684,-12.410486,-14.644684,-19.19604,-21.56273,-20.97385,-20.140284,-21.428259,-21.297857,-23.714628,-22.649576,-21.795639,-22.616747,-24.948206,-24.247484,-24.421936,-25.591276,-16.85897,-9.193123,-8.448564,-8.029118,-9.942373,-15.810019,-14.046893,-7.878475,-7.1699357,-5.3454504,-7.353384,-8.158857,-6.676535,-8.126794,-6.057136,-7.8456335,-7.532194,-4.2655745,-4.4572396,-6.788473,-9.863678,-8.452936,-7.7404947,-8.247124,-7.5493803,-9.750793,-14.725674,-16.681108,-10.607156,-5.5472364,-1.3956666,-1.3362846,-6.583736,-10.644202,-10.720482,-11.878232,-11.188994,-10.845751,-12.603692,-12.1273575,-12.196845,-15.087154,-16.935589,-18.51604,-12.921729,-10.173534,-12.835428,-11.236319,-10.648265,-17.524488,-19.53989,-16.710575,-12.470531,-10.346026,-15.933058,-19.638855,-19.460033,-22.264414,-24.613861,-26.697073,-24.523045,-24.259264,-25.009579,-21.973816,-20.847483,-21.872086,-26.948736,-26.331427,-25.077791,-15.534527,-13.611599,-17.63168,-17.218245,-15.1165495,-15.275136,-19.558985,-25.831532,-24.051521,-19.848438,-14.118776,-8.762396,-6.162649,-4.74112,-3.951974,-4.608839,-4.222178,-4.6821146,-5.1909394,-5.7056227,-6.1850495,-8.865828,-8.724208,-10.345203,-10.912909,-10.275646,-13.066164,-15.269825,-18.212301,-21.597414,-18.613762,-18.718222,-22.392426,-20.91632,-17.286957,-13.50812,-11.797172,-11.139492,-11.905488,-13.441972,-12.896811,-13.330821,-15.088448,-15.473443,-16.382519,-14.7195425,-19.290312,-24.3417,-21.23299,-20.40129,-18.516422,-18.749908,-19.66717,-16.71599,-19.232912,-21.707094,-20.108355,-18.632957,-22.163445,-23.297565,-26.600264,-25.603273,-27.704613,-31.697575,-31.068869,-27.788952,-27.146662,-30.715979,-23.681269,-13.582486,-7.0220118,-6.7583656,-10.864502,-13.425009,-15.824079,-16.377739,-15.793256,-15.248252,-19.190302,-18.527002,-19.021307,-21.940361,-22.669632,-23.32323,-22.413872,-22.498463,-19.836329,-17.301184,-20.234165,-23.006992,-22.025017,-24.964348,-27.312365,-25.806923,-27.91193,-28.979977,-28.48354,-27.768482,-28.965828,-32.239166,-33.16915,-28.706543,-20.317333,-12.821984,-9.00152,-9.939589,-16.10519,-15.511708,-16.281599,-16.525072,-17.120674,-17.806456,-17.170162,-18.930737,-23.264156,-26.789001,-23.107512,-18.300642,-20.50204,-25.119781,-21.627106,-18.560291,-20.248741,-24.384184,-24.28361,-27.223244,-30.335186,-29.460915,-30.226559,-32.98367,-32.896854,-31.495651,-32.101395,-31.926155,-33.899784,-31.579512,-23.688793,-17.37532,-13.259649,-15.707377,-15.345627,-16.70792,-17.176083,-16.230312,-18.650042,-18.185736,-21.5472,-27.594822,-26.379715,-27.484486,-26.089354,-24.698513,-21.402374,-10.872307,-9.473761,-13.519878,-15.806874,-20.590172,-20.566608,-20.816412,-20.684431,-20.185774,-17.181292,-14.180179,-10.955589,-8.941419,-12.0639305,-12.518735,-14.216385,-17.96895,-15.968472,-11.2704525,-10.770632,-13.379862,-19.168135,-21.149124,-21.981976,-21.696177,-18.204,-15.225172,-15.57246,-17.081696,-21.398075,-21.649076,-25.26384,-25.064404,-22.703846,-21.477385,-15.803672,-14.092999,-20.372087,-26.756947,-23.621975,-14.770956,-12.985207,-13.263189,-13.458574,-12.830704,-9.856923,-6.9890623,-2.9841065,-2.2494156,-7.6141443,-12.37331,-14.106102,-17.429527,-19.044907,-17.980906,-12.625961,-12.313757,-14.637024,-15.525793,-18.599293,-16.149576,-16.186016,-19.52545,-19.831228,-22.144257,-23.463152,-19.769094,-21.287565,-22.702944,-21.223618,-17.903288,-18.271225,-23.821728,-24.92363,-24.902283,-19.161375,-17.432407,-19.384953,-18.031414,-14.413758,-16.681936,-19.530775,-23.7037,-23.465343,-24.026392,-21.671295,-22.749453,-14.004655,-11.72346,-17.481853,-24.486702,-26.698414,-27.495718,-27.221016,-26.105785,-29.408073,-30.497208,-30.49754,-29.347584,-25.234509,-29.083244,-31.378183,-32.990913,-31.932104,-24.33677,-25.092669,-24.689968,-22.184946,-25.38374,-32.041824,-35.699394,-39.23239,-38.50943,-31.887978,-25.714909,-19.806568,-19.334677,-24.867424,-29.280737,-26.569193,-20.590322,-14.159155,-15.9184065,-22.993408,-24.861996,-25.29163,-27.52171,-23.72532,-23.144516,-25.34992,-27.781616,-28.84167,-27.764034,-28.398726,-29.82526,-31.015806,-28.976288,-28.21038,-22.38019,-17.739408,-16.84101,-18.574436,-20.954092,-21.438866,-21.636055,-22.31756,-21.73901,-21.473055,-21.151335,-21.364477,-21.803282,-21.499966,-22.600033,-24.80066,-23.453646,-16.191257,-15.170489,-19.170643,-22.04954,-23.134155,-24.221094,-23.615597,-24.775593,-24.06866,-25.004799,-27.711746,-26.560373,-24.095728,-25.21536,-27.528278,-27.897818,-29.502941,-26.877138,-19.95892,-19.473804,-19.832367,-17.361414,-18.749025,-21.239674,-22.202946,-23.568806,-24.651348,-26.592304,-28.158596,-29.308739,-28.3094,-27.386896,-28.7391,-27.82005,-21.527433,-16.042625,-16.783049,-19.62823,-19.887983,-13.886062,-11.192371,-11.41066,-16.03553,-11.67643,-14.371448,-21.326939,-22.258202,-23.978317,-24.19342,-19.012001,-15.443963,-17.820686,-12.262936,-9.152011,-11.417793,-13.408613,-11.959328,-14.2727,-16.295029,-14.66323,-15.792242,-14.306183,-12.850512,-13.001977,-13.921542,-10.403807,-12.612387,-14.574404,-15.748898,-15.24787,-14.791838,-17.603855,-21.625862,-18.776848,-12.211563,-12.918759,-15.337923,-13.37105,-14.396659,-14.837364,-13.722115,-14.880418,-11.383379,-8.390622,-9.04309,-14.100193,-13.313988,-15.34178,-15.278484,-16.421516,-19.743904,-20.014694,-19.815031,-17.713173,-11.646313,-9.401994,-9.592181,-11.988447,-12.955044,-13.007322,-18.249613,-20.316833,-16.290733,-12.305967,-14.300177,-16.517138,-16.170519,-16.90193,-18.34563,-21.708698,-20.125092,-18.962547,-22.714338,-19.08786,-14.474247,-14.203568,-15.653659,-17.293661,-18.510757,-15.474444,-14.431759,-17.746996,-19.501215,-20.027674,-20.889769,-23.415386,-26.119133,-27.563221,-26.80393,-27.017584,-27.770481,-31.080368,-28.618315,-28.964157,-31.270712,-25.626305,-16.218302,-14.808198,-16.496859,-19.36577,-22.934277,-22.917192,-23.274029,-23.761148,-23.255007,-22.483027,-23.391907,-24.217617,-25.242674,-25.13636,-27.697731,-32.914635,-28.905794,-20.326786,-15.477821,-18.578264,-23.289837,-24.978674,-24.54922,-27.908049,-30.58752,-31.552277,-31.64951,-32.820766,-28.691977,-25.805336,-26.605705,-26.140179,-26.2375,-27.547094,-19.36881,-13.112401,-12.846111,-19.472898,-22.439577,-23.64991,-25.157192,-28.747753,-31.010845,-31.705696,-28.19002,-27.98483,-29.69571,-26.969345,-24.063934,-25.453253,-26.615192,-21.370388,-15.811527,-14.25026,-19.619934,-30.631124,-33.90497,-35.133137,-32.282516,-31.840805,-30.717552,-29.525625,-31.778734,-36.275166,-38.35485,-39.83531,-37.82824,-29.59078,-18.10471,-12.330407,-15.276173,-19.5053,-22.737844,-24.59612,-25.12203,-25.96102,-27.50212,-28.62268,-29.084494,-28.149311,-26.631071,-25.511673,-27.61381,-32.626266,-29.762707,-18.520132,-12.827681,-15.382994,-24.587805,-27.307049,-29.359777,-27.991772,-26.254066,-29.39989,-31.001291,-30.752052,-24.220163,-22.293894,-26.472342,-29.120281,-29.485489,-32.08401,-22.317762,-17.327538,-17.992119,-19.650759,-16.977922,-18.708897,-17.391294,-18.648273,-18.820103,-17.89864,-9.510265,-4.769316,-7.419543,-15.751026,-18.258308,-16.950184,-13.980209,-9.756941,-10.427474,-9.278671,-10.010015,-11.615056,-5.492084,0.3425923,0.79781055,-3.081748,-4.315205,-8.851771,-7.880025,-6.369192,-9.7001,-13.556202,-15.085781,-12.067436,-11.920324,-13.281174,-11.123782,-11.560078,-13.645002,-13.843569,-14.379073,-15.867416,-17.601337,-15.889971,-17.798752,-14.245325,-13.859366,-18.018967,-19.61515,-20.455196,-21.46571,-20.239231,-15.884961,-14.923746,-20.364727,-20.458054,-21.360252,-19.470459,-14.163992,-14.190029,-17.87503,-21.78523,-21.183456,-18.154285,-17.935228,-18.768509,-19.973438,-22.063807,-16.06813,-13.716763,-13.7987175,-13.8093605,-14.916583,-17.593925,-21.986399,-19.84334,-13.074838,-9.665757,-8.384041,-9.47229,-13.475656,-9.181122,-7.7218366,-8.317911,-8.370374,-8.4817295,-8.346248,-6.677188,-8.307465,-13.733129,-17.250296,-19.356472,-19.990509,-19.852186,-17.93618,-16.620203,-18.179832,-17.623308,-16.50665,-20.21172
-24.005802,-23.482529,-26.171038,-26.594076,-28.631805,-29.73445,-30.71475,-29.217665,-29.764107,-25.58046,-26.574123,-32.230553,-32.849266,-23.76455,-16.885424,-15.997244,-18.115263,-23.457706,-26.026743,-27.701817,-31.096233,-30.77208,-31.915243,-32.465244,-29.083813,-22.06477,-16.858824,-15.793572,-18.181938,-17.854378,-16.789417,-10.526285,-9.36878,-14.306154,-19.572369,-25.094088,-27.00338,-25.292637,-26.312195,-29.992294,-27.756691,-27.589424,-24.867365,-25.494917,-28.381744,-30.66107,-29.495518,-25.4232,-18.1681,-15.334301,-17.435781,-23.675243,-24.452581,-24.647482,-28.40976,-27.565954,-31.045053,-34.679226,-37.226856,-33.258335,-31.856674,-35.238113,-36.858307,-32.989086,-31.004463,-25.608541,-15.249508,-11.246233,-13.305245,-17.408667,-17.318525,-18.40512,-19.028103,-18.05616,-19.761637,-23.114521,-26.563084,-29.161434,-25.803696,-25.145355,-29.071524,-32.117683,-28.621067,-17.513426,-15.088638,-17.441647,-19.951551,-22.605324,-24.768261,-27.701706,-31.849318,-19.031422,-11.077219,-10.768866,-15.639214,-19.957533,-12.809631,-8.797149,-8.973753,-7.982004,-8.257693,-12.97852,-17.133383,-19.035507,-15.814051,-15.081816,-19.08108,-21.280357,-20.381577,-15.990405,-13.009235,-12.590904,-14.482164,-16.041054,-18.154366,-18.910118,-21.275866,-17.952454,-16.513107,-20.805492,-23.79753,-23.753426,-22.48154,-25.014423,-22.833801,-17.667885,-17.813967,-19.508286,-19.788212,-19.263842,-21.912144,-22.637493,-21.592487,-17.564127,-10.487265,-9.562343,-13.709556,-17.252583,-19.312132,-17.392647,-17.820229,-19.335133,-22.21297,-22.679823,-20.864126,-20.378408,-21.80889,-24.276878,-25.994654,-25.172379,-27.097418,-21.239082,-15.597323,-18.540766,-20.466522,-21.776535,-18.943382,-17.245728,-19.112165,-22.040981,-26.429684,-25.036247,-26.413439,-28.085228,-27.769224,-25.592134,-25.837591,-25.532644,-18.985247,-11.783869,-9.782948,-11.974037,-14.285496,-14.399841,-14.559019,-17.20801,-19.719135,-22.618086,-22.300232,-18.324625,-14.294511,-15.24291,-16.602581,-18.296345,-18.968414,-19.683685,-15.233397,-15.398224,-18.282492,-21.657028,-20.910978,-20.350075,-21.21428,-19.455763,-20.579435,-25.537277,-27.759224,-27.004921,-21.526976,-18.303015,-18.927773,-19.765299,-18.662577,-13.3401165,-12.786746,-16.297005,-18.622738,-20.259626,-20.853191,-21.36057,-21.88198,-22.026873,-20.88354,-22.667227,-23.618567,-20.563549,-22.786123,-26.342537,-29.0498,-18.43416,-10.603972,-12.059134,-15.776853,-14.641671,-15.149761,-17.361965,-17.456966,-17.482788,-19.057997,-17.630344,-14.303057,-13.952803,-14.407558,-15.131344,-15.106344,-17.30894,-17.760326,-14.480518,-14.373268,-16.484612,-21.443226,-22.899055,-17.6425,-13.033191,-14.765566,-17.66636,-18.701733,-18.274036,-15.647344,-18.04745,-19.95781,-22.406273,-24.24155,-17.03234,-14.458456,-16.389858,-14.120895,-15.996085,-18.12383,-18.440086,-18.655792,-19.316175,-22.215977,-20.247948,-21.877615,-26.31868,-25.803022,-24.714602,-25.929161,-25.905169,-16.921814,-15.964195,-18.288671,-23.811977,-25.434017,-25.530704,-27.94873,-28.864895,-29.064093,-31.806791,-33.15347,-32.933144,-30.518454,-28.5318,-30.50608,-34.872433,-37.240536,-25.78474,-15.432713,-15.937299,-24.604755,-32.12137,-33.86962,-33.64995,-35.6028,-34.734833,-37.269928,-37.06913,-34.944527,-37.054237,-40.479374,-39.328506,-40.276447,-37.155197,-23.304821,-17.058172,-17.37941,-21.65148,-29.005888,-31.117744,-31.08498,-33.97847,-37.361275,-37.900936,-36.551582,-33.142387,-32.061306,-32.027657,-30.100775,-32.56865,-32.22868,-23.835611,-21.163301,-19.899776,-25.082388,-28.48648,-28.610416,-30.832636,-31.7978,-34.284,-34.856888,-35.16783,-35.306175,-36.233784,-36.198746,-37.021683,-37.63824,-31.061287,-22.783546,-18.911747,-17.58694,-20.549688,-22.59724,-25.42052,-28.134499,-31.051613,-33.38517,-32.72701,-32.37993,-34.328426,-32.5743,-26.675491,-27.759706,-33.134865,-36.24746,-29.938145,-15.84832,-13.545687,-19.802681,-27.322844,-32.954346,-33.48356,-31.598225,-32.492786,-33.179447,-32.38237,-36.246887,-33.818123,-31.561829,-32.18599,-34.711746,-36.2682,-16.916845,-5.5763693,-4.3152065,-9.706857,-12.836054,-8.031334,-4.710011,-9.8533325,-19.185362,-18.979107,-7.482452,-1.7433852,-6.2999935,-16.468397,-11.128855,-4.404367,-2.3415127,-3.4293985,-3.765028,-5.3450828,-7.4556894,-7.4690113,-6.63795,-5.662284,-4.264674,0.21621138,-0.4939979,-3.71851,-4.5200505,-5.7624874,-2.0551817,0.023181036,0.5909413,-2.108023,-4.1332893,-4.6700406,-2.919139,-5.5863647,-4.3999805,0.29961905,2.3005214,-0.198556,-1.8196771,-2.5041797,-5.4452376,-6.291449,-4.6970687,-5.8992715,-5.285237,-5.439837,-3.1460238,-4.4088106,-8.807823,-10.016976,-12.352334,-12.156275,-13.696538,-12.968143,-10.274234,-10.2511425,-7.297399,-6.6172504,-9.769553,-7.731866,-10.716995,-16.622932,-13.505279,-13.667025,-10.693216,-8.314895,-9.540817,-8.385098,-9.485972,-11.516704,-11.261364,-11.712569,-13.6469555,-15.02555,-18.713972,-15.637728,-14.92765,-17.917747,-14.533601,-8.427474,-8.615042,-11.86119,-13.699063,-15.75898,-20.180614,-19.753227,-17.522648,-15.103255,-9.395513,-6.691553,-6.3542843,-5.702228,-6.6198826,-12.343632,-16.483433,-19.782307,-16.234837,-15.701231,-19.09373,-11.622805,-12.005911,-17.157948,-21.750269,-25.175175,-26.757048,-24.210453,-24.966793,-27.151289,-28.743168,-30.000696,-28.865734,-29.273205,-28.670784,-29.299217,-26.834728,-28.10713,-20.18194,-14.035358,-17.132431,-23.104275,-27.71393,-30.172272,-30.435501,-30.436546,-31.94416,-32.30329,-22.99139,-14.667741,-13.360962,-16.449518,-15.795631,-6.8445816,-4.6418495,-3.7076445,-2.1291385,-2.9809422,-5.2915096,-7.9257684,-13.5069275,-18.450304,-15.870811,-14.125572,-12.544785,-12.68079,-11.758158,-7.691099,-7.6626606,-6.4578657,-6.8909235,-9.13308,-8.205325,-5.336258,-6.3760643,-9.036371,-8.659052,-8.852329,-7.0405273,-7.861528,-8.939631,-11.236643,-12.118602,-10.041757,-10.039214,-15.601777,-19.393446,-19.482344,-20.463354,-18.084347,-9.46818,-11.709088,-18.946499,-19.663088,-19.736616,-21.294458,-22.538692,-23.297783,-24.013744,-13.711231,-10.580997,-13.937069,-16.469614,-16.050491,-16.199537,-18.631386,-16.19968,-13.736749,-15.354409,-18.770473,-21.525757,-24.108027,-23.376467,-27.202118,-29.13738,-29.844788,-26.833939,-24.63327,-24.410381,-26.076897,-28.173656,-31.174314,-29.537357,-19.352596,-14.125709,-10.090416,-12.183995,-15.842642,-14.669868,-15.521481,-13.088227,-9.442124,-8.099309,-5.241513,-8.254803,-11.569149,-6.5222626,-7.15001,-11.534893,-9.302032,-11.69256,-8.588732,-10.136909,-12.17628,-11.705137,-13.866493,-15.562024,-13.464156,-9.386433,-9.852534,-7.8439894,-7.346592,-11.674072,-8.389725,-3.2991467,-7.3400393,-14.540633,-11.526827,-12.402235,-12.261969,-13.318095,-13.959584,-12.169105,-10.906975,-13.87084,-18.397781,-18.317944,-13.48166,-12.134805,-12.343576,-14.835081,-20.846031,-18.867847,-18.49829,-21.377182,-15.761082,-12.121084,-14.434934,-19.63338,-20.856085,-21.78405,-26.391418,-27.17197,-26.217049,-23.687366,-23.978884,-26.189854,-24.809029,-24.337242,-26.168789,-26.073013,-24.523056,-13.841516,-10.486624,-10.55832,-11.022476,-15.084711,-17.811586,-20.903786,-26.158356,-25.21673,-13.035489,-5.8207173,-4.415452,-4.645869,-5.6833386,-8.498985,-8.036176,-4.5643144,-2.2592614,-5.093767,-8.145129,-8.889276,-8.860811,-9.463508,-11.564917,-11.58916,-10.96596,-12.005146,-15.789186,-19.491076,-19.352695,-17.838337,-19.96017,-21.39841,-20.914661,-19.39714,-16.248852,-15.804032,-17.329544,-17.3826,-18.386904,-19.601482,-18.931812,-20.287888,-21.270641,-21.86415,-21.939032,-26.49141,-26.501524,-25.593704,-26.76158,-25.234005,-22.562576,-16.809261,-13.681783,-14.89921,-17.58151,-21.044754,-20.575367,-22.580946,-24.956644,-28.923756,-28.417673,-29.73983,-30.406324,-28.88749,-28.353682,-31.174168,-35.026665,-24.4361,-16.570679,-12.602277,-14.396446,-20.225266,-21.31918,-23.056257,-24.279564,-23.304897,-22.974087,-28.521051,-26.031872,-26.33312,-28.394161,-25.709028,-25.57477,-25.697525,-20.729342,-15.930395,-11.048372,-10.911817,-15.136486,-17.325918,-19.06551,-20.502422,-23.007051,-23.84803,-27.569178,-31.463123,-30.535128,-26.392853,-25.229404,-30.961267,-30.123943,-22.852957,-12.533312,-9.820468,-12.330632,-20.11882,-21.421824,-23.0419,-24.408358,-25.33057,-25.751093,-24.340265,-24.841259,-29.050625,-30.16178,-24.9656,-23.279907,-26.561468,-27.931591,-22.618208,-21.57238,-21.988935,-26.067636,-27.743774,-29.88413,-32.235806,-33.237896,-34.30471,-33.94307,-32.54049,-34.266655,-34.438644,-35.021675,-35.779194,-31.755535,-22.62048,-18.375595,-17.942247,-20.992035,-20.694372,-22.613625,-23.433674,-23.11547,-26.9487,-24.779873,-26.297451,-30.007952,-29.020636,-27.263916,-25.991514,-28.769337,-19.68949,-9.069319,-8.526683,-14.079435,-16.095837,-17.360716,-19.845463,-19.606985,-21.368118,-16.899931,-12.04843,-12.690867,-10.661329,-8.349029,-10.16087,-8.643655,-8.992441,-11.175955,-9.1932955,-6.4881563,-7.107022,-7.955503,-12.804084,-17.735062,-17.296995,-18.33437,-20.131872,-19.63306,-16.411371,-16.898846,-21.827877,-25.43439,-21.15301,-19.713783,-20.689846,-19.928562,-13.78943,-13.00102,-17.691044,-22.465515,-23.993824,-23.307154,-16.783918,-15.333854,-20.515947,-25.26124,-22.163507,-12.382769,-9.4019985,-11.288734,-12.005508,-16.625711,-21.059216,-22.155285,-18.338003,-17.776363,-21.43778,-22.186024,-18.547695,-18.494232,-24.482584,-26.852133,-26.099564,-28.759993,-27.67825,-26.369606,-26.75848,-27.645739,-27.854801,-28.215282,-22.34522,-16.012978,-14.688236,-22.1123,-28.972633,-26.613098,-23.345608,-23.51615,-20.607471,-16.175655,-15.961541,-20.589695,-23.459932,-24.374216,-24.067194,-27.70287,-28.445951,-26.799896,-19.703695,-17.172533,-21.537346,-20.069712,-19.829634,-21.438816,-26.499708,-26.926392,-24.749752,-25.175266,-24.883984,-27.381428,-25.0169,-26.160715,-33.58596,-35.87475,-25.542477,-18.170034,-21.349415,-23.506367,-21.593716,-21.01828,-23.236172,-26.450634,-27.348063,-28.13732,-29.158155,-24.714329,-21.318043,-19.028849,-20.55077,-23.261963,-24.459229,-21.424717,-14.950804,-12.637692,-17.641813,-19.994577,-21.482407,-23.093163,-21.537798,-22.689976,-19.898493,-21.700397,-22.584545,-22.988424,-23.388872,-28.234844,-30.115074,-29.681385,-28.556175,-22.007023,-15.854528,-12.289927,-13.646387,-15.644213,-18.731491,-22.32122,-24.694319,-26.06368,-24.231596,-24.159317,-24.331825,-27.24464,-30.536724,-30.22007,-29.335958,-25.068617,-15.249263,-16.24842,-23.125154,-25.656307,-26.15073,-25.968391,-27.332321,-29.703302,-29.452702,-31.12838,-32.394184,-32.91508,-31.398153,-28.953651,-28.726097,-32.32057,-31.823177,-29.939068,-19.82495,-15.795184,-17.287695,-17.479385,-16.786484,-15.988278,-19.320969,-24.341038,-24.612823,-25.792099,-23.048218,-21.343382,-20.584755,-22.2644,-24.781504,-25.25217,-19.668596,-13.757993,-15.3024435,-20.191221,-22.19104,-18.267132,-11.406496,-13.333259,-19.667696,-12.704617,-13.49025,-19.089325,-20.28971,-22.485619,-24.019451,-20.143627,-16.846672,-17.145763,-11.168039,-9.113285,-8.046816,-11.583391,-15.099393,-16.09896,-17.427359,-18.78794,-19.685509,-17.933043,-15.579733,-15.807577,-11.420109,-10.0171175,-15.936888,-22.362026,-20.801916,-14.973431,-13.822822,-16.114487,-18.58226,-18.645155,-15.5991535,-11.988963,-11.732634,-16.740664,-19.80838,-14.462172,-11.304459,-11.783207,-10.89486,-7.6630507,-9.619513,-14.590948,-16.150867,-14.795435,-15.194963,-15.162854,-16.821983,-18.03032,-18.88528,-19.907969,-17.32655,-14.006753,-9.703302,-6.903188,-6.616928,-10.691612,-17.513992,-18.29269,-12.706085,-8.526256,-9.101181,-10.938028,-11.927416,-10.7539215,-11.148664,-16.764156,-18.118517,-16.471064,-19.991879,-18.212914,-12.44136,-8.750454,-11.821269,-17.143848,-19.953972,-14.750338,-14.084719,-12.69298,-10.61092,-11.770654,-13.923922,-16.074495,-18.629942,-23.11323,-20.721159,-21.02814,-24.224482,-24.725372,-23.208426,-25.332165,-29.399635,-24.25112,-14.281396,-13.407306,-16.606339,-19.258192,-20.189589,-23.45494,-26.714931,-31.131868,-32.460392,-32.099693,-33.23708,-33.671246,-29.892487,-28.170982,-30.365402,-31.324022,-28.627718,-21.139307,-18.401224,-18.929554,-20.3494,-22.906588,-22.852345,-26.232721,-29.223763,-31.217045,-33.267883,-35.50438,-38.073086,-34.601826,-33.174213,-36.38088,-32.84062,-28.836832,-16.661194,-9.873173,-12.772404,-23.14606,-28.01737,-31.385395,-32.24553,-31.948624,-32.057156,-32.872208,-32.155994,-28.824032,-29.250307,-27.328539,-25.257978,-29.343412,-24.422672,-14.127909,-11.629182,-11.563277,-15.611494,-21.456785,-23.106846,-24.691803,-25.043606,-27.01436,-29.992075,-29.377193,-29.873373,-29.421947,-31.74776,-33.419624,-33.089058,-30.028122,-18.857557,-15.282925,-19.281033,-25.54919,-30.50564,-30.698483,-32.054283,-34.591915,-37.984856,-37.271824,-34.459946,-31.628483,-27.90185,-24.306002,-27.206594,-32.742878,-31.345085,-19.942251,-11.371411,-13.355137,-21.174854,-23.701612,-29.5014,-30.36022,-27.926025,-29.520782,-34.07231,-32.217896,-19.831049,-18.629967,-25.844128,-24.552393,-23.114277,-27.685698,-21.53121,-16.720692,-15.8124075,-20.543922,-23.89912,-26.610771,-30.746593,-34.19362,-31.610268,-21.2414,-5.7572484,-1.1163435,-4.986159,-15.994892,-17.409409,-16.231373,-15.4076395,-10.658788,-10.943832,-12.957568,-14.521971,-9.285614,-5.2624984,-1.1237863,-0.7900414,-8.110129,-6.3559527,-6.403477,-11.485343,-10.928253,-12.004864,-15.087048,-14.473869,-14.212094,-13.635805,-14.226056,-13.3561945,-12.919742,-14.096288,-15.4609785,-14.370611,-17.309202,-18.595446,-18.805996,-17.513823,-18.010859,-18.852089,-20.899776,-19.670418,-23.214622,-23.065865,-22.38766,-15.99709,-12.875844,-17.133213,-22.442953,-22.527857,-16.440338,-10.599319,-12.730785,-18.065945,-16.804573,-16.303673,-16.931644,-18.409088,-20.535488,-23.667192,-24.3,-19.537823,-17.387238,-12.381378,-12.402256,-19.133764,-23.353434,-23.770048,-22.842438,-14.544737,-10.362073,-11.907281,-13.197856,-8.028746,-5.5881653,-5.96826,-6.8026,-5.0292344,-3.8019881,-3.1924164,-2.0143452,-4.377323,-10.666886,-14.932471,-16.021822,-15.0980425,-16.056854,-15.666149,-12.652039,-11.164375,-12.192081,-12.872065,-17.607666
-27.451591,-28.56923,-28.847303,-30.612392,-33.013577,-33.87251,-33.339127,-33.90404,-32.34354,-25.33385,-27.955177,-36.571598,-34.604652,-28.905832,-21.110172,-19.818724,-24.288282,-29.211205,-31.574697,-33.63759,-35.141987,-35.545,-36.88702,-36.487144,-32.927902,-32.08766,-30.885166,-31.869274,-35.208843,-33.989986,-27.159956,-16.376816,-12.959758,-14.837383,-22.196072,-26.242031,-29.249563,-31.384848,-31.031742,-30.697424,-31.27991,-28.844345,-30.148886,-30.736818,-28.221745,-29.374647,-32.28338,-27.724552,-19.17494,-17.660639,-21.61603,-25.867657,-28.921116,-29.010418,-31.966805,-35.11207,-35.669495,-34.81053,-36.128937,-37.96715,-38.36251,-38.283676,-38.45822,-38.172195,-36.674973,-23.867123,-15.182124,-14.178022,-16.799103,-19.60326,-22.133865,-22.834778,-24.906454,-26.36908,-27.453611,-26.010262,-25.124046,-26.06577,-22.856876,-24.150166,-28.01862,-29.423908,-28.642204,-19.519154,-17.418818,-21.420935,-26.037905,-28.775177,-29.394625,-32.42261,-31.950695,-17.018763,-8.860041,-7.87447,-12.221323,-23.724318,-21.906784,-15.557462,-12.774295,-10.845323,-11.84897,-15.2063675,-17.14506,-16.157658,-15.656796,-15.217716,-18.929974,-21.43799,-21.327856,-16.661661,-13.583546,-10.954638,-10.513172,-11.787996,-14.809108,-17.78067,-19.791191,-16.787432,-15.750259,-17.603828,-21.191061,-21.809843,-21.858559,-24.526566,-20.950214,-13.25658,-10.596071,-11.759415,-15.455092,-15.5338745,-17.739658,-21.438759,-21.063757,-17.504414,-10.394965,-9.426426,-13.223986,-18.145458,-19.176199,-21.282846,-23.563387,-25.412695,-27.30548,-28.82938,-26.786152,-25.801853,-25.911663,-24.967266,-26.162273,-27.499027,-28.294601,-24.046223,-18.24609,-21.54329,-24.327332,-26.5218,-23.376371,-23.032951,-23.815039,-25.751898,-27.146297,-26.689373,-27.399277,-28.886387,-27.519272,-27.990509,-27.980194,-26.607677,-21.859121,-15.947544,-12.761253,-10.600577,-11.407797,-13.745227,-13.634442,-18.095688,-20.67448,-22.940643,-23.559578,-20.254528,-17.213488,-17.921547,-18.700544,-21.4526,-21.477842,-20.762083,-17.905762,-17.176916,-18.840483,-21.081806,-17.899746,-17.14711,-18.662424,-19.731987,-22.642344,-21.82582,-25.470304,-22.867096,-19.556028,-14.532198,-11.155734,-12.648771,-17.314354,-17.59666,-18.69714,-20.567114,-22.592333,-25.95691,-24.764877,-22.61282,-23.979712,-25.04576,-27.329119,-25.884092,-23.439281,-22.90165,-24.463566,-26.240576,-26.90139,-21.257784,-13.915501,-16.02598,-22.626335,-23.54309,-25.340282,-27.21519,-25.416594,-23.24582,-18.936869,-16.094763,-14.683858,-13.806671,-12.738858,-13.38183,-15.483504,-20.013561,-18.60205,-14.41659,-15.651059,-18.282633,-22.394495,-23.92717,-19.099508,-14.649338,-14.939097,-17.19458,-19.380665,-19.399479,-15.6227455,-16.801823,-20.334522,-24.759615,-24.323618,-17.46077,-14.941029,-15.836534,-13.5725355,-16.107346,-17.47551,-17.698095,-16.871218,-17.401703,-20.15755,-20.267082,-22.82878,-26.941156,-26.255379,-25.546608,-25.86168,-25.185663,-14.675812,-11.846265,-14.960166,-18.267313,-20.992622,-22.812365,-23.82214,-25.071184,-26.38458,-27.743637,-26.972067,-26.926937,-25.931969,-26.584013,-30.120441,-30.904327,-31.663,-26.190958,-18.983217,-18.579773,-22.359547,-27.042427,-28.918156,-28.508354,-30.086803,-31.215164,-31.612675,-28.797169,-29.050322,-33.030983,-35.74254,-33.231747,-33.638874,-34.513447,-21.399164,-13.768093,-14.006083,-20.178047,-24.28499,-27.051613,-28.228321,-29.410627,-33.41884,-34.21496,-30.434658,-26.751637,-26.010225,-24.218586,-24.585342,-27.650518,-28.339008,-24.558058,-22.822723,-20.54434,-23.467838,-29.31223,-30.627644,-31.681585,-32.630737,-33.270947,-34.21581,-34.189915,-34.867214,-35.9938,-35.558094,-35.02444,-36.662033,-26.867104,-17.074581,-14.916043,-16.214153,-18.429588,-18.011845,-18.319704,-21.896563,-27.620483,-30.405056,-27.160063,-25.50251,-28.275911,-28.627342,-23.129004,-22.273712,-25.18733,-30.549854,-29.480057,-17.590105,-15.751591,-20.036486,-23.754013,-25.853434,-30.666029,-32.761425,-32.524963,-31.111658,-29.68775,-30.766636,-26.821712,-25.673552,-28.225368,-30.742605,-31.747477,-17.116339,-4.68324,-1.7201157,-5.4300494,-10.143808,-11.62879,-11.005247,-15.1745615,-19.076923,-17.010418,-14.330307,-8.502828,0.41039938,4.764886,6.585642,4.1761184,-2.4187758,-6.684857,-3.5336719,-4.5439477,-9.027193,-5.0381083,-2.572865,-1.0588748,4.0948033,3.7713866,3.2137296,1.6894006,0.93608403,3.162891,2.5970926,2.1342373,3.4279957,-1.4211262,-2.7054691,-2.1648393,-1.5398158,-0.43896782,-0.5378335,-2.0925488,-5.7252874,-7.996268,-5.6597805,-0.7344314,0.96608514,-1.6656612,-0.89726055,-0.80498624,-0.8534369,-1.77015,-1.1231341,-3.1180654,-6.417298,-6.2350535,-6.617798,-4.0657787,-3.3098025,-8.110122,-11.277275,-11.034316,-9.521978,-9.084581,-7.3430104,-4.218188,-3.9102478,-3.74763,-1.6526918,-3.2670043,-5.6811104,-10.94,-11.466903,-9.727999,-7.177431,-8.538079,-8.484873,-8.384249,-14.241094,-14.571205,-14.544774,-9.663769,-6.705544,-3.6078243,-1.4852179,-3.2063544,-6.550303,-7.1265497,-11.003256,-15.060608,-14.869937,-11.865497,-12.181073,-11.019838,-11.935481,-14.013685,-12.217799,-12.24679,-15.541774,-18.019392,-18.590927,-19.97513,-20.611435,-20.19181,-18.702381,-11.514269,-11.877033,-15.757084,-18.772892,-22.615086,-25.25715,-22.7475,-23.179186,-25.940517,-27.468044,-28.815062,-27.812786,-27.730618,-27.11081,-28.685806,-31.744331,-32.0671,-21.917353,-17.67523,-20.162733,-22.589783,-26.87044,-30.133163,-32.329086,-32.56225,-32.922752,-30.952156,-23.144686,-16.559093,-14.3954935,-14.892212,-14.030975,-6.878547,-4.373886,-3.1276054,-3.586081,-3.5129085,-3.7532268,-6.1644087,-12.868811,-15.050683,-17.321785,-16.614397,-14.562045,-13.562385,-12.522559,-7.2009683,-4.400267,-4.6322865,-6.345848,-6.0838947,-6.6438575,-7.527902,-9.139427,-9.107454,-5.6449075,-8.146225,-10.34629,-9.9718075,-12.180431,-12.979278,-11.88321,-12.454653,-14.014799,-19.497707,-21.46575,-21.830212,-21.985626,-18.876818,-12.677799,-13.500177,-16.058418,-16.902792,-18.826363,-19.951614,-23.197851,-24.25185,-23.384745,-21.682755,-19.202991,-15.156469,-11.727353,-10.352635,-10.919674,-14.044871,-19.990078,-18.458725,-14.431094,-17.08,-21.695473,-22.93905,-25.48619,-28.78748,-27.37256,-28.469978,-28.65316,-25.790337,-22.484074,-22.696486,-24.878788,-26.305012,-28.103464,-19.283482,-11.8177805,-9.38816,-9.182913,-11.185122,-15.758748,-14.996965,-12.323352,-10.527305,-10.287737,-13.642139,-13.983589,-10.772493,-11.4488945,-12.948383,-12.43821,-13.419512,-13.451469,-15.287156,-15.286988,-13.168286,-14.463639,-10.666235,-10.608573,-10.629026,-12.580038,-12.0581665,-11.617809,-14.21617,-9.329102,-7.611268,-9.504011,-10.970123,-12.423559,-8.771936,-12.283176,-12.54356,-11.747642,-13.033743,-16.227911,-17.841223,-19.579384,-19.857046,-13.867799,-7.83062,-7.8106475,-7.9151254,-7.596197,-8.357836,-10.903564,-14.085972,-16.56265,-14.491102,-14.05099,-17.962414,-20.04047,-20.670822,-22.751505,-23.579197,-26.556139,-26.502777,-25.474731,-24.621769,-22.982597,-21.329157,-23.14314,-24.358397,-24.597145,-22.840057,-15.419446,-10.440635,-9.879447,-7.865584,-5.3953457,-4.570001,-7.9493885,-16.289192,-20.4735,-15.062885,-9.441765,-6.7814517,-4.086787,-3.5009778,-3.5955014,-2.60142,-3.2425418,-4.519994,-4.0728383,-3.1702242,-5.741356,-8.627861,-10.611739,-13.077115,-13.702013,-14.71372,-15.472432,-16.30404,-15.365765,-16.679785,-20.802744,-17.923447,-18.52247,-20.270721,-19.28263,-11.574341,-11.526681,-19.755743,-22.800476,-22.96426,-22.570522,-23.851112,-22.532307,-25.143957,-28.84473,-25.168495,-23.782143,-23.909071,-25.263004,-27.056086,-28.826286,-22.487053,-15.460973,-11.712044,-16.321009,-22.199099,-25.20427,-25.406199,-27.506393,-29.960117,-30.516779,-29.564465,-31.050785,-32.336456,-32.481606,-32.59272,-35.962063,-35.973057,-31.536476,-18.90928,-14.578312,-19.113497,-26.408197,-29.631851,-30.525303,-30.711334,-31.932201,-31.841383,-35.106224,-29.30721,-21.809753,-21.051065,-22.642258,-23.527657,-25.789804,-26.360744,-19.50607,-14.827488,-17.375734,-20.759823,-21.91108,-22.913292,-24.929756,-27.171028,-28.036201,-31.702038,-31.73695,-31.312172,-30.870897,-29.926004,-33.94434,-30.623707,-23.784863,-14.307307,-11.036395,-12.789106,-19.32742,-28.885897,-30.192635,-30.470425,-32.99175,-34.263206,-33.42771,-31.370186,-25.706987,-22.263577,-21.639057,-23.20734,-29.472673,-26.716166,-18.936256,-17.52523,-20.689114,-25.415607,-28.293879,-29.889057,-28.326763,-29.626188,-33.256123,-32.672474,-31.260492,-35.94355,-36.899334,-38.226883,-35.869995,-29.618736,-15.503107,-12.345747,-17.580742,-20.407553,-23.521488,-29.694347,-29.806087,-31.466564,-33.603996,-29.434338,-31.244661,-37.665764,-34.554413,-28.083723,-27.16506,-31.353758,-19.284664,-8.629462,-8.632902,-12.296862,-14.693488,-17.721043,-19.934546,-19.722458,-21.260586,-19.734165,-17.748373,-13.479342,-11.988859,-11.028917,-10.745979,-13.075661,-16.540674,-16.273905,-15.815873,-9.988123,-9.448952,-15.720551,-18.71368,-22.453444,-28.60039,-27.751915,-16.966583,-11.658186,-12.224774,-13.35186,-19.152504,-23.628809,-22.182468,-23.568436,-21.574429,-19.285282,-15.10014,-13.165536,-17.828978,-24.04953,-25.844124,-23.725252,-23.56141,-20.43092,-13.702475,-11.784376,-11.643542,-13.238588,-15.150432,-14.434799,-15.859343,-17.788233,-21.354914,-22.32019,-20.466888,-17.536882,-18.768372,-20.04718,-22.141352,-25.080854,-26.863258,-25.89547,-26.916235,-30.894714,-30.356428,-30.632915,-29.686981,-27.75768,-31.274137,-31.895054,-26.642944,-16.983791,-15.05604,-19.019148,-24.448383,-26.897366,-21.842049,-18.859364,-20.845793,-22.983257,-21.542242,-23.258932,-24.623644,-27.39314,-27.462303,-27.302658,-29.3703,-26.802633,-16.314808,-15.177168,-20.58425,-23.986004,-23.309927,-24.900314,-28.610691,-29.177647,-30.497631,-32.8786,-32.702602,-30.197308,-26.347168,-28.223639,-33.123497,-35.545647,-27.921448,-19.627956,-22.241215,-28.24281,-27.042713,-28.026941,-29.835747,-32.035774,-33.35712,-35.113586,-33.521618,-25.712612,-21.650532,-19.570316,-22.121428,-25.923681,-27.49059,-23.124254,-16.061071,-13.768629,-17.451563,-21.757109,-24.528973,-22.367447,-23.330029,-21.742977,-21.914833,-23.08173,-24.828405,-28.00768,-27.903307,-29.112179,-30.19777,-31.018991,-31.952522,-22.905607,-16.515762,-15.012101,-16.758184,-18.16353,-20.043612,-22.487993,-24.01581,-23.7482,-23.229044,-26.276207,-24.93553,-23.122196,-22.626518,-23.237091,-24.681757,-20.394117,-11.827749,-13.26879,-20.926607,-20.58741,-20.36219,-21.59002,-23.426783,-23.734695,-23.378527,-23.620468,-24.614017,-24.432362,-25.003704,-26.344467,-24.277245,-24.475391,-24.995043,-23.72943,-19.134335,-16.444721,-16.264431,-15.337109,-15.604964,-16.48396,-17.943014,-22.140331,-23.136787,-22.71405,-25.544369,-26.385191,-24.883743,-26.54313,-28.879337,-26.763924,-18.003595,-11.142305,-13.499981,-18.566774,-20.470695,-14.5091305,-9.742271,-13.464866,-23.52232,-16.102367,-14.8121605,-20.241793,-22.583336,-25.052094,-25.417011,-17.796284,-14.0438595,-14.477221,-12.7272,-9.870824,-10.641602,-10.119364,-9.784059,-13.289528,-16.220144,-15.404625,-17.891075,-16.637476,-14.381914,-13.793255,-13.730842,-17.529549,-15.987483,-13.805143,-15.614195,-15.934671,-14.413141,-16.998537,-21.935879,-20.349226,-14.86848,-13.463516,-17.361893,-19.317093,-20.877884,-21.796852,-16.227621,-9.039813,-7.2849774,-13.274357,-17.511421,-18.2062,-13.457607,-10.431927,-9.637336,-12.420798,-17.589998,-13.746767,-13.653278,-11.98587,-12.6156225,-13.31916,-13.657689,-12.6457615,-10.109048,-10.831062,-15.620396,-22.035408,-21.217846,-18.25013,-17.83766,-16.545202,-13.810541,-10.069965,-11.4221115,-18.490318,-15.952338,-13.822998,-17.665121,-18.100231,-15.378579,-14.040369,-14.01951,-17.764416,-19.723026,-14.285767,-14.232359,-16.86041,-15.083957,-17.31902,-19.189552,-19.541952,-20.742628,-24.632812,-23.86779,-24.264011,-26.219337,-27.117651,-26.685896,-27.619331,-29.934982,-28.962101,-19.620749,-16.903965,-18.074387,-19.296677,-18.619675,-19.572657,-22.013199,-25.10426,-27.089102,-27.646572,-26.430954,-21.00027,-19.514143,-20.8045,-23.115986,-24.895382,-24.16066,-19.54027,-18.636854,-18.778631,-20.113852,-21.441404,-23.898401,-26.549778,-32.23434,-32.9025,-31.933113,-31.448,-28.53612,-27.28371,-27.897894,-29.602766,-29.013319,-24.543627,-14.972062,-9.127915,-12.147089,-19.723072,-24.373693,-25.549372,-25.192268,-26.725092,-27.197973,-27.14859,-24.016981,-20.055677,-20.085094,-21.548159,-23.644712,-27.379171,-22.994984,-17.74674,-13.733893,-12.602376,-15.826838,-17.426237,-18.429028,-20.275883,-22.782003,-24.172438,-23.961262,-23.123789,-22.820665,-24.597519,-27.27793,-26.266243,-25.662052,-27.245481,-19.346455,-14.431943,-15.096903,-19.83086,-24.133675,-25.45231,-27.206326,-29.659004,-32.936676,-30.101633,-26.70742,-25.985052,-20.441153,-19.307316,-23.693914,-25.187153,-25.516119,-18.057348,-13.890558,-17.044226,-21.72607,-26.037474,-31.209352,-32.760235,-33.868595,-36.233765,-35.96562,-32.84508,-19.620916,-18.322886,-26.94359,-20.495842,-17.960732,-24.533546,-18.326332,-14.785166,-14.207997,-17.59296,-22.959831,-25.757177,-28.202696,-28.035019,-27.637619,-18.770239,-5.7916665,-4.93943,-12.1640835,-20.629599,-20.55765,-20.422241,-14.197141,-9.954168,-8.61837,-12.366314,-11.521231,-10.50477,-14.21275,-14.582835,-9.942678,-7.5827866,-11.281528,-10.170332,-7.757855,-11.709733,-15.830889,-12.490929,-12.507015,-9.299887,-9.206704,-10.200125,-10.788621,-13.3309765,-17.054874,-15.669792,-15.1261,-14.73037,-14.797019,-14.979415,-14.9880085,-16.295422,-15.694722,-14.995166,-17.890757,-21.954937,-22.476654,-21.37621,-14.303598,-12.347316,-17.911604,-23.077606,-23.842514,-23.717745,-22.559364,-18.748606,-15.048389,-16.816534,-22.457672,-25.91176,-24.990656,-22.113548,-18.465706,-20.576838,-16.537462,-6.8758636,-6.266597,-11.3018265,-11.31706,-14.425318,-15.7630005,-18.43715,-16.942238,-18.054413,-10.949415,-6.773346,-10.42255,-18.810123,-16.840914,-15.451269,-17.633204,-21.46925,-26.197224,-17.059198,-15.5376625,-20.35072,-22.011023,-24.16828,-25.028555,-25.231625,-22.24206,-24.858799,-26.286118,-24.913551,-25.769188,-23.513462
-30.652012,-27.914474,-26.527649,-27.78275,-26.414707,-25.045292,-26.76691,-25.720919,-26.552858,-28.999231,-29.745907,-32.022095,-34.41348,-29.828777,-19.905693,-19.485218,-22.450506,-24.761656,-29.49926,-32.448532,-32.514057,-33.772915,-36.566414,-32.683014,-28.874863,-28.75722,-28.05001,-25.225832,-22.714607,-24.761814,-24.594631,-16.22953,-12.023447,-12.14651,-14.751357,-16.763498,-19.376257,-22.54223,-26.718588,-31.106453,-28.85483,-24.39786,-23.406067,-22.047256,-21.138105,-21.931557,-23.028885,-21.738329,-18.121952,-16.668163,-19.046787,-23.025972,-24.351084,-25.114464,-26.506807,-30.173166,-32.782406,-31.472809,-31.785612,-31.585308,-32.91642,-34.437088,-32.89366,-31.140236,-30.877022,-19.924261,-12.690136,-12.261454,-17.453123,-22.58314,-24.74736,-24.824743,-24.825048,-24.71139,-26.98359,-28.256283,-29.540407,-29.008045,-29.201004,-30.90884,-36.39526,-36.379333,-32.978706,-21.264587,-16.885292,-19.824245,-23.468391,-25.537264,-29.020355,-33.928337,-30.94868,-14.092485,-5.530469,-4.802392,-9.4155655,-16.454037,-17.150629,-19.59439,-16.963848,-15.261306,-12.13516,-13.579229,-17.82599,-17.862812,-13.310551,-11.554626,-16.987358,-22.184792,-21.6496,-17.962467,-12.1797905,-9.096278,-7.1050982,-5.963013,-7.666157,-13.721275,-18.430006,-15.744934,-15.634871,-16.301937,-16.263329,-20.263409,-22.47738,-24.180851,-22.695778,-17.004581,-13.017215,-11.954691,-11.860076,-14.767114,-20.271519,-21.823372,-20.983679,-19.597677,-15.026565,-13.48184,-16.948431,-22.323301,-23.54047,-22.79192,-25.78144,-26.447992,-25.35144,-25.556488,-26.77825,-26.899738,-23.586563,-23.166943,-27.010477,-28.959639,-31.546354,-27.760357,-23.48465,-24.671316,-23.432188,-20.740467,-17.7929,-18.526016,-20.716867,-23.565144,-23.83749,-25.636509,-29.479923,-28.593359,-26.739914,-28.113113,-30.517498,-28.022495,-19.964226,-12.333757,-9.226445,-6.7843485,-11.753987,-10.925546,-10.21248,-12.761244,-16.775206,-18.861568,-20.52111,-17.264389,-15.488962,-17.893356,-19.807657,-21.257118,-23.18303,-24.061829,-17.928469,-15.897511,-19.1041,-20.587217,-19.494345,-18.651031,-18.403599,-18.490442,-21.625748,-21.585722,-24.621956,-23.446732,-21.816998,-19.593542,-16.811209,-17.240278,-19.045704,-15.320734,-15.574146,-18.623999,-20.156183,-18.827322,-20.544558,-21.032566,-21.730528,-23.41342,-23.868818,-22.489555,-20.037252,-19.506947,-21.39303,-23.436401,-24.488695,-21.457516,-12.167053,-13.730709,-19.927177,-22.891365,-24.775154,-26.343864,-25.57064,-25.33068,-26.104294,-22.817917,-18.395002,-20.69204,-22.698288,-24.282274,-23.293467,-21.930761,-21.052217,-18.020828,-18.901154,-23.247627,-25.436747,-27.915392,-24.01384,-20.599358,-21.075745,-19.673824,-20.325375,-18.702875,-15.843068,-17.39824,-21.141108,-26.47252,-25.37587,-22.175156,-19.182037,-16.709497,-11.646237,-11.607958,-13.027058,-14.856967,-14.3924055,-13.057888,-14.549079,-17.946062,-24.84335,-27.471035,-25.29964,-24.041512,-25.177494,-24.467392,-10.6166115,-5.03333,-6.040251,-10.298375,-16.282969,-20.438446,-17.19878,-14.436454,-11.978853,-11.416836,-12.587447,-13.533887,-14.769559,-19.943754,-24.756136,-21.473091,-21.505241,-22.94914,-19.792398,-18.711645,-20.425417,-22.371351,-22.977285,-23.090256,-21.08242,-20.664179,-22.016273,-23.06768,-19.702662,-17.85333,-17.076761,-15.433586,-15.254645,-16.66364,-16.947744,-13.77954,-12.358012,-14.633026,-18.281906,-22.363642,-18.511047,-17.217812,-17.718412,-16.927471,-16.6338,-17.571186,-16.99908,-16.138317,-17.623568,-21.486025,-24.114014,-22.453135,-16.854216,-14.913233,-14.826565,-19.314884,-20.83557,-18.904158,-22.070305,-26.238222,-28.778942,-31.447014,-30.679237,-28.615395,-29.972443,-36.95716,-32.892498,-25.00122,-13.939542,-11.429992,-11.984751,-14.078902,-19.104454,-16.353949,-15.531168,-16.292202,-13.973102,-13.761545,-15.839382,-16.97226,-17.483587,-20.535677,-22.647799,-25.901901,-27.635107,-22.567911,-16.648863,-15.591756,-18.129972,-21.962093,-24.878773,-25.668518,-24.978848,-27.574566,-28.320835,-24.139364,-18.995548,-17.106148,-17.32456,-19.380602,-22.70872,-22.672935,-18.569979,-5.9563923,0.049403977,-1.239275,-6.1570406,-4.8657,-4.3410983,-10.991554,-10.914043,-11.8622675,-9.556287,-0.04809614,0.8410723,-1.229317,-0.8164448,-5.455933,-11.384275,-11.221703,-10.204388,-10.556985,-11.645035,-12.45247,-5.5844784,0.19601223,0.32687652,-7.006524,-5.0116596,0.9318256,2.8216949,3.19103,3.5986977,0.27884376,-6.6343346,-4.3678985,-3.7006583,-4.891177,-5.4385304,-4.5868297,-0.09891275,2.7738678,2.1663094,-2.1710389,-6.4926367,-6.0308146,-0.8018383,-0.76855487,-4.5128903,-7.5321555,-7.0718484,-8.839973,-10.031823,-9.751398,-10.759031,-10.641773,-9.957701,-11.372195,-10.552986,-12.24205,-13.289752,-11.797094,-8.771691,-6.9064136,-9.3894,-8.961354,-7.265441,-8.233957,-5.447559,-6.7163258,-7.8515654,-5.172972,-4.348237,-6.116251,-6.04281,-8.815065,-10.927011,-6.814646,-8.756331,-11.870762,-11.826049,-14.621899,-11.583065,-9.081073,-9.525879,-7.7143507,-6.6835117,-7.947552,-7.791515,-8.745433,-12.258052,-13.191576,-12.375433,-9.059962,-4.22635,-2.2668147,-3.161457,-5.795209,-8.552429,-9.904616,-11.5799885,-13.577276,-16.021816,-16.314985,-17.077297,-11.661968,-9.036896,-7.23433,-7.31316,-11.91864,-19.561634,-16.325,-13.74095,-15.655632,-17.092215,-19.030567,-18.03848,-18.746212,-23.707851,-21.458445,-20.129206,-23.292156,-23.23515,-17.500149,-16.66953,-18.464996,-24.693932,-27.671032,-25.841854,-27.024954,-26.375511,-21.84621,-18.372114,-14.157709,-9.782599,-11.604781,-11.255558,-5.0963593,-3.3717256,-4.2622027,-4.991385,-2.6097786,0.45866066,-1.9846935,-10.538044,-11.036884,-14.202691,-15.706225,-14.5822,-13.445221,-12.109384,-7.7730827,-3.3284843,-2.7416847,-2.3899374,-0.24220967,-0.3287146,-2.499843,-5.3502803,-7.9973545,-7.3480277,-6.259284,-6.6711884,-9.716461,-8.710679,-10.2927475,-13.057257,-12.043737,-12.341286,-16.830446,-18.41573,-16.574617,-16.759974,-11.72905,-6.263386,-9.271315,-14.414725,-13.250227,-16.708101,-20.926788,-19.307306,-18.322643,-16.769615,-14.191256,-11.633464,-11.039221,-10.718067,-10.266382,-12.707144,-14.50678,-13.838025,-13.623465,-14.521807,-17.089321,-20.264011,-23.490242,-22.076616,-23.474174,-25.67397,-24.835934,-25.954437,-20.054638,-18.849548,-17.315441,-15.681099,-16.78322,-18.171791,-14.3116045,-8.611786,-4.784795,-6.7904544,-9.9146595,-11.625788,-11.433435,-10.678538,-8.720847,-8.713675,-8.16791,-10.051683,-13.44488,-10.627698,-11.191715,-11.099615,-10.755544,-11.252185,-10.317848,-12.373895,-13.279199,-12.999239,-15.899373,-17.944975,-12.408523,-10.13884,-12.316275,-12.744723,-11.599974,-10.800768,-10.590857,-8.583594,-9.873073,-12.715473,-10.194439,-12.843562,-13.441578,-11.71594,-9.105839,-6.8388824,-6.8284397,-11.802603,-19.731949,-19.126368,-20.050955,-14.259995,-11.798554,-12.960421,-12.066798,-13.250031,-12.886402,-14.072348,-12.29725,-10.223835,-12.804567,-15.046983,-18.210827,-23.456078,-27.128859,-25.108688,-23.052542,-22.523815,-18.52208,-16.525532,-19.105896,-20.035065,-20.112612,-21.608036,-21.428886,-13.449062,-7.6014423,-2.442949,-0.9947962,-5.0701814,-8.557928,-12.910046,-19.186394,-18.27573,-9.895815,-2.9779139,-0.3740464,-1.4135418,-1.101362,-0.58678603,-3.5188296,-4.091849,-3.412108,-5.6056795,-7.2271795,-5.323701,-7.0495815,-10.193367,-10.300396,-11.25655,-12.531587,-15.408047,-16.725843,-17.2712,-17.162,-18.127169,-18.409302,-17.201626,-17.708199,-13.736925,-7.247207,-7.954235,-9.885639,-15.190559,-14.365882,-16.393797,-18.830868,-17.28144,-19.987238,-15.943636,-15.887298,-18.788214,-21.8372,-20.352924,-21.52673,-24.586857,-22.609385,-17.637344,-14.5744915,-14.702116,-18.71271,-19.257187,-22.565899,-22.691761,-23.021904,-24.787207,-27.669476,-31.886503,-33.00017,-34.40721,-33.09744,-30.016901,-31.98943,-26.57658,-14.623066,-11.786342,-16.26115,-17.251373,-17.754019,-18.776989,-18.22784,-18.784966,-17.606876,-17.896511,-19.360222,-15.176052,-14.905508,-16.837091,-17.084225,-18.238514,-20.380575,-17.821657,-13.48433,-18.634813,-24.110346,-21.894913,-24.54399,-27.97261,-26.886318,-26.43761,-27.335398,-26.08175,-28.343012,-32.80726,-33.536743,-31.650745,-25.147224,-17.446957,-11.349488,-8.26112,-9.654037,-15.856541,-20.251564,-19.901072,-19.930567,-20.233812,-19.410547,-19.977058,-20.111485,-17.166317,-16.34008,-17.498638,-19.333748,-22.932024,-24.506794,-18.378164,-17.828798,-21.998922,-24.077093,-26.723167,-28.119028,-25.951195,-27.122686,-29.651003,-30.399021,-32.085815,-34.17149,-34.07045,-35.541336,-32.577274,-23.386175,-11.133806,-9.680503,-13.758607,-13.817906,-16.632832,-16.633259,-19.478052,-20.444344,-21.262665,-23.104576,-23.921055,-23.797338,-23.500984,-25.080227,-26.953773,-26.428661,-17.898523,-10.802175,-9.378013,-11.776241,-12.774088,-13.26638,-17.484673,-19.578777,-17.451298,-14.496774,-11.685453,-8.990324,-8.378575,-8.187963,-6.0901885,-6.6830454,-5.7083807,-6.505244,-7.371342,-3.9868832,-3.7093854,-7.687088,-9.680114,-12.833443,-18.848427,-22.755707,-17.496475,-14.354767,-12.967823,-15.062315,-20.508402,-20.570621,-18.216518,-18.860788,-16.981117,-16.731546,-15.9886,-14.089308,-17.618893,-20.081558,-21.18956,-21.849129,-16.314753,-13.940435,-13.475203,-13.843168,-12.312185,-8.958713,-9.532941,-13.734808,-16.731304,-18.661272,-20.820845,-20.627443,-15.473963,-16.133997,-21.451483,-22.343906,-25.487526,-26.08017,-26.064566,-27.079697,-29.859762,-27.767288,-25.883959,-27.902332,-25.93235,-24.686104,-27.786102,-26.370296,-23.254597,-16.669668,-16.26535,-19.943876,-21.222958,-22.837008,-23.741644,-22.485811,-21.223682,-19.00234,-20.078554,-25.841389,-26.231955,-28.338722,-29.12719,-28.260338,-31.549438,-26.92353,-14.622945,-12.819524,-19.595829,-24.891777,-27.514118,-28.0266,-30.882755,-30.427835,-30.652004,-32.643024,-32.953827,-31.035942,-29.460943,-29.109947,-31.201172,-33.007534,-30.443113,-24.400911,-25.714748,-25.749262,-24.578888,-27.064865,-33.42198,-34.104477,-36.09888,-36.468872,-30.230417,-23.578651,-20.639385,-20.678862,-26.340385,-31.582996,-28.410172,-22.213697,-12.768664,-11.221828,-19.128624,-27.534246,-26.446169,-25.91445,-24.722755,-25.09467,-26.967371,-25.364784,-26.266891,-29.860481,-30.859766,-30.666788,-32.230904,-31.17104,-28.714687,-21.075264,-16.387644,-20.18266,-22.99715,-23.038988,-25.12636,-26.401615,-26.280476,-24.872574,-24.330566,-27.793846,-26.982876,-26.57721,-26.678043,-26.568632,-27.54684,-24.264067,-15.051363,-14.147595,-20.036041,-24.209564,-24.797798,-27.534819,-29.040504,-27.989887,-27.774231,-27.406723,-29.075987,-29.277744,-26.389458,-25.104488,-28.966387,-31.663076,-32.99247,-27.926905,-21.261303,-17.241999,-17.420887,-16.630423,-14.693491,-15.90721,-19.214027,-22.247812,-23.766396,-23.520681,-22.993713,-23.066538,-24.438377,-26.326227,-25.807713,-24.872044,-21.051556,-14.542824,-15.310573,-19.526022,-22.579472,-17.292507,-13.287763,-16.657536,-21.278486,-17.590565,-16.341917,-15.982741,-17.078392,-23.236134,-22.3471,-20.961632,-15.6507635,-15.051783,-11.401979,-10.16267,-9.7395,-8.852496,-8.954466,-10.886795,-13.5408,-13.59715,-13.349501,-12.21486,-12.786397,-16.506912,-15.347424,-14.812092,-19.446842,-21.142195,-21.09128,-16.981033,-13.55591,-16.255642,-21.806086,-21.103813,-13.504112,-12.92865,-16.182253,-20.425743,-21.20259,-16.32402,-11.341618,-11.053704,-8.863234,-7.7346635,-8.614891,-10.00736,-12.640544,-13.415789,-14.477037,-17.716429,-17.83628,-17.83191,-16.788498,-16.75998,-18.717466,-17.460506,-16.385996,-13.282707,-10.870735,-12.265612,-16.806757,-18.703535,-20.694477,-18.732388,-17.167362,-11.15243,-11.077791,-13.885252,-12.849575,-16.542149,-11.488661,-10.52985,-16.246872,-14.880195,-9.839773,-8.203488,-12.304354,-18.077568,-18.690948,-15.892351,-12.248855,-9.235669,-8.4809475,-8.770808,-9.287498,-11.92284,-13.386674,-15.187917,-19.186417,-20.977163,-20.814732,-22.808477,-22.410202,-23.708302,-24.953173,-22.70494,-12.687701,-11.097868,-9.61234,-8.069946,-8.331158,-9.121782,-11.317014,-14.563826,-16.262428,-14.696804,-15.1357765,-13.213823,-13.825905,-16.35802,-21.631077,-25.658686,-25.265455,-21.505678,-17.758438,-18.4813,-19.380157,-20.761288,-25.177832,-25.984571,-25.83722,-28.877602,-28.073637,-23.771713,-14.551759,-11.099543,-11.778258,-13.521151,-15.15181,-15.7862625,-13.620073,-9.622563,-12.436954,-13.586797,-13.361124,-13.658213,-16.287666,-21.197636,-23.274858,-18.876268,-17.323116,-15.2172575,-16.080725,-18.295391,-19.33347,-23.271214,-23.386831,-18.1493,-15.510465,-16.209305,-22.006647,-24.552298,-22.953634,-24.1603,-26.128035,-28.468245,-29.685324,-27.173864,-25.568598,-24.49027,-25.589333,-27.993105,-31.400583,-23.26895,-12.513353,-6.6669436,-6.0547547,-7.722285,-10.20159,-12.770981,-15.540632,-16.729235,-18.586662,-22.530935,-23.275013,-22.691204,-17.397205,-15.758169,-18.258093,-17.682987,-17.69555,-16.250664,-16.067965,-19.825201,-21.26139,-21.340527,-21.24141,-24.43301,-28.13015,-29.18232,-28.30783,-26.422989,-24.0395,-23.671185,-26.916542,-25.571075,-23.47375,-26.380753,-20.125858,-14.1047945,-7.5916786,-6.400433,-8.443615,-13.126155,-18.015793,-14.636049,-11.861538,-11.991588,-10.93423,-9.56259,-14.153329,-19.36048,-19.360607,-18.831291,-11.50773,-9.522122,-10.071892,-7.6358232,-9.957638,-14.282787,-10.544451,-8.459764,-0.9167972,0.7787837,-1.0767014,-4.2577224,-5.427287,-3.0927033,-3.6205878,-7.342859,-6.7479506,-7.948229,-11.893144,-7.414463,-7.564971,-8.597109,-8.006843,-7.572856,-9.678805,-11.410474,-10.041611,-7.91357,-8.975603,-7.966971,-7.2030883,-11.46446,-14.067878,-15.314035,-15.6628685,-13.83524,-12.532986,-10.978981,-13.304966,-14.828289,-18.729752,-23.125837,-17.541851,-14.166588,-15.747252,-19.146893,-16.684889,-16.610205,-18.05768,-16.398472,-16.342007,-21.642956,-23.432556,-16.42674,-11.135281,-5.845902,-5.181137,-8.1827545,-9.717165,-10.522351,-9.776,-7.070062,-5.672761,-7.975642,-6.4646673,-3.1358898,-2.8363657,-1.8641713,-1.3578424,-3.3712628,-4.36697,-3.7435102,-6.8146462,-9.117833,-8.637323,-11.911026,-11.823806,-14.387955,-13.926123,-8.604734,-7.9869537,-7.7354817,-7.8089566,-10.663027
-14.553238,-16.9616,-22.540045,-22.510658,-22.728634,-22.873995,-22.305212,-23.646019,-22.377583,-19.909729,-22.169575,-25.119347,-23.842358,-24.480045,-16.350695,-14.851732,-18.475174,-20.422651,-26.643724,-28.879913,-28.772285,-28.483307,-30.156614,-28.535084,-23.376825,-14.925603,-12.364948,-11.561907,-12.844488,-14.564897,-16.563742,-14.082776,-10.51817,-9.023392,-8.648708,-11.499887,-14.936981,-18.435085,-20.561646,-20.074276,-21.352577,-24.954779,-25.061571,-23.144285,-21.644081,-18.17811,-17.77347,-19.288658,-14.786481,-15.284441,-16.93666,-18.484842,-19.658077,-21.462412,-23.349125,-27.61399,-27.409994,-24.217665,-24.772852,-28.478079,-27.64348,-26.706505,-29.944508,-29.751642,-28.908981,-20.101597,-11.993137,-8.740717,-12.617966,-20.469028,-17.468245,-15.787943,-16.246592,-17.671726,-16.716406,-12.386711,-12.558843,-16.61985,-20.667618,-21.26092,-22.486456,-23.860916,-22.68826,-23.83487,-18.418617,-18.153677,-19.911736,-19.843811,-20.913055,-23.54895,-24.402645,-13.475671,-4.049523,-1.8726208,-5.5860972,-10.725489,-13.312738,-14.117832,-13.310411,-12.475704,-9.364119,-8.460855,-8.748934,-10.385203,-13.219196,-14.267591,-15.979851,-19.583591,-20.90851,-12.90036,-8.14247,-7.9498215,-5.836163,-5.7927938,-9.153341,-16.11039,-20.10748,-16.542786,-16.15401,-17.073538,-15.833704,-17.70233,-19.333206,-22.191755,-20.237494,-14.430298,-9.348392,-8.465363,-10.202269,-15.0343075,-18.010794,-20.180815,-22.99776,-22.92049,-17.954828,-12.527257,-12.657204,-16.070168,-21.376793,-23.088596,-20.919369,-18.073994,-18.871181,-21.040659,-18.518557,-18.42792,-21.52182,-23.486763,-21.108116,-21.677816,-27.616562,-26.152477,-21.948664,-21.44535,-21.16579,-20.162552,-17.959492,-17.980585,-19.438955,-25.689734,-25.930923,-25.928783,-27.996914,-29.806337,-29.255236,-27.258015,-29.340816,-29.68803,-17.482075,-10.274643,-7.3104906,-4.867057,-7.557852,-9.302511,-5.9424944,-6.359772,-10.677075,-12.802476,-14.682619,-14.872614,-16.646765,-17.244432,-17.9435,-20.726303,-19.52155,-19.705952,-17.527391,-14.604542,-18.795399,-18.244759,-17.587217,-19.926762,-26.300156,-22.833935,-19.4748,-19.624146,-22.744617,-22.18333,-17.451105,-13.1518545,-10.962179,-11.070658,-15.862847,-13.925551,-9.091711,-7.4083843,-8.855797,-12.019976,-14.779404,-14.903801,-14.816721,-17.66219,-20.504675,-20.924751,-20.54476,-16.82107,-17.745474,-22.535786,-23.537634,-19.308643,-12.493239,-13.582634,-18.035954,-18.978836,-21.086277,-24.00756,-22.397213,-24.74947,-27.13333,-19.636995,-15.672182,-11.87863,-12.049008,-14.903508,-16.881147,-20.394508,-19.694775,-16.245705,-12.692986,-13.53032,-17.99283,-19.434233,-18.54031,-19.975904,-20.615498,-20.874931,-22.500113,-23.702217,-19.85245,-17.402042,-18.82822,-22.385082,-21.505262,-17.86598,-15.97768,-17.455505,-11.686514,-10.3376665,-11.7127285,-12.931652,-12.81035,-12.107246,-14.593625,-18.633574,-23.489359,-22.392912,-21.80092,-22.956573,-23.74223,-22.407784,-12.645857,-10.423146,-10.625239,-14.2929,-21.25113,-23.546413,-20.981169,-19.093798,-19.650204,-19.43966,-20.269894,-19.792974,-19.566622,-21.45948,-23.07837,-22.865795,-22.43699,-24.3013,-21.517895,-20.47415,-23.866293,-25.523365,-26.82119,-28.193764,-28.36611,-28.234816,-28.703629,-27.1781,-25.460608,-23.391228,-24.929981,-25.133064,-24.18034,-25.121271,-20.416029,-12.786915,-12.774296,-15.46248,-19.136082,-23.507866,-23.368864,-22.443329,-21.089754,-21.543186,-21.473606,-22.121992,-22.345945,-20.69527,-22.679905,-23.071547,-22.884468,-17.882952,-14.191557,-16.886295,-18.272867,-22.392727,-21.888664,-20.484056,-22.716003,-25.418743,-27.16841,-28.06113,-28.709679,-29.0713,-29.46476,-32.53962,-30.351982,-25.253933,-17.615574,-11.93057,-9.881197,-9.776707,-12.125636,-17.489168,-18.109144,-18.00943,-16.511324,-17.272968,-19.005754,-19.0017,-19.626114,-20.4155,-21.232586,-21.707651,-21.65129,-21.681864,-13.947432,-13.322319,-20.297924,-22.64154,-22.91811,-24.750717,-25.671276,-27.138117,-27.801197,-27.406614,-24.54115,-23.925962,-24.424866,-26.804474,-27.215841,-26.376524,-20.528622,-5.3005404,2.7735634,2.3019807,-3.3773634,-2.517303,-1.264374,-7.6184263,-9.909386,-11.667179,-10.006452,-3.53891,-5.427787,-11.383059,-10.073427,-7.814012,-5.405714,-3.8545823,-3.4016016,-4.392489,-4.687186,-7.6022096,-10.062546,-8.760239,-8.416115,-6.046924,-5.4721127,-7.247169,-8.15954,-6.23344,-2.4665968,0.5975199,0.9904592,0.92740476,0.47721785,-0.5616116,-0.9317231,-2.5659604,-4.3908806,-0.23015432,1.8304396,-1.2551831,-1.3882138,-0.060609993,-5.157381,-9.852351,-5.8124924,-2.781598,-0.39687607,1.170909,-0.16648036,-1.0601481,-1.5128053,-0.7802575,-0.1696059,-2.5259922,-7.40897,-10.160955,-8.658298,-9.564313,-3.0312405,2.192381,1.2589185,-2.6972709,-1.5777588,0.49160656,4.532139,4.951863,1.1737615,-2.8021562,-2.9312582,-7.266491,-6.896886,-7.514126,-6.0674977,-7.060898,-8.834307,-10.214964,-12.078072,-9.837095,-5.307373,-2.7479496,-2.3732572,-5.150254,-5.151181,-6.302294,-7.1132727,-9.985636,-11.760389,-14.061359,-9.699096,-7.6940684,-10.077914,-8.257334,-8.246711,-8.96092,-11.821261,-13.257999,-13.359417,-18.174358,-20.346905,-17.17931,-16.423134,-11.169896,-10.940074,-10.527998,-11.157989,-14.602853,-15.830751,-15.04959,-15.575872,-16.330803,-16.359314,-17.295181,-18.89639,-18.220545,-17.355028,-18.797132,-18.110191,-19.364693,-20.501516,-17.470114,-17.228111,-19.1563,-22.225616,-23.411028,-23.649237,-26.070929,-25.123337,-26.1454,-23.659399,-19.653055,-14.474803,-13.358114,-11.846579,-5.193171,-5.5833435,-7.9745636,-7.469632,-5.894471,-3.2375026,-4.353833,-10.321297,-12.58041,-14.497189,-14.944247,-13.799729,-12.769288,-9.952172,-6.977856,-3.3593159,-0.48818028,-0.6060844,-1.3863857,0.26835254,1.933012,-0.06576877,-0.8620484,-1.1975614,-1.1959629,-2.3327155,-4.233637,-7.586274,-10.4289875,-10.684412,-9.964001,-10.628195,-13.6237,-15.546558,-16.456867,-15.005806,-13.096195,-8.479819,-8.816842,-12.90399,-15.840922,-17.04069,-16.097315,-17.401087,-19.906673,-19.289299,-18.03556,-13.776921,-12.157083,-10.352509,-7.162649,-8.241657,-13.439575,-17.323557,-17.540018,-16.000454,-16.499657,-19.128956,-24.561195,-24.252361,-23.074638,-24.610676,-28.231083,-25.428335,-21.578579,-21.43137,-21.24551,-21.726154,-23.709524,-24.58905,-15.154707,-10.64105,-10.13162,-10.478978,-11.727665,-11.360851,-9.454452,-10.199749,-10.370001,-10.863181,-9.298725,-9.863311,-11.381599,-10.162258,-11.855291,-12.275128,-13.395191,-13.157182,-13.372599,-16.088337,-15.890581,-13.917507,-10.425807,-9.194643,-11.364632,-11.493471,-8.689611,-9.737929,-13.5478325,-11.219784,-10.445429,-14.558306,-14.908771,-11.3432255,-10.285805,-14.342298,-14.147909,-12.024021,-10.387779,-11.547913,-11.622891,-16.551304,-16.205498,-11.672697,-4.1020703,-1.6929939,-2.9154806,-4.2802687,-5.84893,-6.6092916,-6.583151,-10.099876,-16.092136,-15.373272,-15.45611,-16.788023,-18.734348,-17.988686,-19.757263,-21.316488,-18.65657,-17.016432,-14.276655,-14.044348,-15.942306,-16.941475,-19.07336,-20.747602,-18.100681,-11.317852,-6.302617,-5.920196,-2.95398,-3.0971754,-8.934471,-13.838883,-13.710047,-14.7763815,-13.1741905,-10.145832,-5.2297235,-3.510455,-0.44093665,2.4356608,2.5349905,1.3519918,0.070769235,-1.4197983,-2.574698,-3.4096742,-5.7396936,-8.470714,-7.5421615,-9.43944,-12.777843,-15.628613,-13.674721,-14.928385,-17.02,-16.609785,-17.334152,-15.82831,-15.871038,-15.851038,-8.606991,-8.267681,-12.259672,-17.983458,-15.814226,-18.15062,-20.945816,-19.744226,-20.459026,-18.71925,-19.364504,-22.995052,-28.87042,-26.849659,-26.24812,-25.756758,-21.820929,-17.243,-15.426206,-18.57035,-23.197342,-24.517813,-25.338562,-26.037663,-25.479313,-29.39246,-29.982119,-31.258976,-32.454865,-33.45902,-34.047035,-31.925941,-33.356777,-25.318768,-13.181231,-12.043696,-15.561102,-18.370117,-20.189445,-21.280773,-22.494343,-23.671124,-23.127247,-22.492544,-24.604189,-25.704105,-26.810238,-26.502897,-25.727882,-28.719213,-26.387535,-19.582561,-16.586802,-18.930983,-23.805609,-23.372297,-25.809965,-28.149225,-29.751652,-33.515297,-34.570538,-34.54393,-34.226208,-37.93903,-39.97195,-35.15446,-28.10008,-20.766697,-13.74815,-12.024029,-14.434027,-19.102766,-22.42984,-22.964602,-23.94342,-24.419012,-24.817522,-25.367481,-26.6427,-25.934566,-24.052227,-22.907524,-27.166817,-28.402134,-25.58139,-16.75749,-14.67366,-19.451504,-21.650564,-23.330042,-27.516806,-24.456491,-22.630156,-25.269154,-28.599794,-33.705933,-35.58142,-32.52358,-30.664516,-31.631699,-23.104378,-11.867932,-9.095243,-14.687358,-18.639393,-21.183002,-23.669613,-25.336874,-25.338215,-23.806442,-23.38524,-24.54917,-25.675278,-28.328041,-29.376095,-27.442093,-28.276897,-20.036478,-12.82962,-10.405751,-8.276151,-8.870939,-11.911183,-16.318012,-18.4674,-16.088903,-13.486614,-10.871441,-9.990076,-10.576363,-7.5310683,-5.3619103,-6.759786,-11.123211,-12.676317,-11.718415,-10.681635,-8.106118,-9.387599,-12.826897,-18.284748,-18.555223,-16.052597,-12.227603,-8.324873,-6.6544724,-8.00009,-14.56959,-17.03233,-18.317593,-18.226402,-15.353689,-12.843504,-13.817545,-14.969732,-16.277143,-17.16452,-16.389502,-15.97031,-20.639544,-23.290005,-23.514656,-20.67902,-19.131868,-23.38448,-23.758572,-17.500834,-17.862566,-18.804605,-17.99699,-19.05242,-12.7293215,-13.978443,-16.380136,-19.227058,-22.75547,-21.643774,-23.311243,-25.618868,-21.812801,-20.117472,-20.800848,-23.704412,-25.444931,-26.613548,-28.08995,-26.491873,-22.180763,-14.334649,-14.766689,-19.55757,-17.00155,-16.457867,-21.957298,-20.860308,-18.412426,-20.896027,-23.374098,-26.471703,-28.015068,-29.877285,-30.148384,-30.375223,-32.333153,-27.720139,-13.99949,-9.731062,-9.145043,-10.714972,-13.243437,-16.732296,-22.432592,-21.22026,-21.628822,-24.21707,-22.903278,-19.484192,-20.611155,-21.759577,-19.030228,-20.957233,-25.101288,-21.11383,-21.761969,-22.927092,-19.850727,-20.936954,-27.232073,-26.207691,-26.431055,-29.967005,-24.524593,-20.185404,-17.412346,-14.717813,-15.687187,-19.500038,-24.174976,-18.769575,-11.736647,-11.020516,-11.071931,-12.545271,-17.80967,-20.033218,-18.540648,-19.664059,-21.766434,-20.234652,-20.27283,-20.265398,-15.722208,-15.315808,-19.043839,-19.488504,-19.11447,-19.616339,-18.202457,-19.765701,-23.007622,-23.39238,-21.987083,-21.173985,-24.123743,-23.729427,-22.923576,-25.183887,-25.505207,-23.476727,-26.24912,-32.467113,-27.782871,-26.281614,-18.740917,-17.310144,-16.549095,-16.675577,-18.443077,-18.692184,-19.372976,-22.928507,-22.71259,-21.722084,-23.925285,-28.068653,-28.120636,-26.899374,-28.936172,-26.175407,-26.888779,-24.942102,-16.330868,-15.881719,-16.565182,-13.646637,-14.078285,-16.358128,-18.849499,-19.28337,-22.003325,-22.119251,-21.623602,-21.654226,-23.31284,-25.306532,-24.741888,-24.767765,-20.027702,-11.539,-11.434484,-17.5892,-19.142002,-13.919968,-11.000911,-14.386232,-21.214582,-18.040035,-13.51115,-14.057527,-18.306763,-21.689093,-20.011288,-15.454592,-10.1598215,-12.798136,-10.336651,-6.2198563,-3.955921,-3.791037,-4.4439907,-6.939175,-9.643196,-11.69436,-12.777752,-13.428396,-12.354183,-14.287617,-15.157465,-15.917076,-16.219944,-17.145088,-17.57381,-10.562981,-7.868237,-10.913917,-13.309173,-14.115974,-16.011637,-12.124584,-12.737379,-17.954834,-17.749527,-16.883451,-13.985721,-11.691757,-10.842839,-10.57666,-14.199846,-16.787842,-17.207144,-18.468239,-18.679296,-16.172173,-14.506569,-18.178003,-19.567482,-20.057907,-18.725178,-18.185156,-14.665059,-12.432799,-12.4636545,-13.665162,-17.983852,-20.396748,-19.65336,-12.504713,-9.536339,-6.0676293,-6.0890746,-8.180531,-10.0780525,-13.418121,-9.253974,-10.278659,-16.808167,-16.406748,-13.068287,-11.330099,-12.937284,-19.461254,-22.503025,-16.159206,-13.9387,-14.05538,-13.963866,-14.42551,-14.836822,-16.44185,-18.485996,-20.606083,-23.047514,-24.317934,-24.304075,-25.743633,-25.535528,-26.24994,-27.67401,-22.967617,-12.205261,-11.123772,-12.075229,-12.987691,-13.80568,-14.813405,-16.554869,-17.347303,-20.180742,-20.260992,-20.944336,-19.478065,-20.991623,-22.457253,-24.78947,-24.896383,-24.619503,-19.912836,-16.426085,-19.157072,-19.346352,-19.349745,-21.109745,-23.926529,-25.519562,-28.92975,-30.50002,-28.96693,-22.981274,-18.882025,-19.123026,-21.222267,-22.215395,-23.34242,-17.125025,-11.287079,-12.84623,-17.971571,-17.96567,-18.792688,-20.173565,-20.837952,-22.85212,-22.790379,-23.141489,-22.899466,-21.87564,-23.496885,-23.357044,-24.954823,-22.038082,-14.688195,-10.578008,-11.990261,-19.318602,-21.692505,-21.260702,-19.90747,-22.50312,-27.353054,-26.44917,-26.471899,-25.612854,-28.945787,-28.057915,-30.641573,-30.727674,-24.98463,-14.258994,-10.950656,-12.391579,-13.880057,-16.36498,-16.658041,-19.695805,-19.821283,-19.98421,-22.765665,-21.089497,-23.293308,-23.115723,-22.717392,-23.147812,-23.202038,-23.969326,-21.897224,-18.40525,-21.190338,-23.312147,-24.067175,-25.75926,-28.739697,-29.916174,-31.296791,-31.276821,-29.092453,-21.868275,-18.301996,-21.827047,-24.245518,-25.581934,-25.43905,-19.996706,-14.284578,-10.883459,-12.062233,-13.224972,-16.210327,-17.193466,-16.892977,-17.324024,-16.673862,-10.721822,-8.14396,-12.236032,-19.070808,-20.628956,-17.377092,-10.071286,-8.368347,-11.011297,-14.762845,-15.333375,-10.422344,-9.477003,-13.463821,-13.317394,-14.491024,-2.1385102,2.515719,-0.8123397,-5.801693,-5.442852,-8.387161,-5.8752465,-4.7109957,-2.2519474,-4.8618083,-6.3310523,-7.606749,-5.417952,-7.143493,-8.994296,-9.9547,-8.601703,-8.727005,-9.324871,-11.228971,-11.402206,-13.778763,-15.098981,-15.375437,-16.076082,-15.774518,-15.1010895,-14.759491,-16.424496,-15.630817,-18.977825,-22.084785,-20.424757,-21.330036,-19.653706,-15.204618,-14.47596,-18.72019,-24.62658,-25.300545,-18.944263,-19.289871,-20.60074,-12.675804,-4.516888,-3.186146,-6.9254665,-11.608694,-14.122444,-12.195639,-10.6177,-14.061392,-14.144255,-9.52177,-7.390103,-9.0428505,-13.272223,-12.940778,-10.043487,-10.181607,-10.584951,-9.539598,-10.356361,-14.545325,-16.834837,-18.285347,-19.219795,-20.89631,-21.22905,-13.445953,-11.657208,-13.710179,-16.177563,-21.486252
-14.038144,-16.243126,-21.7054,-21.455044,-22.856201,-23.261032,-21.797482,-24.2086,-22.214771,-18.938467,-21.331192,-24.81017,-23.105747,-25.326748,-19.6346,-17.313478,-22.189045,-29.157667,-31.277445,-31.833157,-30.323353,-28.431759,-30.648783,-29.21589,-22.347237,-14.353747,-12.187615,-11.225729,-12.470393,-14.570875,-16.014568,-13.677877,-10.541787,-8.527997,-8.720459,-12.028742,-15.068172,-19.376865,-21.94558,-19.806133,-20.700943,-25.123919,-24.112354,-23.894287,-21.982105,-17.695534,-17.381187,-21.099253,-20.332773,-19.602276,-21.891851,-24.919615,-25.374126,-29.177376,-30.236519,-29.815826,-27.43171,-23.772583,-24.287731,-29.553545,-28.256252,-26.668629,-30.21765,-29.985546,-28.691605,-19.36655,-11.220533,-9.920573,-13.3475895,-17.911812,-16.689405,-15.428413,-16.286423,-18.485931,-16.62217,-11.58924,-11.948357,-16.58786,-21.539032,-20.996563,-22.510056,-24.134617,-22.775934,-24.44896,-21.3121,-21.968172,-25.262144,-23.753689,-22.229929,-23.56679,-26.04907,-16.773184,-6.1245966,-1.9214835,-4.7809725,-11.439358,-12.768463,-13.373662,-12.985391,-11.134826,-8.462888,-7.711377,-8.731648,-10.538272,-14.2940855,-14.647514,-13.282357,-16.577917,-21.822056,-16.142756,-7.4333744,-3.142199,-2.0389924,-2.7421606,-8.215846,-15.750379,-15.800608,-12.589655,-14.576186,-16.518112,-15.138054,-14.274025,-18.24822,-17.021511,-15.560341,-13.267154,-8.613775,-6.2306385,-8.007208,-14.240997,-15.464803,-15.490542,-16.051643,-17.54591,-14.388457,-10.723181,-11.889257,-14.137398,-16.148851,-19.992764,-19.228922,-16.265852,-16.428778,-19.198658,-18.567217,-18.372103,-21.3732,-23.087824,-20.014961,-20.08259,-24.384956,-24.721987,-23.562944,-21.802841,-18.187235,-18.549791,-17.476469,-18.360529,-20.365917,-24.395685,-24.983128,-25.461004,-28.679714,-29.097656,-28.848316,-27.84977,-27.903976,-28.634094,-18.009235,-11.063499,-7.4134083,-7.7590823,-8.897854,-5.2789154,-3.215604,-6.836132,-11.162916,-13.777728,-13.747869,-14.437848,-15.656269,-15.870407,-15.900172,-16.59434,-16.708757,-17.582994,-17.656784,-18.265081,-19.566872,-20.252548,-19.339773,-20.682705,-25.90155,-21.195564,-17.810322,-19.389786,-20.796165,-21.038305,-19.587849,-17.961256,-15.856922,-15.17127,-17.983204,-12.690724,-9.29516,-7.4459987,-8.577168,-11.37704,-13.689761,-14.01229,-15.197044,-18.574043,-21.520752,-21.323505,-20.072548,-16.646358,-18.098913,-21.057138,-21.713436,-19.064342,-15.821439,-17.519337,-20.809534,-14.51275,-13.645726,-17.7573,-19.418339,-21.91634,-24.131765,-17.117455,-13.759509,-10.852113,-11.793323,-14.87764,-15.943029,-19.971174,-19.224932,-14.638039,-12.512985,-13.067547,-17.04313,-18.618649,-17.822758,-19.104181,-21.317337,-21.70457,-22.633148,-22.985533,-20.361755,-20.883354,-20.428478,-19.960577,-21.022316,-17.578075,-11.114937,-9.697137,-10.552436,-10.921837,-12.861202,-13.889581,-15.45348,-13.124423,-13.888329,-19.614826,-22.801628,-21.248734,-20.297672,-19.96084,-21.246838,-20.373348,-11.822639,-10.012058,-12.778969,-16.820833,-21.841,-23.436373,-22.065647,-20.760288,-23.096725,-22.238895,-21.799263,-21.491692,-21.258148,-22.378265,-24.114134,-24.65818,-23.410635,-24.9479,-17.895716,-15.183482,-18.822197,-21.013052,-24.709526,-26.927473,-28.953608,-26.373264,-27.37844,-28.898222,-25.61243,-22.791986,-25.23757,-27.84861,-29.02463,-31.04575,-18.098324,-9.313385,-9.419592,-15.400326,-19.821432,-24.873657,-23.984974,-22.54657,-20.964424,-23.123762,-22.529314,-21.317701,-21.775978,-20.02024,-22.141436,-21.918842,-21.31729,-12.86017,-8.094889,-9.868886,-13.294015,-15.354991,-18.124908,-20.032816,-20.101208,-22.581968,-21.132519,-22.633354,-26.524086,-24.322674,-23.607405,-24.3936,-24.923613,-23.104574,-18.277191,-12.496088,-10.846867,-10.804381,-12.332117,-18.1505,-19.298332,-18.732187,-17.512842,-18.459843,-19.94245,-20.071566,-20.63832,-20.325096,-21.416761,-21.60673,-21.862179,-23.076555,-15.569716,-13.874168,-17.326168,-20.248512,-23.248281,-27.246784,-27.385235,-27.48081,-27.156183,-28.45463,-24.505548,-23.956081,-25.686504,-27.63796,-26.698296,-25.674112,-20.929491,-10.716797,-4.261338,0.3528157,0.34868535,-1.5990133,-6.8653526,-10.5687475,-10.527166,-11.390716,-12.073708,-6.612987,-1.0833921,-2.3445556,-5.155306,-6.7780514,-7.973426,-2.9960208,-3.5742636,-8.063816,-9.232428,-8.524564,-6.976011,-9.711111,-7.7281923,-5.90547,-5.3307114,-3.9494286,-0.46941268,2.0312927,0.8598424,-2.3881497,-4.3125114,-3.098422,-0.23664935,-3.1297126,-4.461774,-2.1430807,0.3264976,-0.52806574,-2.7652068,-5.419859,-4.3288107,1.7568725,5.6738195,5.3608174,2.569539,0.5226215,-1.1196767,-0.81031466,1.0876986,3.1068907,4.2867904,2.53611,1.6978877,2.397758,1.1496134,-5.5842104,-5.4537363,-5.2555943,-4.201912,-4.471388,-5.391069,-2.6340244,2.3247747,1.9749082,2.5046372,3.6928627,4.528232,3.3340695,1.1764286,1.1066477,-0.6884291,-2.7002084,-5.4887943,-7.3718715,-4.7988577,-3.7450976,-5.557414,-5.814157,-2.042124,-1.1815894,-2.4483876,-2.3339686,1.3913932,1.6658354,-0.31142113,-4.23318,-6.5746694,-7.726397,-6.421566,-0.56587684,2.2418094,3.0161204,2.3694453,1.8515182,0.32471085,-2.5475419,-2.0719283,-4.3937964,-8.01093,-5.20602,-7.3773627,-9.526657,-8.336655,-9.198519,-9.381674,-10.489926,-10.602144,-11.444164,-13.241315,-13.824878,-13.171801,-11.980476,-15.349202,-17.316078,-15.962834,-16.364872,-14.993495,-15.928868,-17.942911,-16.611778,-16.53751,-18.324493,-20.399399,-19.933582,-21.344927,-22.72268,-22.109863,-20.583708,-21.570723,-18.098515,-14.363555,-14.826007,-12.77737,-10.548883,-13.279733,-11.122078,-8.596415,-10.609952,-5.3570766,-3.7805173,-9.7284565,-13.261606,-13.383149,-13.102463,-12.3620405,-12.638084,-10.459831,-8.296154,-6.1257296,-1.7459112,0.10546431,2.3888655,3.2549195,2.6784477,3.252612,3.1322966,1.8880997,0.468803,-2.7804124,-4.0112805,-4.9501204,-5.81912,-7.388158,-8.385146,-11.409075,-11.740718,-12.2616625,-13.55636,-15.45577,-12.724695,-8.899642,-8.589095,-11.9165535,-15.145445,-14.572742,-13.532733,-15.686097,-20.106892,-18.628532,-12.207113,-7.1351814,-4.3712387,-6.1648483,-7.0188613,-10.374891,-13.074546,-12.536079,-12.99371,-15.549277,-20.736893,-19.517166,-17.912624,-20.195293,-19.790771,-18.695843,-21.477455,-24.304955,-20.540321,-17.985918,-18.455444,-20.150156,-24.266129,-24.845657,-15.532989,-9.720575,-8.758609,-8.47197,-11.901104,-13.132653,-13.241112,-11.005584,-9.384042,-9.919238,-12.59028,-11.660918,-10.491553,-10.831977,-9.217264,-9.589796,-12.717504,-11.57476,-7.7342443,-9.99801,-11.772259,-11.44814,-10.496942,-12.957917,-10.844149,-9.312907,-13.732708,-13.2881565,-9.288577,-8.047,-7.9665704,-7.8227186,-9.597293,-11.034757,-11.380333,-12.552518,-10.726628,-12.482035,-12.48993,-11.749363,-11.3387375,-16.227839,-15.725249,-13.400756,-9.310415,-9.601428,-11.119338,-6.7500257,-6.8421555,-8.584354,-12.378692,-15.374533,-15.002623,-12.456562,-14.877657,-15.009986,-15.383846,-17.019135,-18.457808,-18.717525,-18.23808,-17.447433,-12.510952,-9.940963,-12.103992,-14.22103,-15.077557,-16.60515,-15.435004,-10.383171,-7.1390204,-7.5350075,-10.614727,-11.880079,-15.6022215,-15.069643,-14.472171,-15.757118,-15.029018,-10.595073,-6.7110972,-6.2750797,-4.545309,-3.1630847,-3.9085195,-1.4471774,-0.9308593,-4.601098,-5.149508,-4.6540923,-6.791811,-9.369413,-10.553022,-13.490848,-15.519324,-14.078297,-16.090197,-19.041992,-19.760983,-18.719217,-20.3978,-23.129656,-21.958359,-17.765,-9.50866,-9.650887,-10.786427,-11.64876,-18.032629,-16.302435,-12.898653,-14.131372,-17.431854,-17.157166,-15.884403,-12.182063,-12.284888,-11.089344,-10.511226,-11.611277,-12.881804,-8.659603,-5.7333746,-7.443096,-8.374486,-11.864283,-16.688416,-16.196007,-15.07986,-18.406958,-18.514534,-16.865236,-18.957375,-23.415163,-22.27016,-20.76345,-19.367014,-19.057491,-16.016008,-14.448334,-12.100985,-13.02627,-16.814907,-15.169464,-14.110128,-17.000347,-16.69086,-14.898472,-17.141361,-17.908426,-12.905386,-11.414131,-13.778894,-14.503054,-12.259407,-12.1384325,-10.211044,-11.1054535,-11.23119,-15.438805,-19.1528,-18.047588,-22.55201,-24.837269,-22.536528,-20.768307,-21.816189,-23.502333,-20.670456,-19.764227,-22.737358,-20.751886,-13.85077,-11.187918,-13.97982,-17.491215,-19.338087,-22.824017,-19.594376,-18.40273,-20.994175,-19.529585,-15.596895,-12.836056,-11.849345,-14.168085,-15.805553,-16.54338,-17.161663,-19.928745,-20.99061,-22.483511,-25.281784,-29.505589,-25.885712,-20.639753,-19.835012,-22.680883,-25.788578,-25.736954,-24.4186,-24.49188,-28.46334,-29.068447,-19.740393,-12.651348,-12.152375,-13.89102,-13.120419,-16.014235,-23.51255,-23.298325,-19.848768,-20.3531,-23.061356,-21.94296,-18.653185,-17.846706,-19.772217,-23.444698,-25.743393,-15.838869,-10.383262,-7.745065,-4.8715477,-3.6700451,-3.8962994,-7.9248505,-13.914925,-12.499672,-9.995029,-4.562507,-3.741819,-4.33286,-1.7216353,0.46012586,0.95599324,-0.63363487,-1.8866414,-0.8758004,-2.0485735,-0.4215786,-0.9036968,-3.4665868,-8.889571,-9.974285,-6.5846825,-8.97328,-11.264177,-6.763715,-6.5132265,-11.116697,-14.009043,-11.135754,-10.078426,-8.567018,-8.29093,-10.551415,-11.567668,-16.238596,-14.696692,-15.894288,-13.188134,-11.98819,-13.780404,-17.314154,-16.258219,-14.61512,-13.589262,-12.400486,-15.068578,-17.849585,-17.053268,-17.95996,-14.894516,-12.094965,-13.569479,-16.879623,-18.448254,-21.972801,-21.106651,-21.664417,-21.697956,-19.635506,-19.2211,-19.246248,-22.000093,-23.8931,-24.375078,-24.287083,-25.485067,-26.359653,-19.272058,-18.008106,-19.172853,-19.407099,-20.287857,-21.52042,-24.107986,-22.628061,-20.167679,-21.062708,-26.011374,-27.188034,-26.0552,-26.461178,-25.849352,-27.469978,-24.8563,-12.2947445,-9.007977,-8.990621,-10.9687,-13.682707,-16.139217,-21.5638,-20.452185,-21.475487,-24.450863,-22.943935,-18.93291,-20.207212,-21.336279,-18.39008,-20.587233,-24.648602,-21.017227,-21.904785,-25.615997,-22.40217,-20.99575,-24.69796,-25.350351,-25.728989,-28.670557,-24.696487,-20.973806,-17.87604,-15.127302,-14.954616,-18.506746,-23.16026,-19.036886,-13.362666,-12.284578,-10.797509,-11.867439,-16.872644,-18.952108,-17.795088,-19.448606,-22.068758,-20.263226,-20.62975,-21.071697,-15.565642,-15.466327,-19.494879,-19.868599,-19.052065,-19.77948,-20.166216,-20.928425,-26.208206,-25.415321,-21.407684,-20.866669,-23.54393,-21.541994,-20.256168,-19.847576,-19.917788,-21.182419,-22.763031,-23.399393,-22.206558,-23.908537,-18.59975,-16.90859,-18.310333,-18.11782,-18.71732,-17.993084,-18.525274,-22.416336,-22.114983,-21.200539,-23.885738,-28.210224,-28.18062,-27.23361,-27.483498,-25.043808,-26.031038,-26.93329,-18.145271,-13.760228,-12.772031,-12.0428705,-13.815945,-17.636232,-18.727491,-16.626493,-17.260054,-18.27256,-19.893044,-23.859661,-23.871128,-22.12079,-23.011187,-24.222637,-17.31197,-10.036591,-9.776617,-14.512197,-17.183784,-13.299194,-10.850523,-13.395349,-19.865755,-12.013593,-11.567484,-15.850233,-19.78731,-20.737423,-19.61549,-12.996328,-9.898506,-13.573055,-8.826775,-5.6019664,-5.1328087,-3.0073605,-2.0121257,-5.1333547,-8.492077,-9.55396,-12.023449,-11.726512,-12.095718,-13.454944,-15.597441,-13.159814,-16.326277,-19.030684,-14.778205,-9.344185,-7.051977,-10.289911,-12.758144,-12.471025,-12.129994,-12.62479,-14.633617,-17.375076,-17.985167,-13.544422,-11.632357,-12.112822,-11.29334,-11.594354,-12.518911,-15.517525,-14.14835,-17.775845,-20.366169,-19.128881,-23.655006,-26.113016,-24.871384,-23.90957,-24.08717,-24.291227,-15.244808,-11.971412,-12.441907,-14.302727,-17.530836,-23.170254,-20.18406,-12.472416,-9.777032,-6.75305,-5.088179,-5.775128,-10.815971,-13.709148,-11.116828,-10.002147,-12.075666,-15.157759,-10.208911,-7.702091,-11.385376,-16.934933,-18.071482,-15.894898,-13.279097,-11.194677,-10.967226,-14.336254,-15.749521,-14.809832,-17.232237,-16.0511,-17.770636,-21.7659,-22.421587,-24.63903,-25.957987,-27.6264,-23.259813,-18.75111,-11.55755,-9.634645,-11.096815,-14.303253,-14.727206,-16.75584,-16.98943,-16.087349,-18.844063,-20.994331,-23.38686,-20.398722,-20.788094,-23.570585,-25.267319,-23.305681,-24.009258,-22.041094,-19.43969,-20.477217,-20.955967,-20.885399,-23.155298,-28.976095,-31.6167,-30.710793,-31.105621,-32.36911,-25.583933,-20.85556,-19.871256,-22.114311,-23.360155,-24.796906,-15.660704,-10.926331,-12.727196,-19.670301,-21.460278,-21.981346,-22.689323,-21.411907,-23.4322,-24.867208,-26.37666,-24.185188,-22.118862,-24.65303,-23.092955,-25.07558,-21.870605,-12.217085,-7.725026,-8.462455,-14.360847,-15.530571,-17.245966,-16.962421,-19.158304,-22.169142,-22.141666,-23.366985,-23.323105,-27.263065,-26.545343,-27.209438,-26.830185,-21.120018,-12.769275,-10.636196,-13.218065,-15.025359,-15.979947,-15.841667,-19.365156,-19.256533,-19.668633,-21.912094,-20.420776,-23.419483,-25.307713,-24.941673,-25.417782,-24.742086,-25.96738,-21.97528,-17.977192,-20.96849,-23.080244,-24.152554,-26.519545,-27.449295,-27.574581,-30.464447,-31.073816,-29.392107,-22.410336,-20.213348,-26.006413,-28.616884,-27.257774,-28.06557,-22.502508,-16.730984,-14.819866,-16.255157,-13.891745,-15.867013,-16.65417,-17.528173,-19.437004,-17.864532,-12.013304,-9.566646,-14.872118,-20.474089,-20.85356,-16.107355,-7.6227856,-5.4116535,-6.973314,-8.467407,-8.372905,-9.439179,-12.245512,-11.823173,-10.410804,-5.2005315,-4.890463,-0.8591339,2.601747,-1.4124515,-7.0534067,-2.880682,-2.542764,0.073408395,0.9828092,1.4061213,-0.4313819,-1.6158181,-6.366443,-3.9671328,-4.451345,-3.8034868,-4.3711586,-3.2259207,-6.608832,-7.7406273,-7.556198,-6.7106776,-8.178528,-9.29448,-9.793781,-11.521208,-11.617976,-10.606895,-11.477875,-14.402284,-15.21994,-15.427866,-14.594635,-17.178139,-17.483307,-15.6549835,-15.694566,-14.488921,-10.592908,-8.586656,-8.526616,-13.067788,-18.44827,-14.338103,-6.16214,-3.5830684,-4.711852,-10.334783,-16.424442,-8.593214,-1.4706926,-0.32557324,-2.2287083,-6.2590714,-6.6702027,-2.292505,-1.5381442,-1.4454818,-2.8610299,-2.9432359,-1.5862267,-0.3027338,-3.6532283,-10.349898,-10.417349,-11.14449,-11.617807,-13.661002,-9.913611,-5.813321,-4.553131,-2.2211418,-0.3603885,-2.8067708
-26.095272,-28.496956,-29.717768,-30.96738,-32.110424,-30.650541,-32.369583,-35.267376,-33.239372,-30.010494,-31.882784,-34.6519,-34.142345,-31.152666,-23.464907,-21.22815,-24.64245,-31.069836,-35.99589,-35.22701,-37.69919,-41.457043,-40.291435,-31.074615,-23.703634,-25.169409,-27.948578,-31.502798,-36.226585,-35.23864,-27.04695,-18.354763,-15.517462,-18.036165,-23.989733,-28.390518,-28.009348,-31.07929,-31.631893,-31.127132,-29.774664,-25.802414,-28.758331,-35.37781,-35.466625,-33.561188,-37.127018,-26.99913,-18.65809,-18.98985,-22.31344,-26.13684,-31.134995,-33.75674,-33.668335,-35.653355,-35.775635,-36.533543,-37.87458,-39.09587,-37.65673,-38.763084,-41.00583,-39.742626,-36.57003,-21.276121,-13.5511055,-13.62553,-17.745647,-23.05501,-27.755096,-30.240728,-29.869452,-29.52938,-32.37539,-34.39434,-31.603155,-31.334454,-30.991238,-32.36422,-36.856804,-38.497913,-29.943367,-24.567448,-22.839035,-25.635767,-28.553165,-28.99412,-33.742622,-37.41683,-30.523487,-18.043173,-7.5793676,-1.7356336,-3.0046988,-12.971441,-21.381477,-19.949419,-18.717707,-16.43734,-11.837706,-15.412689,-21.617983,-20.86235,-19.652489,-19.013014,-21.710722,-21.911585,-20.893402,-14.576055,-5.7403226,-3.8953848,-5.599442,-8.068163,-14.330815,-18.554705,-18.519653,-15.721417,-16.267862,-17.559826,-18.541878,-18.400518,-20.652878,-22.23254,-20.920647,-14.602716,-9.476759,-7.6134214,-8.009736,-9.5381365,-14.331215,-16.767426,-17.782791,-16.96392,-10.388203,-10.14616,-14.901587,-16.659958,-17.65981,-20.819736,-22.03252,-23.76353,-23.592888,-24.240772,-27.579823,-27.747871,-28.365347,-28.674822,-27.42419,-25.667595,-26.912983,-23.504292,-22.938978,-22.814722,-18.882448,-15.464229,-11.833049,-11.429881,-15.247213,-25.973972,-30.692451,-32.323544,-33.158104,-31.47575,-30.42452,-32.4666,-31.88071,-29.520514,-17.055305,-12.740858,-12.980412,-10.092762,-4.0221252,-2.2216992,-2.3921125,-9.585356,-21.037788,-22.28086,-20.375896,-19.50692,-18.917408,-21.37207,-21.543558,-21.316986,-20.988503,-21.73504,-16.618832,-16.582726,-18.486946,-19.240852,-19.094805,-21.713688,-26.08349,-22.798813,-21.83685,-21.386412,-20.693317,-23.233864,-19.046028,-16.059721,-14.984842,-13.082415,-14.626898,-14.641123,-14.244736,-17.777346,-22.546444,-20.571451,-18.631771,-17.444996,-18.450096,-17.031404,-15.317006,-13.748489,-13.80014,-17.352983,-25.728561,-27.500933,-29.13005,-25.460766,-17.983658,-18.730715,-23.326572,-27.590462,-30.813507,-30.579193,-29.92835,-32.841652,-29.961435,-31.513443,-29.787704,-31.9291,-31.1536,-30.795013,-31.693558,-31.852219,-22.491158,-15.952578,-18.134201,-23.135338,-25.886555,-27.541647,-23.65815,-23.985987,-27.204763,-29.460491,-31.443764,-29.853622,-21.379778,-21.915255,-29.218958,-32.329952,-26.107796,-18.90044,-16.67528,-18.822111,-18.982998,-18.95948,-17.968758,-19.13235,-19.379986,-19.461344,-22.457687,-26.268364,-29.242874,-29.397306,-29.440514,-26.68124,-27.570436,-27.141943,-15.06981,-10.490898,-10.488578,-14.543772,-15.498121,-16.500246,-17.173374,-17.13076,-18.038494,-19.216913,-20.697674,-21.122566,-21.330242,-22.646206,-23.141706,-24.774757,-27.835443,-26.018751,-19.31078,-18.051928,-21.982267,-25.347752,-28.820372,-31.54158,-35.65845,-33.451584,-28.388174,-24.745035,-22.404163,-22.60913,-24.434067,-24.434479,-24.646967,-23.209728,-20.170998,-13.91164,-11.602722,-15.567406,-17.428898,-18.347382,-17.544455,-18.33888,-19.654991,-20.875515,-19.961887,-22.228123,-29.374931,-29.292217,-30.315483,-34.848072,-27.087938,-16.708454,-13.947974,-16.425741,-19.633965,-21.797808,-23.852097,-27.702349,-27.761078,-27.013224,-26.2782,-27.810432,-28.844193,-30.248154,-31.957561,-32.842537,-31.496826,-25.25602,-14.859153,-10.237831,-10.20749,-12.448264,-14.521315,-15.605928,-16.146656,-16.305767,-17.28324,-18.134325,-17.785734,-17.921118,-17.648895,-20.366991,-22.041622,-21.351494,-20.894678,-22.08729,-17.607965,-16.749008,-21.697577,-24.634455,-28.936968,-29.766226,-29.012068,-30.824587,-31.303827,-28.17953,-22.389338,-21.490915,-22.492016,-23.232159,-24.301252,-23.606651,-18.701214,-12.881439,-7.973406,-4.220658,-2.1711078,-1.8543568,-5.9256787,-13.979134,-16.422636,-18.11611,-15.34627,-4.627731,-3.362932,-10.421182,-15.971713,-17.034506,-16.214315,-11.689842,-10.590065,-13.254978,-16.257442,-17.882029,-16.970606,-14.564591,-16.413284,-14.351086,-11.334576,-8.498299,-9.333167,-13.057071,-6.8160577,-4.4078646,-2.1096926,-0.39752787,-3.5839796,-8.133646,-9.675873,-7.8957415,-5.63235,-2.0865135,-3.183082,-8.917871,-8.489495,-7.1551123,0.9501867,2.4493022,-3.9951363,-9.455902,-11.602158,-12.430606,-11.760897,-11.038142,-11.534256,-13.5951,-13.684663,-12.367474,-12.947068,-16.235674,-16.109941,-17.209393,-11.47653,2.867198,8.521313,5.664864,-2.577578,-2.2606406,-0.46855822,1.7552222,1.2394981,2.9463563,3.2438293,-0.53343123,-5.2635956,-6.228033,-6.8590927,-8.534161,-8.50411,-8.5239935,-8.421117,-4.623261,-3.4339032,-2.0432484,3.145493,6.155758,3.814342,-3.9885972,-7.069833,-5.960885,-7.4997544,-10.459686,-9.388989,-6.7503505,-1.59291,2.090975,1.821941,2.9179976,1.6753585,-2.9562547,-7.5789833,-9.344234,-11.232524,-8.779576,-10.803841,-10.025705,-9.5710125,-9.361371,-11.2226095,-12.246565,-12.374113,-15.2126045,-14.732839,-13.76779,-16.4739,-15.84962,-17.344894,-20.154354,-17.882149,-18.116316,-18.851202,-19.32945,-19.747524,-19.187277,-20.322449,-22.07771,-22.669083,-21.500454,-24.87749,-25.946806,-23.046299,-18.925766,-19.36529,-18.849546,-20.200556,-21.05322,-20.094671,-19.02032,-13.330217,-5.676713,-4.0539393,-7.046184,-7.7136755,-6.7848463,-12.046155,-19.919895,-18.848663,-17.93533,-15.544146,-15.135668,-10.796241,-5.037618,-3.858523,-4.5168977,-1.4238977,-1.7321768,1.1803383,4.5632887,3.513875,5.2884817,5.43631,3.1984446,2.8570328,-0.18222833,-5.9029827,-9.827596,-7.8067865,-5.429248,-4.8998327,-10.761997,-14.28227,-13.225595,-12.475859,-10.590944,-7.4707885,-9.061865,-13.792905,-13.494741,-14.235877,-16.065786,-17.837996,-19.614206,-17.982677,-12.830139,-7.4334145,-6.593228,-8.5562315,-9.042493,-11.026617,-14.823238,-16.051323,-16.248087,-16.446686,-18.95347,-17.060926,-17.993801,-20.130796,-22.470911,-22.3219,-23.352882,-23.081644,-20.89901,-20.839111,-22.315395,-24.115456,-24.575375,-21.258595,-13.557823,-11.157542,-11.291865,-11.064645,-8.437831,-8.736388,-7.8851156,-7.6327796,-7.5995393,-8.753625,-7.7079034,-9.012605,-11.120283,-9.388915,-12.832494,-15.364845,-11.901024,-12.177454,-14.901321,-13.498682,-10.860099,-11.215107,-7.089491,-4.270118,-5.3842063,-6.610673,-4.012161,-5.024014,-8.9047985,-12.354961,-12.977217,-14.227257,-12.566156,-11.429339,-14.048448,-14.750284,-9.889546,-10.760903,-11.261627,-13.466167,-12.430429,-16.592869,-17.588455,-16.312475,-8.059055,0.7378766,4.6275525,4.470768,3.029865,2.538054,1.4254837,-0.47792673,-4.4745355,-8.679035,-10.393543,-14.949788,-13.077211,-13.2760315,-13.887715,-14.275015,-14.050861,-14.274391,-13.3885565,-15.119654,-12.6536,-13.99169,-13.30739,-13.533401,-13.274939,-11.592524,-9.983734,-10.536972,-13.337248,-15.566328,-18.599266,-19.930044,-20.11368,-20.409496,-18.304407,-12.203494,-10.22187,-11.126514,-7.7667074,-4.814177,-1.9553752,0.7228979,1.0299556,-0.37148473,-3.076529,-6.0279016,-10.586191,-10.687994,-10.372274,-12.025461,-11.177402,-12.844246,-16.79786,-16.931026,-16.939606,-18.662931,-17.860277,-19.401585,-18.09336,-16.17787,-10.2517185,-9.145453,-10.983687,-13.089742,-15.705733,-15.024128,-13.843096,-15.513702,-16.88548,-17.187555,-17.501106,-16.273443,-16.601757,-15.558916,-15.036789,-16.291836,-17.28128,-12.555271,-12.849294,-15.4838705,-15.318678,-18.19764,-21.579649,-21.437023,-19.529575,-21.648302,-23.899776,-21.018122,-22.671988,-27.484413,-27.707043,-26.201817,-25.462433,-24.810616,-16.911697,-14.259176,-13.335836,-14.084732,-17.31405,-17.316141,-16.258907,-18.4465,-18.244122,-16.810482,-18.298111,-19.401386,-17.330133,-15.643817,-17.378853,-18.308294,-16.331722,-14.763405,-14.702792,-17.443417,-17.668419,-19.653307,-21.361748,-22.313595,-25.785131,-28.838804,-26.320734,-23.638332,-25.605042,-27.92505,-24.99136,-25.603603,-26.779995,-23.43484,-13.81013,-10.78336,-14.38324,-16.218588,-15.513879,-15.295358,-16.156122,-17.333824,-19.559633,-20.59635,-19.992378,-16.902609,-14.971995,-15.776872,-18.827417,-20.523577,-20.74192,-17.791965,-16.498695,-19.477161,-22.41374,-25.211477,-24.974098,-22.291353,-22.50151,-25.860794,-27.615139,-26.716192,-26.438791,-27.462559,-31.069471,-30.286423,-22.612183,-12.7393,-11.981684,-14.9097,-14.544117,-16.55752,-20.598633,-22.024765,-21.369848,-22.290016,-23.710217,-21.7865,-20.55723,-20.464678,-21.91365,-22.768791,-23.397055,-12.591478,-4.1524725,-1.4256079,-1.2162788,-3.256497,-5.806952,-9.940704,-14.077827,-12.872581,-10.250255,-7.2141275,-1.5890383,1.7048995,2.31204,0.51686525,-1.4150916,-3.6533904,-5.20859,-6.90699,-5.8122864,-5.6957026,-7.123981,-7.418962,-11.107135,-12.785559,-13.4565735,-6.263665,-0.5195974,-1.2483155,-4.694373,-8.69717,-11.801423,-14.098363,-11.954767,-7.5998716,-4.9314694,-7.106246,-12.074628,-12.802919,-12.998509,-15.509888,-14.299774,-13.699205,-13.583908,-16.9425,-18.344254,-20.421446,-18.513779,-17.459057,-17.759398,-17.141392,-16.24097,-15.362177,-14.4053135,-12.046055,-15.916908,-19.182095,-20.732685,-21.984196,-24.737837,-27.472992,-25.138462,-24.901695,-28.444607,-28.89664,-25.64802,-26.299994,-27.345936,-28.825714,-27.636244,-23.21159,-18.3639,-17.87112,-19.184467,-18.351118,-19.245827,-20.94741,-22.535856,-22.019756,-22.367828,-23.223875,-25.587769,-27.992056,-27.927229,-29.314432,-29.135925,-30.046759,-22.966099,-10.499324,-10.646547,-19.306656,-23.153439,-26.323664,-30.288963,-32.854534,-34.461502,-31.646297,-31.259468,-34.800293,-33.451813,-27.98077,-27.446865,-31.958351,-36.181152,-28.839323,-22.863436,-25.444145,-29.030363,-27.400732,-25.203053,-27.018139,-31.070786,-34.16164,-32.334663,-30.982496,-27.117096,-21.065886,-20.631771,-27.2457,-28.821693,-29.856834,-21.106533,-12.768139,-12.168861,-17.74899,-22.76661,-28.010105,-27.917793,-26.771917,-26.003187,-28.915146,-31.144026,-29.787176,-28.898663,-25.056759,-26.219463,-31.622458,-33.55222,-31.781822,-25.97727,-21.797794,-24.269054,-31.79618,-32.766514,-33.785553,-30.567528,-25.586033,-19.429985,-18.377098,-19.071222,-19.803185,-22.888147,-22.674927,-22.85465,-23.877865,-25.582382,-17.085869,-16.86054,-21.3066,-22.930054,-24.562477,-26.803854,-30.285137,-32.823807,-32.65735,-31.743109,-34.73658,-36.500954,-30.988474,-28.560818,-31.656286,-33.709534,-31.94651,-30.041533,-15.292053,-9.349688,-9.570263,-9.295336,-9.075267,-11.128555,-13.091862,-13.4265785,-15.912401,-17.647469,-21.036446,-24.270626,-25.764132,-25.653708,-24.89643,-22.992289,-20.045788,-13.041128,-11.769682,-15.746423,-19.877373,-13.658592,-9.413629,-10.835353,-18.152357,-11.756068,-9.644552,-16.800686,-22.05064,-22.528536,-20.991795,-12.939534,-7.265419,-9.087103,-9.936325,-5.713601,-4.0329046,-3.934944,-4.1507807,-5.017288,-7.363163,-9.800916,-11.260921,-11.145382,-9.651022,-8.951096,-10.180349,-13.455205,-14.596485,-12.39531,-14.205244,-12.846484,-11.237121,-14.195527,-18.325342,-20.392704,-19.488682,-17.395155,-18.202425,-23.06194,-25.519127,-19.168371,-16.250994,-14.502641,-13.421282,-15.595726,-19.3832,-20.665934,-17.59201,-19.96949,-22.923985,-22.142427,-25.13269,-26.07843,-26.678848,-28.534801,-27.199907,-23.732025,-21.281742,-18.309921,-19.836252,-20.828201,-24.148386,-30.172617,-19.565187,-14.187465,-14.064718,-9.46122,-7.620249,-5.2345185,-6.8478174,-14.509807,-12.5123825,-8.60051,-10.540347,-17.058851,-14.992615,-14.699646,-14.695519,-17.679007,-19.33224,-20.203453,-17.120031,-16.86518,-19.914331,-21.665054,-22.506561,-20.814323,-22.777653,-24.926506,-24.082926,-24.48621,-26.413177,-27.820004,-27.759514,-27.935688,-28.163261,-18.559038,-8.94329,-9.032979,-11.592412,-12.29229,-12.632031,-12.9345455,-14.6093,-17.379265,-18.3599,-19.349434,-17.868027,-17.513916,-18.699406,-20.529408,-25.720432,-28.07732,-28.117788,-24.375515,-18.789051,-20.653097,-23.329674,-23.36929,-26.313429,-31.85152,-32.07505,-32.43138,-31.788094,-29.07708,-20.243864,-16.267662,-16.368551,-18.475225,-19.409927,-18.805492,-15.001248,-11.251762,-11.861993,-16.206154,-18.641737,-18.781075,-19.510557,-18.838383,-18.869085,-19.66202,-20.720282,-21.217249,-19.973629,-24.286541,-25.242401,-26.348457,-21.800148,-15.415356,-14.16081,-14.940333,-19.62547,-22.605118,-24.679625,-27.346092,-27.897558,-29.289227,-32.621437,-30.55442,-29.491903,-30.711815,-34.70015,-33.492214,-33.143932,-26.807148,-15.34281,-9.801157,-10.562196,-11.596497,-12.629824,-14.26837,-16.08793,-16.781227,-17.024609,-18.027765,-19.125828,-20.839388,-19.342054,-18.056866,-20.999517,-24.774708,-26.42932,-18.839437,-16.97807,-18.866053,-21.406336,-24.824598,-30.77445,-29.116173,-28.173792,-30.276432,-30.546349,-30.013914,-25.152332,-23.10211,-24.803513,-26.156189,-25.537128,-28.250679,-20.384865,-14.936433,-11.663673,-13.236646,-16.168133,-17.117813,-18.480848,-20.080137,-21.496593,-20.715715,-12.72477,-9.89657,-14.279198,-20.748196,-22.472103,-18.023188,-4.632959,-0.09355154,-2.8563035,-6.1920977,-10.752171,-9.0355,-6.5981536,-11.393275,-11.724178,-5.5901575,-2.3192654,-4.043749,-2.7293994,0.527451,1.0691557,-0.10248218,0.42323077,-1.6334183,-5.539307,-0.72364455,-1.2031139,-0.6212855,-2.5909712,-2.1888165,-2.4428246,-3.3899708,-4.753256,-5.4312015,-5.624128,-5.618762,-9.316151,-14.906598,-12.383666,-11.972929,-15.207587,-17.028667,-13.189559,-11.47586,-13.666495,-17.144493,-16.061756,-17.125275,-19.20469,-18.191526,-17.710817,-15.431896,-13.99839,-13.563701,-10.853418,-11.295271,-14.6392145,-19.351303,-18.072933,-16.143093,-11.948833,-7.7958894,-9.281099,-10.930377,-11.975551,-8.427673,-2.3862853,-0.20437165,-2.7436943,-3.8008542,-2.0015683,-3.0331137,-4.6212687,-4.7322183,-4.9904656,-3.5326304,-1.9997488,-0.5425669,-2.8298373,-10.707851,-14.26877,-12.375506,-11.640467,-14.06046,-11.425853,-6.460333,-3.4246683,-2.3226466,-2.282956,-5.8307714
-19.87202,-20.575825,-21.189686,-21.2469,-22.326538,-23.399675,-24.56172,-23.927145,-24.46074,-26.338566,-24.745705,-24.120409,-25.663149,-24.069672,-21.229603,-21.587975,-26.061563,-27.956926,-29.025324,-29.767904,-28.598133,-30.337248,-31.654453,-29.209484,-20.460754,-15.225132,-13.396204,-14.110622,-16.170977,-18.193245,-19.336887,-16.404638,-14.347227,-13.130201,-13.905568,-16.355902,-17.630974,-18.249132,-20.579863,-23.155497,-24.184752,-20.084972,-17.912474,-18.11959,-18.894089,-19.265976,-18.926012,-18.88477,-15.215646,-14.300386,-16.679983,-19.394625,-22.486332,-23.238922,-21.929108,-23.727844,-24.950912,-26.370459,-27.76231,-28.429611,-28.721807,-31.262209,-32.944855,-33.054016,-30.429964,-21.860178,-15.948,-12.36786,-11.556412,-12.589759,-14.254705,-16.316927,-17.782349,-18.964243,-19.315321,-19.450619,-18.97998,-20.300657,-21.340645,-22.48685,-24.527214,-27.250416,-27.307098,-22.161358,-20.365269,-24.113632,-26.989609,-29.133604,-32.68396,-33.55541,-30.265722,-20.760014,-10.653742,-4.113911,-4.9556975,-12.97202,-18.911558,-18.322872,-17.617752,-14.797153,-10.959434,-13.328266,-15.5597105,-16.870485,-18.509583,-19.920792,-21.9689,-23.976658,-23.795254,-16.427729,-8.0269165,-3.833134,-4.209239,-7.253136,-14.400097,-16.931236,-17.192837,-15.546332,-13.791447,-15.653949,-17.9179,-20.43407,-21.663631,-21.198256,-16.927284,-10.774903,-4.974743,-2.3869867,-3.3437662,-6.598238,-11.6605015,-11.826752,-9.265519,-10.158047,-9.69964,-9.800315,-12.698021,-15.085318,-17.186293,-18.395966,-17.511904,-19.668333,-22.80118,-26.282257,-22.77604,-22.22599,-27.560728,-23.179424,-22.973663,-24.622915,-20.70924,-20.924278,-18.639631,-17.48518,-16.10346,-15.324472,-13.097181,-13.97421,-17.924229,-23.427574,-26.08757,-28.111324,-31.15349,-28.980614,-27.769638,-28.685738,-28.112173,-29.183748,-16.349041,-10.940722,-8.090074,-7.9063582,-8.050491,-7.35152,-5.558088,-9.615567,-19.580532,-21.578938,-20.220608,-19.522493,-19.748825,-19.61094,-21.92539,-21.460785,-22.413849,-21.258917,-14.932945,-12.86541,-16.105682,-19.489592,-22.079971,-23.426441,-25.467175,-24.857483,-27.894123,-24.54881,-22.889555,-21.847227,-16.339746,-12.018599,-9.952073,-9.384692,-12.2486315,-15.023067,-10.299277,-10.345104,-11.642671,-11.511359,-12.949532,-14.450386,-15.280979,-16.035076,-17.095644,-17.087,-19.250067,-20.32521,-22.540241,-23.663876,-23.140427,-21.093159,-15.463593,-16.114832,-20.68947,-24.220528,-25.465004,-27.781317,-26.48041,-26.470453,-29.019487,-27.632559,-20.253984,-16.039944,-16.060846,-18.432377,-17.88609,-19.282001,-20.54232,-16.574839,-15.699043,-18.256947,-18.958109,-21.04706,-22.227856,-23.214167,-26.76374,-29.787933,-30.76979,-31.252165,-24.47032,-23.3127,-27.915058,-31.946812,-25.60109,-18.23414,-15.451424,-18.284546,-19.86067,-20.857746,-19.394815,-20.041702,-21.211494,-22.813623,-24.993866,-25.281374,-27.39661,-30.301937,-30.325487,-27.85301,-29.039104,-26.883936,-14.258829,-7.713669,-6.4660807,-9.815367,-10.832553,-11.2184515,-11.851039,-12.281171,-12.151904,-13.136868,-14.446125,-13.87621,-14.725223,-17.37083,-18.11952,-17.794113,-18.246956,-19.19876,-17.39248,-15.795073,-17.11546,-20.462046,-21.724178,-20.479965,-20.710571,-21.615967,-21.401749,-20.910164,-18.026865,-17.995003,-19.391403,-19.009966,-18.830694,-18.434353,-16.725895,-10.897934,-9.674417,-11.273631,-11.435537,-12.255755,-12.034639,-12.305423,-12.995963,-13.589925,-13.816153,-14.868557,-15.128251,-15.154305,-16.15783,-17.109362,-17.26129,-14.307393,-14.261008,-15.966202,-17.275732,-16.422737,-17.420914,-19.92556,-20.0803,-20.170538,-20.813019,-22.414324,-22.67274,-22.73073,-22.461473,-23.993343,-24.572166,-21.30111,-11.719761,-7.2465205,-7.7440405,-8.702526,-9.906136,-8.940178,-10.148861,-11.043741,-11.16066,-11.743441,-11.882386,-12.258211,-12.777409,-15.208172,-15.741797,-15.112434,-14.851606,-15.89828,-16.416468,-16.749933,-18.19862,-19.989202,-20.407278,-20.037706,-21.139277,-23.057732,-22.027012,-20.94907,-18.043749,-17.003029,-17.350018,-18.189314,-18.86381,-18.724234,-15.319352,-11.067418,-10.686239,-8.951548,-6.2421484,-6.473136,-9.914723,-12.874747,-13.825119,-15.131229,-13.785391,-11.077822,-10.575171,-11.420083,-13.706727,-11.34976,-12.128048,-11.5864315,-10.63528,-11.852965,-16.359858,-19.125582,-16.73528,-14.480481,-8.4178095,-6.2275167,-5.0659537,-6.1505947,-4.0710793,-0.46783423,2.7790656,4.8363166,5.254328,3.8190439,-0.33200026,-4.5882597,-7.4712925,-3.8681903,-1.0332621,0.2080042,-2.7108862,-7.5608487,-5.5687675,-5.750922,-3.1567535,-0.22506356,0.74443054,-2.1265247,-6.09585,-9.32736,-10.572399,-12.0394125,-12.277073,-10.818538,-9.664353,-11.313223,-13.9826765,-15.00429,-13.060356,-15.165101,-16.962679,-1.8801105,7.028783,8.75207,6.712531,6.1798997,5.3282213,4.297523,5.299321,4.564597,3.225891,2.658513,-0.21614796,-4.032529,-5.9985404,-6.8775997,-6.9248095,-9.272892,-6.3981366,-1.6730437,2.9296339,4.4013247,4.8722167,6.27334,5.612631,4.9941583,3.848393,-0.024910964,-5.7876873,-9.143644,-6.935665,-1.671453,2.9610238,4.4610915,5.010501,6.9478393,5.861141,5.201895,5.9219904,4.381545,1.5828179,-2.1686568,-6.1715183,-5.808816,-6.055679,-4.7242837,-5.3050556,-7.310421,-9.04962,-8.413961,-7.940225,-7.961654,-8.683006,-10.258482,-9.6733675,-13.272696,-14.538168,-15.844477,-15.578637,-16.395813,-14.112507,-13.145599,-14.666209,-14.921715,-14.759034,-15.833876,-15.8724165,-19.690079,-18.89603,-19.240837,-20.419874,-17.311693,-16.038662,-16.21681,-17.73801,-17.232414,-12.401105,-6.825351,-5.69724,-7.2844434,-9.60913,-9.664935,-10.025477,-11.466288,-11.565006,-12.983298,-13.141507,-14.561258,-7.288992,-3.0390735,-1.5738232,-1.2509888,-4.6456656,-6.619874,-5.31599,-3.064968,0.16752619,1.9408846,2.3004627,1.2404402,0.8197716,-2.0566573,-3.9871051,-6.062154,-5.7554893,-4.9548707,-9.443872,-13.984558,-15.032005,-13.48465,-14.72494,-12.456583,-7.017396,-9.221305,-14.825855,-12.978613,-13.565015,-14.323862,-15.74257,-15.315776,-15.628904,-11.6742525,-5.544339,-4.8663797,-5.7895427,-7.7197523,-11.288499,-11.636955,-12.31908,-11.904896,-12.806406,-16.698948,-13.664738,-15.613481,-19.9212,-19.922787,-18.571627,-22.039639,-21.327955,-17.201736,-16.945932,-19.768602,-20.927387,-21.459747,-19.297379,-9.819262,-3.854135,-1.7995842,-4.4366817,-6.850817,-8.516752,-7.9304767,-5.2841597,-3.2721093,-2.1472886,-5.95238,-5.9089565,-5.3960724,-8.051244,-7.049291,-8.458867,-9.959837,-7.0014577,-6.2364197,-7.6523867,-9.110194,-8.984163,-8.070387,-7.8918133,-3.7539477,-3.5039103,-8.354758,-12.29155,-11.6122675,-10.737427,-10.905937,-10.72631,-9.823832,-11.573266,-14.873963,-16.731602,-11.552916,-9.840885,-8.736069,-10.58649,-10.163579,-11.020439,-12.834021,-11.93446,-10.104887,-5.337405,-0.92466676,2.8983877,3.1512084,0.70519745,-3.4636366,-3.8666363,-4.8815327,-8.122464,-12.023277,-15.3354,-14.356987,-14.016572,-13.400616,-13.163885,-15.03886,-17.78903,-18.005604,-16.873734,-14.612297,-16.523472,-18.873682,-17.055038,-15.107497,-13.144882,-12.2156315,-12.530774,-12.532587,-14.099733,-15.504165,-19.970697,-21.103317,-20.125992,-20.885115,-15.445212,-11.34286,-10.171415,-8.058807,-8.025561,-8.721715,-6.6228657,-4.3934884,-5.5307193,-6.1092863,-9.0136795,-11.66267,-9.78794,-7.854772,-9.404014,-13.107787,-17.97352,-20.207329,-16.78192,-16.271542,-18.230251,-19.203724,-19.846571,-21.90793,-21.429466,-12.911859,-10.045261,-12.251729,-15.545786,-15.685483,-15.724946,-16.473547,-18.027641,-18.019772,-17.954786,-18.676819,-20.448257,-21.091978,-20.417877,-20.997147,-23.36359,-21.911661,-14.303012,-13.278772,-14.849663,-16.355495,-16.122704,-17.160988,-21.971153,-21.901031,-21.80946,-24.941385,-27.01107,-26.074043,-27.551975,-30.44423,-32.657513,-32.972878,-25.28123,-14.53793,-12.574766,-15.021001,-16.45566,-19.439045,-21.728397,-20.919182,-20.802929,-21.62809,-21.841717,-22.242092,-22.45377,-24.328337,-23.93061,-22.816631,-23.984512,-23.484142,-13.800411,-12.226694,-18.174929,-21.773628,-19.699465,-20.277298,-24.494785,-27.045761,-28.386574,-29.947264,-27.984028,-28.065756,-30.683338,-29.550745,-31.22206,-26.900236,-21.305143,-15.094507,-12.255708,-13.050121,-15.477017,-15.703703,-15.511547,-16.773567,-18.614586,-20.250957,-20.928967,-22.046864,-22.810135,-20.81496,-19.706114,-22.266075,-26.712702,-26.07237,-18.266758,-14.848632,-15.839286,-20.130072,-24.022228,-24.420723,-25.419853,-24.94663,-27.72334,-29.402494,-29.439459,-30.453342,-34.106823,-33.64139,-32.87027,-25.823956,-14.559871,-12.149757,-14.730539,-17.144384,-17.5228,-19.429193,-21.34998,-24.597794,-24.434914,-24.482687,-23.640514,-25.673,-26.15528,-24.570133,-22.801128,-22.84645,-11.617198,-0.96495414,3.0675495,1.2773211,-3.9601996,-6.6688643,-7.956495,-12.806105,-12.636507,-5.6466937,-2.249629,-0.39463115,2.2287893,2.9027512,2.3975034,2.7173364,4.083893,4.5125923,3.3587718,3.8283672,3.5139132,3.118215,1.7274762,-2.8112438,-5.8470488,-4.495346,-1.6533444,0.1453788,2.7634144,1.378314,-3.5410068,-5.5966134,-5.959263,-8.599092,-7.2978563,-9.638048,-11.413049,-10.219255,-11.076197,-14.293422,-14.6970215,-11.416418,-9.735385,-10.015383,-11.763276,-15.594436,-13.02029,-11.463971,-12.820569,-13.699928,-16.57177,-16.225346,-18.274248,-16.588133,-12.7047,-12.541677,-15.572165,-17.730045,-18.247658,-22.766249,-22.661621,-22.936295,-23.386118,-23.638132,-21.94604,-20.621595,-22.13896,-22.526981,-21.597593,-23.141834,-20.688671,-13.962461,-14.51983,-12.102783,-12.533931,-14.747048,-19.142365,-22.03928,-19.285017,-20.083277,-23.695679,-25.155655,-26.033533,-27.879162,-26.116726,-29.863483,-33.74429,-24.760689,-13.888395,-14.069126,-16.61959,-16.847488,-17.089584,-17.836992,-22.745726,-21.178871,-22.245007,-25.823639,-24.877245,-26.900291,-26.14244,-25.82795,-26.349943,-26.786812,-26.170065,-23.00138,-23.263998,-28.46446,-28.735107,-29.645416,-31.360954,-33.327698,-34.148403,-33.735996,-34.211895,-27.895468,-20.9882,-19.028051,-19.89196,-22.144257,-23.498539,-23.038273,-17.82029,-15.62263,-15.755426,-18.002907,-19.978241,-19.505005,-19.374908,-21.266743,-23.876484,-25.047876,-27.43686,-26.943129,-23.74859,-23.912294,-26.381598,-27.252323,-27.171324,-25.533503,-18.459597,-14.807834,-16.125168,-18.743984,-20.468513,-21.96211,-21.968534,-17.709902,-16.604662,-19.114649,-20.516346,-20.405561,-22.819624,-25.417795,-30.66325,-30.525517,-21.835413,-17.463861,-14.191342,-16.534117,-19.323366,-20.216354,-21.81345,-24.659725,-27.47482,-28.727568,-29.122267,-31.632809,-25.527971,-24.645481,-31.254189,-31.323835,-30.927992,-29.666597,-15.2622595,-8.1217375,-7.1345334,-5.8972697,-5.968303,-7.8736687,-9.672519,-8.854349,-13.756896,-16.703836,-20.538445,-22.790258,-24.725033,-23.020016,-23.816109,-23.026838,-17.458689,-11.565318,-11.168252,-13.974995,-16.557253,-16.241047,-13.442272,-13.901291,-17.151455,-10.169031,-10.871974,-17.69386,-21.170656,-20.970318,-18.536585,-15.4369335,-8.788183,-9.110596,-7.672414,-7.738686,-6.7225237,-3.9800265,-6.6529837,-10.902494,-12.4190855,-11.459092,-11.289119,-12.599024,-9.608022,-9.565565,-12.560015,-11.718855,-12.744571,-13.002584,-13.366002,-12.586983,-11.584773,-11.191712,-11.336958,-13.888748,-14.937012,-14.873995,-16.086031,-18.959978,-18.095724,-17.605503,-16.835993,-18.795288,-20.547928,-22.350277,-21.77671,-18.022902,-15.731995,-21.870094,-23.814497,-26.339241,-28.21941,-28.468027,-29.742682,-31.378317,-27.065916,-21.994354,-19.876745,-17.810629,-18.993973,-19.78558,-21.63373,-24.20809,-19.110163,-13.147135,-11.931963,-7.0817337,-0.78091687,0.5295994,-2.8461978,-12.091402,-10.925956,-7.2441554,-9.035677,-12.2956505,-12.039837,-13.987371,-17.710693,-20.53584,-22.697952,-22.387781,-15.279426,-16.461357,-20.992237,-20.535072,-22.435152,-22.582052,-23.8741,-26.803236,-24.29405,-23.137543,-22.491713,-25.131298,-25.647802,-23.331173,-26.356625,-19.779371,-10.995007,-10.104271,-8.198973,-6.974593,-7.1701856,-7.3032417,-9.387592,-12.56003,-13.40815,-13.799025,-12.575491,-13.069062,-14.397858,-16.725515,-22.416029,-23.59723,-24.540651,-22.629587,-20.513138,-20.604563,-22.02605,-22.636183,-25.559542,-30.121277,-30.30579,-29.943611,-28.496542,-24.527456,-17.1045,-12.137332,-11.938971,-13.437013,-14.522218,-14.931779,-13.872688,-9.001997,-10.630174,-13.071379,-13.006651,-14.082663,-14.130007,-14.04243,-14.165626,-14.77496,-16.061546,-16.012844,-15.13585,-17.157799,-19.613043,-18.116446,-14.184569,-10.905553,-10.378538,-12.714876,-15.670496,-16.293594,-17.012718,-18.313978,-19.447454,-20.816158,-20.530825,-19.267147,-19.51028,-21.20483,-22.838974,-22.764172,-22.381552,-21.277908,-11.670362,-5.620503,-6.207651,-6.683149,-6.9572983,-7.7059383,-9.386159,-10.206202,-10.2249155,-10.792035,-11.907681,-12.69127,-11.602385,-11.718842,-14.038687,-15.182112,-16.324352,-14.406624,-12.398001,-13.47375,-15.669598,-18.121517,-18.784182,-19.077932,-19.81948,-20.767862,-20.37592,-20.658255,-20.824417,-21.015675,-22.082165,-21.881353,-21.057087,-23.243893,-19.499739,-12.694579,-7.49295,-8.010779,-10.752527,-11.904079,-13.411905,-14.653573,-15.622483,-14.684902,-12.534332,-11.911043,-13.922919,-15.99815,-17.584146,-16.735985,-4.7263618,1.2221848,0.81988394,-5.598209,-5.1071305,-3.409638,-5.4994226,-9.906748,-11.970006,-12.578994,-9.467046,-4.894414,-7.35456,-9.88483,-7.4185524,-5.541748,-3.6513028,-2.0525935,-0.8862504,-2.9829679,-2.8645992,-3.8560698,-4.9986906,-5.007431,-4.9244084,-1.3455712,-0.6833365,-3.8820214,-7.42043,-9.273207,-10.350143,-12.519742,-14.825402,-14.496401,-15.290595,-15.729623,-15.680429,-15.501413,-15.110247,-15.803736,-15.7981,-18.375214,-18.418367,-17.374557,-16.287115,-16.851185,-16.962412,-19.253963,-19.45625,-17.519676,-11.047097,-10.996762,-17.827782,-15.7288065,-9.967022,-4.9446125,-5.2603106,-6.503146,-8.597086,-7.186453,-5.5367064,-4.5792227,-1.1858338,-0.42297825,-2.578227,0.615306,2.3395276,2.4494765,0.34605056,-0.30069572,-0.20229456,0.78553206,-0.5713943,-5.9274826,-11.930288,-11.167035,-9.795425,-10.704325,-5.0189857,-4.999718,-8.526739,-10.210514,-11.871327,-15.027958
-16.583387,-17.717789,-19.393106,-20.921017,-20.523834,-21.233263,-22.908518,-22.771542,-23.369286,-23.192377,-25.018196,-26.867775,-25.193384,-25.5678,-19.16217,-19.089191,-26.55938,-27.60893,-27.137363,-28.569948,-29.921797,-31.213167,-33.33005,-32.517723,-21.092215,-11.134,-8.633923,-9.192704,-10.265694,-11.76137,-12.876305,-11.080464,-8.420297,-6.4688973,-8.26819,-11.356499,-12.474024,-14.098596,-16.523726,-18.164455,-17.769644,-16.83913,-20.357094,-23.50954,-23.375532,-25.79343,-26.528564,-22.890348,-16.806833,-16.875069,-18.825172,-20.325237,-24.478638,-27.132605,-28.810108,-30.004265,-31.199501,-32.055626,-31.035797,-31.949501,-32.34404,-35.009148,-34.751236,-33.339573,-31.743454,-17.949558,-9.865798,-6.801247,-5.9566755,-7.3665466,-8.592977,-10.7886505,-13.025745,-14.349166,-12.8273945,-11.707383,-13.642493,-19.23042,-22.689688,-23.352976,-23.258486,-24.449327,-25.348072,-21.425465,-19.648838,-21.950138,-22.867296,-27.739037,-33.96011,-32.891956,-31.426735,-23.133543,-13.620616,-7.831996,-7.1274147,-11.054045,-15.602886,-18.608746,-17.420332,-15.121244,-12.670151,-13.347186,-13.328505,-12.3079405,-16.422731,-21.104046,-21.053768,-20.173166,-18.920893,-16.441715,-8.892955,-5.5106287,-6.542551,-9.097549,-12.109648,-17.050167,-19.227743,-15.190059,-13.301062,-15.479818,-19.602749,-20.817015,-19.53988,-20.82061,-17.692322,-13.421883,-8.855312,-6.468659,-5.8465524,-5.255267,-8.811452,-12.51519,-16.317284,-14.698832,-12.576652,-8.223196,-8.689281,-9.695591,-13.502816,-16.084038,-14.917751,-18.22633,-19.519506,-21.271517,-21.888466,-24.086601,-26.312538,-25.607944,-27.683428,-28.32589,-26.165798,-23.78271,-22.304094,-19.323965,-14.888993,-13.892429,-11.379414,-12.632181,-17.427853,-20.91034,-22.90058,-27.714802,-30.926662,-32.01896,-29.68689,-31.78467,-31.55605,-29.719646,-18.944443,-9.058259,-3.8099608,-4.701551,-6.13601,-4.853853,-3.605525,-10.011084,-16.60778,-19.504536,-19.70217,-20.753496,-21.53931,-22.252989,-23.987549,-24.091389,-24.541134,-24.989393,-17.546576,-13.427358,-15.54262,-19.545725,-21.200144,-23.09837,-22.411419,-22.860973,-26.402609,-25.905949,-25.691814,-19.606968,-14.75445,-11.816107,-10.543204,-9.719465,-12.1397,-11.188754,-4.7053776,-4.157758,-5.538492,-6.6642313,-8.277646,-9.785393,-11.363466,-13.620291,-14.670558,-15.202894,-19.876873,-18.617481,-19.984789,-19.990707,-19.400372,-17.86908,-11.111684,-13.4527,-20.955122,-25.44484,-27.42346,-28.993832,-27.818607,-27.862862,-29.451069,-30.699759,-21.851269,-14.012089,-12.340824,-14.034903,-15.307547,-17.761343,-19.946547,-12.877647,-11.459658,-14.303933,-13.376683,-15.454226,-17.592897,-19.298407,-23.720894,-27.71091,-28.934757,-28.952045,-25.102541,-26.02022,-30.02614,-32.580654,-25.634792,-16.163284,-11.032394,-11.062855,-13.463018,-16.203138,-19.300753,-21.793026,-21.152199,-22.451399,-23.00354,-28.180576,-27.627783,-27.257061,-27.794931,-24.985977,-23.723186,-25.589142,-14.080065,-10.278017,-11.929281,-15.16603,-19.617275,-17.098377,-16.972752,-18.687193,-16.918901,-17.302498,-17.19273,-15.7419405,-16.519577,-20.231953,-22.468119,-19.678661,-18.721182,-19.896881,-19.317274,-18.221233,-19.83503,-21.094044,-21.267527,-20.038105,-20.237362,-20.62557,-21.618374,-23.400696,-23.245335,-24.237692,-25.785238,-24.194775,-23.573948,-23.590061,-21.048088,-14.617498,-11.531813,-11.113022,-13.654393,-15.073062,-15.831646,-15.252953,-15.343218,-15.5252,-15.494094,-14.814455,-14.679319,-14.267459,-15.015345,-16.32703,-16.573528,-11.616838,-9.929448,-11.549541,-13.169933,-15.667733,-17.376762,-18.498608,-19.332895,-20.669907,-22.20298,-22.501171,-22.311573,-22.321205,-21.657887,-22.559677,-23.992668,-23.436892,-18.491241,-12.944498,-11.8887415,-12.656045,-14.468602,-11.570077,-13.242054,-15.568275,-14.123314,-14.606858,-15.040243,-15.162669,-16.699522,-17.553524,-17.308308,-17.376945,-17.630573,-18.075,-16.851164,-15.3538265,-16.880459,-18.503256,-19.115677,-19.696049,-21.566849,-23.129313,-21.020086,-21.054688,-24.137411,-24.191835,-22.385258,-22.775686,-23.067623,-23.953667,-15.832175,-9.132697,-8.484925,-10.584497,-8.969614,-7.6654415,-11.412044,-14.514779,-14.110495,-16.449886,-13.841936,-7.588301,-5.897682,-9.731252,-14.3486,-14.398737,-11.93012,-7.3342505,-7.1164827,-9.15635,-13.360294,-16.791317,-16.10077,-10.768173,-8.894101,-13.333569,-7.6715336,-2.1887445,-0.75332886,-1.5033145,-1.0618366,-1.6798579,-8.170483,-10.995355,-11.342579,-9.4707575,-8.11281,-7.5648456,-4.8313384,-4.503233,-7.8686438,-10.502348,-7.5214777,-7.883508,-3.8221276,-1.6924657,-1.649955,-7.77224,-12.35018,-15.6430435,-16.379883,-14.542246,-14.378702,-14.375697,-13.241382,-15.150848,-18.215586,-21.379202,-17.9411,-18.290129,-16.395767,-8.080523,-4.7191353,-2.715471,-2.9234486,-4.4980474,-1.6255794,0.4440037,2.456919,5.8768835,5.4655914,3.4021878,-1.9591814,-5.747089,-8.126124,-12.318816,-13.029333,-9.757298,-7.385682,-7.633577,-7.101479,-7.2365475,-4.05243,-1.7804625,-2.407598,0.16004832,2.301939,-3.0995343,-9.145243,-11.297874,-11.476906,-6.8656683,0.5220514,3.8930936,5.982671,8.977858,7.421512,4.3480825,4.152232,1.3663154,-1.3358369,-4.256083,-8.162242,-6.329116,-6.9830394,-7.5914125,-8.397775,-10.256784,-9.67671,-8.843973,-10.167059,-10.526523,-9.864566,-11.379047,-10.088191,-14.089863,-17.146645,-20.540115,-19.744783,-19.135336,-15.17486,-14.092234,-16.718227,-16.854818,-16.095448,-18.831152,-17.541683,-20.093344,-20.980597,-22.283237,-22.438362,-23.488327,-17.953547,-17.29047,-19.903633,-19.760674,-12.728607,-7.9271345,-6.243394,-6.829014,-10.740393,-12.041203,-10.51177,-11.025465,-11.446179,-12.770537,-11.740406,-13.500208,-3.819399,1.0872774,0.11283289,-1.9506333,-0.742813,-0.5329679,-2.7081351,-0.5406239,-0.02368854,1.5808922,3.0820632,3.5301352,3.9719405,1.2978764,-2.8291402,-4.394836,-1.8385022,-1.3714975,-5.4682016,-11.871251,-11.10203,-11.249352,-12.464483,-11.039735,-10.629114,-8.221899,-10.006203,-12.608209,-12.219224,-12.834525,-13.840506,-14.264187,-14.300198,-13.230135,-8.656437,-6.338648,-6.327224,-8.055111,-8.408663,-9.746824,-14.056577,-12.480903,-12.382273,-16.48524,-19.973476,-22.235859,-20.408382,-19.964832,-21.070065,-22.351019,-21.160912,-17.02952,-16.191807,-19.618471,-22.274658,-22.841324,-18.855122,-7.993682,-5.0188456,-5.096595,-5.389547,-3.5571651,-4.3699393,-3.4868097,-3.530087,-1.0756776,-0.95343626,-0.38897026,-0.586221,-3.0511804,-5.444907,-7.203807,-9.637929,-7.0145917,-6.5959907,-3.1864662,-4.2728224,-8.067481,-8.04765,-3.191085,-0.6317941,-2.3127873,-1.6277938,-3.238275,-5.981325,-8.821438,-11.801928,-13.415213,-12.069042,-8.930013,-9.179441,-12.634778,-15.216854,-9.375765,-7.915039,-10.762397,-11.760831,-9.848824,-10.840192,-13.906917,-12.758888,-10.536438,-5.6099005,-2.5834754,-4.0613427,-4.9967904,-5.0450892,-5.068972,-7.868634,-11.745808,-12.076541,-13.460745,-13.328341,-14.562234,-18.14687,-18.38207,-17.867052,-18.645662,-18.073126,-16.997442,-17.12901,-19.254116,-20.937788,-20.270224,-21.968586,-21.168964,-12.321945,-10.475297,-12.325216,-14.348545,-15.625298,-15.515203,-20.359913,-25.530956,-26.493477,-22.933226,-17.264046,-17.634365,-18.307207,-17.670382,-14.828735,-10.967741,-7.0953445,-5.7447953,-5.730502,-8.79327,-11.240131,-9.14359,-7.988644,-7.229184,-8.502501,-11.593299,-14.415598,-17.654943,-18.989153,-18.482136,-18.52782,-20.165586,-19.917131,-20.303774,-16.649414,-11.65328,-9.0886965,-12.3696575,-17.895359,-19.38407,-21.643856,-25.650799,-28.167755,-29.682846,-27.932405,-26.29236,-27.380068,-29.941103,-27.541199,-27.411404,-30.269958,-19.821222,-7.3426433,-3.9258127,-5.090334,-8.219031,-11.495272,-14.620219,-17.989056,-19.40531,-19.009638,-22.42551,-26.229809,-24.305265,-26.316456,-25.80556,-22.997103,-25.099777,-24.598019,-16.58956,-14.634411,-15.676079,-17.549292,-22.130268,-23.234573,-25.234627,-27.756529,-28.268948,-29.721357,-29.135077,-27.621529,-29.469093,-29.58155,-29.94628,-32.304913,-27.372667,-13.048921,-7.7073474,-7.3097615,-9.620563,-12.64876,-17.329021,-19.539316,-21.836386,-25.030956,-25.600805,-24.800972,-27.002087,-28.055931,-26.402729,-26.314133,-22.910603,-17.916334,-16.940794,-15.199262,-15.961664,-18.49946,-19.644894,-20.628862,-22.264833,-24.086521,-26.04619,-25.157856,-24.779419,-26.87805,-25.766434,-24.092243,-26.232775,-29.56712,-24.350525,-14.586874,-14.138016,-19.7396,-21.869064,-26.274399,-26.135157,-25.734035,-28.214989,-30.35144,-30.803452,-30.583363,-31.429775,-33.604256,-33.88848,-32.191574,-23.317451,-16.551624,-13.988743,-12.135603,-15.092169,-21.714039,-25.700657,-25.44106,-29.426744,-30.734219,-31.374104,-28.198109,-30.86571,-36.110146,-30.869215,-30.68693,-29.143381,-9.767592,-0.11299661,2.5042331,1.9049716,-0.1560373,-4.9884143,-7.479759,-10.556955,-13.801395,-8.758513,-5.719389,0.7487656,4.440545,6.21449,6.2297826,6.0431385,3.073729,-0.13132405,-1.6841716,-1.2726558,-0.9034574,-0.80279857,0.015715377,-3.5276196,-6.1141157,-5.7481647,3.727849,9.095497,9.323733,7.0837264,0.305431,-2.0310166,-1.3830819,-4.863362,-5.742684,-7.1083117,-6.847074,-4.664291,-5.1447067,-7.781807,-11.959424,-10.384886,-8.443624,-7.5023293,-10.806091,-12.743751,-10.945977,-10.430767,-11.7587805,-13.66598,-15.410349,-13.94082,-13.352285,-11.301249,-9.6848545,-12.114178,-12.49555,-14.736378,-17.065012,-19.254366,-23.41098,-23.195402,-21.664152,-22.059881,-22.258032,-21.732864,-22.828182,-23.536983,-24.279453,-25.833775,-19.981716,-16.484898,-17.889786,-15.518051,-13.257741,-15.159235,-18.765219,-20.638027,-18.604225,-20.287754,-20.825397,-22.425255,-25.102856,-29.304018,-26.553833,-26.533722,-30.058758,-25.234955,-14.227913,-12.15793,-12.46235,-11.756667,-12.90786,-14.954657,-19.31389,-22.268711,-24.068016,-25.205194,-26.25164,-28.958876,-25.885077,-27.704563,-30.135677,-29.997187,-29.16008,-23.666824,-23.60113,-27.225307,-27.34407,-28.964264,-33.93005,-37.757267,-38.16894,-38.56391,-33.99601,-27.420265,-19.062777,-14.849967,-15.172463,-17.3591,-19.350754,-22.200287,-15.064982,-10.982255,-11.797913,-14.452952,-14.976211,-14.643458,-16.965109,-22.470472,-24.05739,-24.254337,-27.903664,-27.03698,-23.95082,-21.59586,-21.478382,-23.204094,-24.082624,-25.378664,-16.49933,-13.716231,-14.933241,-17.196352,-18.878443,-20.630045,-22.551384,-18.422453,-15.50171,-16.199831,-18.100677,-20.514126,-22.691689,-24.69357,-26.444103,-25.940208,-16.810522,-11.600283,-9.435557,-12.173699,-13.772335,-15.48441,-18.410027,-22.30773,-25.20922,-23.284891,-23.886023,-27.164562,-23.985996,-22.558933,-28.45819,-31.028889,-32.695423,-27.572617,-13.3707,-4.1374655,-3.5251153,-1.8340788,-0.7634527,-3.7538364,-8.35641,-12.118754,-12.888069,-13.553785,-16.577032,-18.96624,-16.919113,-16.505518,-18.716896,-18.014185,-15.081526,-10.505632,-8.395331,-9.485967,-10.920568,-14.709829,-16.505733,-15.8773985,-18.305357,-12.725405,-12.45205,-18.352354,-20.387926,-21.610256,-22.615509,-9.371845,-3.319541,-5.9277086,-7.3815866,-6.312786,-8.296764,-6.388554,-6.6570063,-9.250906,-12.323026,-12.859779,-11.511464,-11.686078,-12.054316,-11.482695,-10.81756,-12.1465,-14.4367485,-13.155508,-14.229789,-9.56664,-7.1236143,-6.5766716,-6.7773457,-9.488032,-10.93647,-13.173064,-16.596363,-16.590961,-13.862705,-16.485235,-19.329082,-20.655243,-21.743269,-21.898382,-21.263271,-19.325176,-17.30405,-21.497648,-22.673767,-23.125458,-22.826809,-23.813118,-24.387245,-27.507214,-28.24135,-23.841944,-17.386005,-17.996078,-18.703754,-20.095842,-21.612167,-26.088303,-15.793036,-9.282396,-8.187607,-6.831966,-0.8788541,0.13934346,-4.2990713,-11.637651,-10.406511,-5.4396367,-6.258033,-10.655565,-8.651807,-10.590178,-16.185629,-20.01396,-17.870272,-20.606356,-16.57828,-15.780577,-19.046638,-21.566183,-25.040838,-25.36943,-23.786873,-24.709253,-27.897882,-24.385176,-24.55454,-26.717789,-26.789448,-26.452042,-28.912306,-20.814388,-11.004612,-10.750315,-16.00659,-20.420076,-22.585548,-22.568132,-23.972757,-28.993134,-27.887005,-26.838215,-27.161314,-29.297947,-26.144283,-25.345623,-28.521147,-30.00941,-28.6458,-21.740038,-17.958162,-19.724926,-24.319447,-26.07203,-28.499243,-32.800423,-34.64805,-36.14279,-31.196712,-27.0844,-26.1521,-22.283075,-22.354507,-25.086613,-25.237026,-25.391926,-19.196737,-13.789725,-15.639492,-17.013044,-17.2816,-23.087486,-21.350666,-20.846073,-22.743065,-24.000471,-22.51385,-17.719437,-16.24289,-18.343864,-21.906384,-18.744905,-12.981617,-7.752159,-7.282717,-10.0328045,-12.119847,-14.745012,-16.237144,-17.45132,-19.71308,-20.239546,-19.25441,-19.255682,-19.614368,-20.832897,-21.93258,-21.641972,-21.769512,-20.163036,-15.41726,-14.045498,-13.039886,-12.1772785,-11.813053,-10.925377,-11.727596,-12.972366,-12.829329,-13.05209,-13.857866,-13.595534,-12.8099785,-13.79435,-15.129186,-15.245541,-15.935513,-12.618161,-9.165178,-10.237663,-12.6638975,-14.792187,-16.497639,-18.500965,-20.275614,-20.103357,-19.773785,-20.61903,-22.009583,-21.62782,-22.27121,-21.674019,-20.918655,-23.588692,-20.26921,-15.284491,-15.263193,-15.846939,-18.873577,-20.764767,-21.583193,-22.325277,-19.750797,-16.961731,-17.128447,-18.628002,-17.033722,-17.42109,-17.885847,-18.56146,-7.000025,0.31048292,3.2197893,3.5008497,2.2878652,-2.2627335,-3.3440733,-5.6796784,-7.1826215,-5.4757257,-5.483074,-9.159353,-7.5548863,-8.939239,-8.828093,-6.9144897,-6.296771,-5.619301,-7.000337,-4.0306787,-3.9299915,-5.6751895,-12.17173,-11.682161,-8.837856,-7.1673717,-8.784002,-5.767477,-8.477038,-9.593512,-12.478062,-13.569645,-14.960882,-16.084417,-16.72268,-15.846228,-13.911218,-17.420204,-17.500298,-17.096361,-16.91493,-19.063114,-19.715946,-19.01527,-18.107542,-19.654785,-18.258675,-17.582396,-18.783802,-22.04086,-18.162724,-18.344181,-20.58044,-19.811172,-14.643341,-12.485934,-13.486977,-13.619812,-17.885778,-14.250446,-5.035982,-0.06283051,1.0115373,-3.2662978,-0.3477021,2.3637173,1.6153779,1.3516898,0.9020432,1.4336115,1.3900084,3.3099656,3.4674683,-2.4521441,-8.494338,-9.053652,-8.436455,-10.941603,-9.007309,-6.399238,-6.5345364,-7.6364274,-11.283876,-15.5714035
-20.775282,-21.244064,-19.116188,-19.560715,-22.85343,-21.557243,-22.818485,-24.028967,-24.582462,-22.58755,-24.871906,-28.03366,-25.793724,-26.347519,-19.510729,-18.334492,-22.883015,-27.67735,-30.763187,-29.3987,-32.98464,-33.016197,-32.441753,-34.0927,-25.498857,-21.028786,-22.719841,-26.497612,-32.202778,-30.452482,-23.065088,-13.8579,-10.89218,-13.10165,-16.703247,-20.811516,-19.194162,-21.220058,-20.578411,-22.228367,-21.50122,-19.271511,-22.1449,-22.093084,-23.060312,-24.340038,-24.01292,-23.583591,-21.00587,-23.292665,-25.094225,-28.089827,-31.000896,-28.88816,-30.071356,-26.82896,-27.909052,-29.825384,-28.2622,-31.512058,-31.535526,-32.5889,-33.1842,-33.418755,-34.339924,-17.133476,-8.975125,-9.180789,-15.730468,-22.428127,-22.047663,-21.409634,-22.093765,-19.969837,-21.103544,-20.649775,-22.016457,-24.929089,-21.922243,-23.031599,-26.72138,-23.887981,-24.859602,-22.274525,-20.03038,-24.24657,-27.17026,-26.32905,-27.356417,-27.239458,-31.322529,-28.11529,-21.218113,-14.310555,-13.78296,-20.803825,-23.422863,-24.138508,-22.140564,-19.361244,-13.348575,-13.571001,-20.047005,-21.386799,-19.89688,-20.437204,-20.571568,-21.577013,-22.803972,-17.283112,-10.463128,-7.6329846,-7.663809,-8.85744,-11.546171,-16.149818,-18.117556,-17.631985,-17.658615,-17.351105,-21.288029,-24.177494,-22.706379,-22.506615,-19.23694,-12.551403,-8.396459,-6.9486036,-7.719473,-8.91224,-10.528077,-14.34696,-15.700907,-12.958643,-9.785303,-12.120762,-16.012684,-15.456057,-18.231504,-17.36517,-17.247044,-19.073,-20.433895,-22.141735,-24.589577,-22.763216,-23.706753,-23.125393,-25.647537,-28.698103,-25.532377,-25.248886,-25.032509,-22.516499,-20.329998,-20.644936,-18.295074,-19.54124,-23.895494,-27.237358,-28.362238,-30.01448,-31.86187,-32.450813,-31.386368,-34.000313,-35.182278,-30.218718,-16.265358,-12.907867,-12.970071,-12.999462,-11.24785,-7.829118,-7.7063217,-12.249653,-16.703651,-17.968567,-19.494886,-22.368586,-19.931356,-21.592596,-24.294205,-22.490639,-23.366703,-24.87931,-18.81197,-17.25812,-20.599949,-23.268747,-26.869059,-27.374208,-28.838589,-28.960573,-28.37309,-30.083246,-31.61055,-20.996046,-12.570223,-6.975229,-5.047964,-6.495535,-11.756842,-13.729418,-15.136446,-17.8783,-22.508192,-20.89258,-20.165852,-20.018425,-16.930647,-16.312721,-17.845894,-21.390007,-22.357937,-21.994417,-24.890755,-26.605204,-26.129644,-20.083982,-13.155977,-16.027363,-22.567753,-25.49657,-27.044594,-28.034485,-26.791227,-26.604488,-28.537426,-31.653275,-28.834034,-22.816706,-22.36458,-26.677628,-28.390736,-29.530884,-23.067219,-17.077965,-19.340334,-24.291077,-23.04002,-20.44509,-19.779785,-22.55762,-27.068588,-28.953302,-28.64972,-30.790714,-24.436226,-23.45621,-27.833776,-31.391218,-26.283428,-16.768934,-10.118145,-10.079441,-12.862251,-16.187195,-19.54962,-22.42016,-24.397423,-25.044355,-25.645342,-28.27632,-28.618162,-30.70691,-29.347582,-23.102898,-20.953945,-22.254253,-12.841095,-11.672291,-16.93259,-21.476791,-26.557844,-30.086624,-27.775728,-27.476778,-30.626816,-29.35339,-30.776522,-32.939217,-26.721592,-25.602055,-31.384396,-35.199562,-38.35623,-31.085026,-23.025356,-21.381552,-25.455305,-30.899765,-34.389446,-37.680054,-37.647377,-36.622326,-36.935802,-32.64031,-30.155087,-29.493385,-29.355453,-31.954037,-34.94959,-33.37688,-21.78321,-15.246802,-16.161407,-18.166864,-23.14978,-25.555742,-26.36718,-27.81227,-30.767515,-32.179596,-29.332048,-28.252666,-29.179089,-27.486887,-27.413614,-29.974434,-25.104408,-12.27365,-9.609284,-11.709252,-13.789611,-17.92475,-23.210724,-26.197678,-27.948162,-26.99429,-28.910141,-29.599161,-31.430159,-30.3273,-28.856794,-28.251694,-30.586216,-25.951921,-18.316917,-15.638298,-15.340848,-17.334564,-20.04862,-23.597198,-25.549366,-25.267982,-26.701195,-28.65047,-28.882725,-30.938757,-31.248915,-25.073689,-27.296724,-31.551,-35.480217,-32.7195,-23.489122,-20.899517,-22.99102,-25.016743,-27.69232,-31.140064,-32.907555,-34.52558,-35.896152,-33.547283,-29.409485,-28.550634,-30.348356,-32.21926,-34.213284,-34.777298,-17.525316,-11.132217,-11.373282,-10.066469,-9.072624,-7.0617256,-4.972518,-9.492266,-15.385548,-16.94871,-15.93566,-10.434714,-11.805077,-18.89487,-19.600937,-19.458862,-10.838024,-5.742295,-6.122475,-8.949956,-13.059388,-16.150438,-15.736572,-13.20784,-11.474248,-10.084611,-14.434341,-15.941198,-14.0309,-12.660339,-12.172045,-10.121088,-3.699964,1.4413645,4.0734286,6.192031,6.515898,3.4234583,-1.305464,-1.4711851,-2.4744363,-2.6709547,3.1595373,2.6821642,-5.6862473,-9.000106,-10.6893015,-8.855916,-7.0938497,-7.368732,-6.771343,-8.616166,-7.8534927,-7.751363,-9.957681,-12.057735,-13.806456,-12.090162,-14.590291,-20.915653,-18.993639,-11.11512,-2.5117784,3.141689,3.705966,3.4949942,4.2955904,4.273868,1.9000504,-1.6448996,-4.6548767,-4.7297926,-6.5059185,-9.250597,-8.846018,-9.731878,-10.372066,-9.429769,-7.6573687,-2.7440212,0.42776987,-1.3967155,-3.247951,-0.2688746,2.364987,0.8574927,-3.1489267,-6.5219235,-10.119717,-12.082521,-10.388611,-5.477657,-3.804204,-2.1598723,-1.2950041,-1.1226772,-2.6412945,-3.6914716,-4.5766835,-5.8382235,-6.7323346,-5.345636,-8.281864,-10.359916,-8.423615,-9.283877,-14.3435755,-13.682095,-15.33361,-18.768929,-16.109901,-16.242893,-20.545937,-18.823612,-17.563765,-21.05307,-20.277119,-21.78983,-24.182545,-24.203474,-22.538776,-20.124271,-22.086224,-25.451239,-28.750792,-29.268421,-28.012608,-27.733517,-31.633411,-26.54835,-24.404734,-22.375572,-18.47059,-17.197811,-18.946066,-17.11726,-12.005751,-10.382542,-7.900786,-8.845872,-13.029656,-17.535976,-19.35769,-19.691875,-22.108418,-20.26943,-18.269035,-18.582506,-13.36075,-7.204542,-3.5482357,-3.295209,-6.727905,-11.265479,-6.79086,-3.1250536,-2.339718,-0.8277797,1.9529784,1.6955755,1.3419247,-0.43296748,-3.854712,-5.133486,-5.155016,-5.4822817,-9.080069,-11.38081,-12.600092,-14.402941,-15.2515745,-12.450353,-12.379173,-12.667684,-11.374554,-13.655969,-16.604801,-17.845028,-17.536562,-19.25773,-18.250128,-12.972105,-8.826305,-5.9904118,-4.749719,-6.661225,-7.1010447,-4.8820753,-4.561551,-6.3657036,-9.870508,-13.279839,-15.21864,-15.994816,-16.998106,-17.046349,-19.917768,-18.740156,-18.384117,-13.870863,-12.713026,-18.285442,-20.827215,-22.728445,-19.517115,-5.984395,2.8868363,4.3548617,2.9324653,-0.83974373,-3.870673,-2.6036003,-0.5444847,2.3275776,2.4758794,-0.54599816,-1.6260009,-3.4221811,-5.423602,-3.8057075,-2.8677883,-4.503315,-3.6335948,-3.8532186,-5.9209065,-7.2074885,-5.5038996,-4.36645,-4.629807,-3.1388392,-5.5089912,-9.01919,-9.409266,-12.170068,-13.467409,-12.759422,-12.693368,-14.433933,-14.612297,-13.768147,-15.991597,-13.696503,-12.184845,-14.173189,-17.055832,-15.107594,-15.558139,-17.521332,-18.829899,-15.544709,-12.375766,-8.479053,-6.308141,-5.546544,-8.07015,-9.680731,-10.788473,-12.609939,-14.733408,-16.577131,-15.434222,-16.147192,-20.795994,-25.958035,-25.089485,-22.222946,-21.100586,-20.045214,-21.799221,-22.548618,-24.542456,-25.15917,-27.133354,-25.271034,-16.840935,-12.048315,-14.389806,-18.7084,-19.514053,-20.75307,-21.209467,-21.404306,-23.669004,-24.870182,-25.55785,-21.640741,-18.774408,-19.197596,-19.005033,-18.12442,-17.856432,-14.403129,-13.149537,-11.46427,-10.429297,-10.363778,-11.153276,-11.175053,-12.764378,-14.018894,-15.83336,-18.446474,-20.784336,-19.86181,-21.623266,-20.832357,-20.879292,-21.198853,-16.818127,-11.794147,-9.682089,-11.979261,-13.660158,-14.439302,-15.963646,-17.644777,-18.210566,-19.138283,-21.570433,-22.02317,-22.581715,-22.64869,-21.657145,-22.757093,-23.713661,-18.383406,-6.8047595,-3.383176,-4.8191504,-8.403027,-12.766566,-16.583555,-19.09367,-23.819416,-21.662666,-22.69901,-25.590939,-24.607944,-27.451565,-24.203136,-21.702652,-23.548973,-23.862518,-13.949876,-10.474621,-12.469923,-13.650715,-13.791889,-13.72076,-14.537868,-16.362759,-17.405268,-18.569218,-19.716036,-19.060396,-19.276468,-21.75458,-23.230656,-22.29799,-21.936222,-12.816361,-7.1996737,-6.867182,-9.181977,-12.022058,-16.25198,-18.886662,-21.313429,-24.365063,-25.009985,-23.247814,-24.808952,-26.580242,-24.402237,-24.58384,-24.04823,-19.101381,-13.396528,-10.941387,-11.838871,-12.3630905,-14.047436,-15.303524,-15.494441,-16.447508,-17.748753,-18.126303,-17.646633,-18.543045,-20.300625,-21.416283,-21.394894,-22.279552,-23.4757,-19.849367,-18.82198,-19.47723,-22.161524,-24.053776,-25.355865,-25.130816,-24.560604,-25.958668,-26.215004,-25.028688,-26.270676,-27.910202,-30.204527,-29.736507,-25.652443,-14.095086,-11.191567,-11.224907,-13.9732065,-17.331654,-17.715311,-18.130033,-20.16163,-20.30376,-21.517002,-22.52769,-24.727898,-26.857681,-26.441563,-25.40575,-22.223812,-11.906179,-2.6966906,-0.83511543,-3.66267,-4.5399923,-6.8179626,-10.454645,-12.721615,-14.760303,-12.903609,-7.6558776,-0.8707533,2.3226855,5.5556436,7.491767,8.453831,7.741995,6.0698843,3.4686303,0.48595852,1.466164,2.5074592,1.5358455,-1.7144119,-4.947062,-2.8666763,1.3687053,0.25292164,-4.756089,-6.5388465,-6.1911516,-5.0766535,-7.588192,-9.366836,-9.44961,-9.193702,-9.7248955,-10.8262825,-12.9639,-14.407234,-15.596149,-15.960126,-15.496973,-16.10277,-13.984958,-10.100785,-8.136626,-9.961239,-9.494952,-9.500891,-12.459475,-11.129991,-11.411478,-11.252756,-9.2765465,-13.182305,-14.534985,-14.827944,-18.316065,-19.336708,-20.015541,-21.303007,-19.88641,-19.967539,-21.326056,-22.383068,-24.638123,-25.91877,-27.66972,-29.152863,-22.443378,-16.542917,-14.141914,-12.934546,-12.456242,-14.105601,-17.39905,-20.112541,-17.303259,-16.48151,-19.725199,-20.920029,-24.581078,-27.004951,-25.974968,-26.104374,-26.986221,-24.035215,-14.050199,-14.68721,-21.770271,-20.49673,-18.491543,-22.407911,-22.042297,-22.227695,-25.924532,-25.023819,-26.770641,-24.255331,-23.659222,-25.463562,-25.203304,-28.179249,-25.99498,-19.392593,-21.892488,-24.539406,-22.315054,-26.27354,-27.800005,-27.64719,-30.343855,-31.488018,-33.581455,-29.251759,-23.632343,-23.258854,-25.958748,-26.029507,-26.163958,-21.84912,-11.985405,-10.530576,-16.373505,-18.751696,-22.328732,-25.854036,-26.028528,-27.284992,-24.002707,-25.094227,-24.596596,-21.957191,-21.448042,-24.227413,-25.506111,-25.406008,-26.91338,-22.743809,-17.732388,-15.915855,-16.564621,-19.935625,-22.198242,-24.832062,-25.097544,-19.51717,-17.072918,-19.420355,-22.470282,-23.307817,-26.106304,-28.901432,-30.006979,-22.773294,-13.42463,-13.422584,-18.36624,-21.369493,-24.960215,-29.083103,-30.657587,-31.80252,-33.337368,-33.65994,-33.711807,-34.7179,-30.365124,-27.814098,-31.468296,-35.412678,-35.625877,-32.347523,-17.889257,-6.852869,-3.260653,-1.0320746,-1.8161304,-5.206279,-5.971074,-7.6140685,-10.934772,-12.223824,-15.003613,-15.705847,-15.080738,-15.697117,-17.567644,-18.526356,-15.854503,-12.505745,-13.919813,-17.988153,-19.412386,-17.459888,-15.395996,-16.621632,-21.229973,-16.80527,-17.00705,-22.715042,-26.917778,-23.671236,-23.492052,-11.315844,-5.4892073,-6.224637,-9.163219,-5.1338463,-6.3870163,-7.739403,-7.659837,-10.72509,-14.081908,-13.970169,-12.765062,-12.117214,-12.282957,-9.413395,-11.045228,-13.38602,-13.986831,-12.489279,-11.411328,-9.739319,-8.483879,-12.937464,-22.522118,-21.15264,-19.522282,-22.344719,-24.544601,-21.286182,-21.80309,-22.622208,-20.379185,-20.13924,-20.914534,-21.643482,-24.704357,-22.957485,-18.1197,-20.983736,-26.90178,-26.953388,-27.53548,-30.146183,-32.584335,-32.138054,-28.95275,-26.938112,-23.109283,-19.360245,-19.553177,-20.458414,-23.654058,-29.518347,-20.63329,-16.442764,-16.814705,-7.768164,0.6378858,0.36220786,-4.975105,-5.4309826,-6.3735075,-8.106504,-11.096703,-13.941813,-10.667208,-12.3935175,-12.458935,-12.386185,-15.455413,-16.701002,-16.240261,-17.3228,-20.84998,-22.223671,-23.329294,-20.679134,-20.560427,-23.98133,-26.100544,-25.213047,-24.314177,-25.000626,-27.668436,-30.011295,-28.309996,-22.8759,-13.281369,-10.5381,-12.68849,-18.639729,-23.149609,-24.56424,-27.314358,-30.868185,-29.83936,-29.588654,-26.776857,-21.954151,-19.582544,-21.409578,-28.144852,-31.041813,-28.429321,-23.089972,-21.445257,-20.332119,-22.856424,-25.515987,-26.564045,-30.552055,-34.770554,-38.295856,-37.388187,-32.826965,-28.119257,-20.597115,-19.372328,-22.586876,-25.106335,-23.223732,-19.254768,-13.999705,-14.895896,-18.818373,-25.778654,-25.957052,-26.391914,-30.143002,-29.859163,-29.271402,-30.433578,-27.934961,-26.288633,-26.685257,-25.94983,-24.642529,-15.217,-6.9770246,-6.6988416,-9.8027115,-12.042867,-15.9136,-20.05658,-21.720482,-23.742674,-25.163837,-26.41375,-30.168274,-32.443462,-30.779495,-28.99312,-27.237528,-28.812904,-26.177307,-17.470306,-13.0440035,-16.12181,-23.247643,-24.196642,-25.054684,-26.967625,-26.072563,-27.452423,-31.33876,-28.545208,-24.507067,-22.929676,-23.077618,-25.188854,-28.129408,-27.895706,-14.77895,-11.042126,-12.823797,-15.635886,-18.662012,-21.757355,-25.658672,-29.515598,-31.177538,-31.01279,-30.20097,-27.07959,-24.386595,-21.888845,-22.397194,-23.606228,-27.70955,-21.451662,-14.92,-15.030156,-19.185673,-20.972359,-22.242016,-28.047897,-26.72182,-26.571655,-28.769476,-20.058426,-18.162909,-22.911205,-24.320803,-25.33146,-23.562534,-9.411687,-1.9988832,-1.3203759,-1.1511312,-0.48668447,3.2743797,1.9016442,-4.897758,-8.31816,-11.8177395,-9.407783,-7.16483,-9.915118,-9.265471,-8.217058,-11.141334,-10.5128765,-8.2623825,-5.061953,-7.025781,-9.382049,-11.09968,-10.666961,-12.26603,-11.164765,-9.295097,-8.448035,-10.67913,-11.027856,-11.823979,-13.211604,-16.87091,-17.10116,-18.159952,-19.913843,-20.85002,-15.419097,-14.414992,-19.431694,-22.671728,-24.953081,-22.51472,-23.074627,-24.365582,-22.465384,-24.056759,-26.344635,-27.908855,-27.222338,-24.709482,-16.701733,-14.582915,-19.92962,-21.231483,-14.86719,-11.688938,-14.059603,-17.717766,-21.13174,-22.233791,-18.854767,-18.845175,-11.600079,-7.86484,-9.913157,-8.141514,-7.7191067,-8.39563,-5.6966968,-4.2994747,-6.2601733,-7.3083596,-9.05919,-9.409266,-9.616519,-11.629014,-12.518268,-9.838556,-6.280471,-9.341251,-13.34647,-17.530472,-17.274996,-16.978914
-17.883759,-17.52589,-16.098114,-16.423983,-19.260757,-18.474453,-19.458578,-20.296589,-21.25285,-20.148445,-22.299557,-24.908564,-21.879187,-21.178019,-18.786562,-17.904583,-22.073019,-24.994923,-27.419966,-28.05547,-29.72953,-30.099056,-29.09651,-30.222134,-19.387123,-15.567823,-16.763727,-17.944263,-23.31472,-26.041431,-21.733635,-13.107088,-10.746128,-12.884247,-14.19579,-17.844227,-17.156923,-18.365189,-17.91539,-19.926105,-18.894976,-16.3687,-17.939983,-17.580238,-18.886513,-20.97276,-19.635561,-19.286709,-18.25086,-20.490873,-22.477879,-26.05527,-27.938473,-25.915558,-27.457294,-25.479305,-25.813671,-27.153484,-26.305124,-28.27195,-28.559,-29.270718,-29.209167,-29.338428,-28.34909,-17.31014,-10.78307,-11.946731,-14.213896,-16.4909,-15.624595,-17.843552,-18.662102,-16.889112,-18.004631,-17.813854,-19.537125,-22.052183,-20.582329,-22.058828,-23.517096,-20.755745,-21.492558,-22.441113,-20.223133,-19.816097,-22.0167,-23.445147,-24.27523,-24.869331,-28.98987,-30.160866,-22.358654,-16.84663,-17.318483,-21.367588,-21.600365,-21.351511,-19.320963,-13.52954,-7.697711,-10.079766,-15.865308,-16.867165,-15.024145,-17.62221,-18.60078,-18.511604,-20.176544,-14.650823,-10.055145,-7.4837112,-5.7880836,-5.587016,-8.113259,-12.447747,-15.555133,-18.569973,-17.775518,-15.73045,-18.868631,-20.79901,-21.346733,-21.428602,-16.86103,-7.8034167,-4.1962657,-5.448077,-6.974079,-11.077415,-14.1609745,-15.139085,-15.120121,-15.650188,-10.143566,-12.233641,-15.824982,-15.274133,-16.85783,-18.031652,-18.124489,-19.91083,-19.611513,-22.06218,-24.344715,-21.63605,-22.822187,-21.309998,-23.3529,-26.022928,-24.53424,-24.085602,-24.862785,-24.225512,-22.218607,-21.892921,-20.313454,-21.721657,-24.329548,-27.195824,-29.620777,-30.244951,-30.712334,-31.904154,-32.457386,-32.829857,-33.704304,-30.413961,-13.974951,-10.573202,-12.876681,-12.86811,-11.688414,-11.449444,-9.416514,-13.133545,-16.188833,-16.542198,-19.936588,-22.05375,-20.203491,-21.978355,-25.018988,-25.318333,-25.90497,-23.628296,-16.09173,-15.544976,-20.401743,-22.757153,-26.473831,-28.309551,-30.366344,-29.844809,-29.49403,-32.231953,-32.690475,-24.371914,-18.219233,-13.448563,-11.566678,-13.96538,-18.514658,-18.822771,-16.222445,-16.250761,-17.519367,-18.127888,-18.595938,-20.402536,-20.614855,-19.60955,-20.709206,-22.347048,-22.982983,-22.309935,-23.770584,-24.622478,-24.085468,-21.200087,-14.069092,-15.772459,-23.05827,-22.543453,-23.006733,-24.235476,-23.185614,-24.08106,-26.806652,-27.187107,-23.537333,-18.535015,-17.166567,-19.845211,-22.505836,-22.040691,-18.289326,-13.8930435,-16.924301,-22.799397,-21.587605,-21.337698,-21.886806,-21.186102,-23.622757,-25.009735,-25.165096,-28.547215,-25.197506,-23.591536,-24.569527,-28.476126,-24.290094,-16.383152,-12.417354,-13.712917,-15.733644,-18.606844,-24.556826,-24.329723,-24.315254,-26.298565,-28.225586,-27.16407,-27.148605,-29.19524,-27.502892,-25.445309,-24.322582,-23.594446,-14.113535,-10.019484,-9.505137,-10.005855,-11.180778,-12.54085,-13.359546,-14.219752,-17.530178,-18.952719,-21.639019,-21.882156,-20.903322,-22.39604,-22.008713,-20.656593,-21.779774,-23.141754,-20.20592,-19.596918,-23.79982,-27.029366,-27.768564,-29.080784,-28.781551,-28.05918,-31.984474,-31.800558,-25.608303,-23.643496,-24.24976,-26.751507,-27.02058,-29.014992,-16.961823,-11.417063,-15.472594,-15.676067,-15.599289,-13.92527,-12.919256,-15.01227,-16.182611,-15.200258,-14.552518,-16.966475,-20.337353,-18.390406,-19.015106,-22.436876,-21.931633,-14.972873,-11.711141,-14.6389885,-17.314013,-20.99616,-27.263956,-27.510124,-30.39626,-30.892992,-29.430353,-30.420872,-27.90295,-29.313257,-31.140917,-32.32041,-31.985739,-22.96888,-12.220286,-8.715662,-7.347338,-6.6096916,-8.67313,-8.625189,-8.438159,-11.002436,-12.89092,-12.279697,-13.155727,-15.687518,-17.33524,-14.518538,-15.104809,-19.413809,-23.756952,-19.632355,-16.324352,-18.932245,-20.10789,-21.645697,-24.140167,-25.471653,-26.076878,-28.672703,-31.945911,-31.621971,-26.415682,-23.472412,-26.417011,-27.915005,-27.847115,-29.462341,-24.459766,-14.860027,-10.723515,-11.414329,-10.05788,-7.0870934,-10.590155,-13.3193,-15.917265,-16.740324,-15.504865,-14.394474,-14.388523,-15.551066,-17.548714,-19.325966,-12.624235,-6.96978,-8.103701,-11.824699,-16.299479,-17.58654,-17.65503,-16.516403,-10.076355,-10.67644,-15.303031,-15.3094635,-13.689934,-12.536216,-11.099182,-10.908356,-7.887665,-4.053755,-1.227447,0.48320287,1.4736236,2.5450006,2.0442898,-0.68726414,-3.1962082,-5.313415,-3.7466278,-2.4397445,-4.058797,-6.1472363,-7.5276184,-9.581392,-10.806647,-10.49,-9.047216,-8.711092,-9.466011,-8.474392,-8.372866,-6.163288,-7.273555,-11.130439,-15.289049,-19.38468,-17.160057,-10.130639,-6.59728,-4.260233,-2.7612414,-2.5916128,-0.47170466,1.0717918,1.2503774,3.2041392,2.5208244,-0.12129251,-5.1229925,-9.614607,-9.781493,-8.134204,-8.434948,-7.705633,-7.1201105,-9.682554,-6.715293,-5.0122743,-6.3168902,-6.4137106,-7.6715393,-5.6882977,-5.426714,-9.91561,-13.563074,-13.144016,-10.926689,-8.780743,-5.2066855,-1.803787,-0.9317029,-0.9297529,-2.8882728,-3.843701,-5.265626,-7.7622414,-10.17191,-11.169816,-13.111128,-11.522194,-10.7385235,-13.558377,-12.595835,-11.733768,-12.945917,-15.461291,-15.911339,-16.07248,-20.259663,-20.286613,-18.264336,-21.053612,-20.564148,-20.8984,-21.567547,-23.636732,-21.54594,-19.153522,-20.942366,-25.596685,-28.383308,-28.281479,-29.128014,-29.90036,-29.358414,-26.317352,-25.340605,-20.95678,-16.089954,-14.377513,-15.977134,-16.175045,-12.434551,-9.966236,-7.62346,-6.3956404,-8.185315,-9.548987,-10.442413,-11.99637,-16.211391,-18.060463,-16.245436,-17.788757,-13.4508,-6.7124944,-3.7356052,-4.2150927,-5.7911153,-11.231365,-9.983814,-10.113873,-8.5259075,-2.2903676,-2.3147366,-1.5928752,-1.3668256,-3.9592485,-7.2901936,-9.669365,-9.088021,-11.185626,-14.452555,-16.937553,-17.858553,-19.252947,-17.355286,-13.776102,-9.627541,-9.88541,-11.067953,-13.649553,-13.537445,-14.178043,-15.346901,-18.660437,-19.680954,-12.63905,-7.751047,-6.3359475,-4.7398562,-3.861928,-4.636651,-6.830812,-8.356655,-8.198501,-8.748325,-12.312208,-16.059269,-16.233986,-18.918318,-19.66489,-20.815504,-19.33006,-20.096245,-17.30045,-15.841949,-17.558397,-21.858606,-25.013779,-21.225613,-2.9736853,1.9444325,0.41429028,-1.454367,-0.2242861,0.33709002,2.4449728,1.8101424,2.6838849,2.5816,2.919463,2.4441206,-0.4319858,-2.7615583,-4.8097844,-4.892464,-2.3215303,-2.250247,-2.3799813,-3.629847,-2.86191,-2.14287,-6.6792545,-6.5650387,-8.5717325,-8.369636,-8.048939,-9.754232,-10.547474,-13.76796,-13.353125,-13.286571,-14.64184,-13.979994,-15.704702,-14.413728,-10.654893,-9.715305,-11.360861,-16.33478,-14.232622,-14.532252,-17.2288,-16.67198,-14.067495,-9.324249,-7.6129904,-6.2691283,-7.4699736,-9.272776,-9.907256,-10.59384,-11.66938,-12.769099,-14.439455,-16.388176,-17.43038,-21.12949,-21.974813,-20.547983,-22.114723,-23.388905,-22.540323,-23.897665,-26.695158,-27.820374,-26.336143,-25.829731,-24.127655,-17.427385,-14.30276,-16.230888,-20.337063,-20.429302,-20.4667,-20.247684,-20.996712,-24.13332,-25.605698,-24.460371,-23.490007,-23.638126,-21.562479,-21.079653,-21.577015,-18.908134,-12.960695,-15.161581,-17.10531,-15.487699,-13.809004,-13.289625,-16.623117,-16.67973,-15.962319,-18.840668,-18.796974,-19.269108,-23.88623,-24.850557,-23.923952,-25.75282,-29.812344,-24.55597,-15.0875225,-10.347113,-11.897388,-13.649754,-14.558015,-15.255157,-17.01764,-17.828644,-18.950254,-22.145826,-21.897993,-21.906693,-22.141739,-20.300678,-21.278856,-21.617039,-20.654833,-12.134716,-7.8916845,-8.690048,-11.69198,-15.245207,-20.590302,-21.41123,-22.425653,-22.534763,-23.594948,-23.465025,-21.259993,-24.317142,-25.764063,-25.797531,-27.896534,-26.772356,-17.389723,-12.793831,-13.612249,-14.505166,-14.005117,-15.849421,-15.119692,-16.916882,-19.400543,-19.191244,-20.651388,-19.644838,-18.843088,-22.323553,-23.441753,-21.56417,-22.811943,-13.745669,-8.908883,-9.782985,-12.725016,-16.052784,-21.955772,-26.273968,-26.798359,-27.021292,-27.874506,-25.610695,-25.295982,-25.479923,-26.248732,-28.685534,-23.656986,-19.970043,-14.407887,-11.1028595,-11.400957,-12.580807,-13.443145,-14.226112,-16.001982,-17.55747,-19.183558,-20.726912,-20.201494,-19.061567,-19.987984,-20.1624,-20.348274,-21.090279,-22.10785,-17.926725,-18.514397,-18.741467,-22.212864,-24.20375,-24.51107,-24.906315,-24.391508,-26.072968,-27.440584,-28.121403,-27.523539,-28.493763,-33.110687,-35.94895,-23.450035,-18.502937,-11.0246525,-8.554504,-10.493797,-12.660422,-14.235525,-15.263233,-15.167381,-16.008307,-17.018784,-18.15826,-19.829441,-22.721798,-21.326105,-20.496613,-20.68753,-11.044815,-2.9188309,-1.5853446,-1.5933595,-1.635191,-5.3850102,-10.64006,-13.232014,-14.754711,-14.744879,-7.3605876,-3.2657204,-3.3405638,-4.0738335,-3.728502,-4.324933,-6.2387905,-7.5840826,-9.641305,-7.88687,-8.376952,-8.727173,-4.75974,-6.1324315,-13.106574,-8.376937,0.37676513,0.9388167,-4.5999236,-7.619558,-8.458988,-10.375706,-10.709522,-10.172445,-9.1748295,-12.504254,-14.700575,-16.564095,-17.119417,-14.867119,-17.306421,-17.860025,-13.926512,-13.3624935,-14.504252,-15.014105,-12.262543,-9.752497,-8.163923,-11.407365,-12.776852,-10.287694,-11.87402,-14.385952,-12.576504,-15.637321,-18.30355,-17.386742,-18.391314,-19.911,-23.96742,-24.877226,-23.654083,-23.365929,-19.681135,-20.217896,-23.420305,-24.869967,-24.769257,-26.18603,-20.804117,-14.421182,-11.422392,-9.7941675,-9.510513,-12.390593,-14.726076,-16.878578,-16.49503,-16.586258,-17.121447,-18.969475,-23.86262,-25.961025,-24.73462,-26.587269,-25.767563,-24.333124,-15.776687,-14.596248,-17.536312,-16.720568,-15.563346,-19.772387,-20.239017,-20.237644,-22.345108,-22.829742,-24.165556,-21.722378,-20.752298,-21.9879,-22.838533,-25.963305,-24.948835,-19.362505,-21.841568,-23.34862,-21.243664,-23.85834,-24.79195,-25.01535,-28.257633,-29.815914,-31.731129,-29.446453,-26.179522,-24.736979,-24.421701,-25.510853,-27.116344,-20.550808,-15.029806,-16.08787,-19.360407,-17.176796,-19.084053,-22.558838,-22.87959,-24.323942,-22.396975,-22.675917,-22.518887,-20.90644,-18.830938,-20.565815,-22.779968,-22.788559,-24.030275,-21.268845,-18.97537,-17.180681,-17.323063,-20.832747,-22.834248,-25.326008,-25.159513,-18.845242,-16.51765,-18.501091,-21.305468,-25.767673,-27.49638,-27.922976,-27.723063,-25.508678,-17.12698,-14.305355,-16.257402,-18.258688,-21.94368,-24.986021,-22.410004,-25.669973,-29.084635,-27.73514,-30.330256,-31.554813,-28.697086,-28.107386,-30.59519,-31.092365,-32.02765,-30.12738,-14.592901,-5.9988537,-2.2442696,-0.75402355,-1.0237582,-2.7123203,-4.7694736,-4.512782,-5.331358,-9.972279,-11.24618,-12.782864,-12.851608,-17.283312,-17.608091,-17.809544,-16.91416,-11.477055,-11.757942,-15.011383,-18.36332,-18.519773,-14.891165,-15.699623,-21.517971,-15.931645,-13.819928,-17.10691,-21.384108,-21.347633,-21.034283,-14.883175,-8.735856,-10.087967,-12.583906,-8.468323,-9.213563,-11.151749,-11.937628,-14.338337,-15.177674,-14.638088,-15.715743,-15.601463,-13.318434,-12.803463,-13.261255,-14.352318,-18.413221,-18.305,-14.990736,-13.117407,-12.811972,-14.896804,-19.033766,-19.345446,-18.456284,-21.233942,-20.85388,-20.74446,-25.415108,-24.442041,-20.305141,-16.850264,-19.84105,-21.791441,-21.771809,-21.6455,-20.254591,-20.666752,-23.47134,-26.599543,-28.431774,-29.453602,-31.958176,-33.379154,-31.503763,-26.437109,-22.234945,-19.751215,-19.25733,-19.682913,-22.09035,-24.941576,-18.50276,-16.236523,-17.450058,-9.367839,-2.50986,0.7701764,-2.0312495,-3.6813788,-4.589999,-4.756169,-8.794052,-13.11092,-12.973299,-16.673893,-17.979809,-17.022474,-16.592543,-13.40205,-15.07745,-19.212486,-19.246786,-20.281284,-21.139435,-21.922035,-23.299381,-25.57644,-25.036041,-24.499796,-24.536226,-25.375357,-25.649464,-25.822662,-29.4035,-24.206802,-14.509954,-11.307999,-7.616646,-7.921281,-10.304747,-14.096614,-16.081793,-18.259092,-20.421272,-22.885246,-23.12705,-18.129757,-15.395374,-15.384107,-16.255161,-18.64072,-22.60827,-20.67709,-22.038477,-22.068636,-22.309683,-24.602968,-26.592155,-28.531437,-28.092363,-27.286816,-29.38194,-27.811798,-22.154179,-16.128767,-14.799209,-17.450882,-19.584826,-16.5885,-11.417493,-6.363554,-5.840679,-7.6905956,-9.936436,-12.288833,-14.506721,-16.33747,-20.18105,-23.661955,-25.919376,-25.519127,-23.934216,-19.977133,-19.62936,-20.740528,-18.731487,-12.042477,-9.307987,-11.385585,-14.412539,-18.582857,-23.132523,-24.232525,-25.596579,-26.507431,-30.088486,-30.2874,-25.368832,-26.23946,-29.077578,-28.703552,-29.898808,-24.37046,-14.93938,-7.604294,-5.378208,-5.277452,-4.9872246,-4.9017434,-4.9243608,-4.967077,-6.471674,-8.576303,-8.573386,-9.109049,-11.182365,-11.771023,-12.424316,-15.365992,-16.131348,-12.645111,-12.076011,-16.30555,-18.398645,-22.9317,-25.374393,-26.4977,-28.333858,-28.77367,-30.074917,-31.753292,-29.632748,-28.343605,-27.8331,-23.790777,-23.128727,-28.762062,-25.25611,-17.71223,-14.691186,-15.911698,-12.691109,-12.39462,-13.785151,-13.509949,-14.557526,-16.521667,-12.981766,-12.766576,-19.595346,-19.986584,-21.577188,-20.650517,-11.681509,-4.2243247,-1.2315385,-3.4948106,1.7952738,2.776073,-3.6378179,-8.043163,-9.471706,-11.019421,-8.683528,-8.895668,-9.475275,-12.540307,-16.15578,-11.724857,-9.621159,-8.864931,-7.923696,-7.0052214,-7.9145546,-9.9227705,-9.567962,-9.652353,-9.0779705,-8.003211,-11.934732,-12.031817,-13.276182,-15.2831955,-17.81696,-14.337497,-15.914492,-17.96958,-17.690294,-15.766006,-14.437679,-15.308213,-18.417515,-20.594196,-24.787302,-23.671885,-21.318064,-20.006742,-22.048386,-24.620209,-23.913116,-23.189983,-22.740234,-22.219477,-19.88435,-19.697033,-22.052292,-19.845287,-16.241745,-16.26672,-17.044973,-15.085935,-13.542248,-13.560408,-13.814115,-8.738175,-6.941138,-9.684911,-9.052727,-6.7399616,-7.109222,-7.7498746,-3.9023318,-2.2620864,-3.9027286,-4.1421895,-4.920265,-10.1915655,-11.772289,-13.927265,-14.246859,-14.0974045,-11.665901,-9.89133,-10.914725,-16.516384,-16.377821,-15.809927
-15.039846,-15.482364,-18.815392,-18.950823,-19.278322,-19.335363,-19.913002,-20.15475,-21.604156,-23.528004,-22.29605,-24.12535,-21.60751,-18.140991,-15.401368,-17.163399,-22.917633,-23.398094,-23.838535,-29.811724,-30.858107,-31.235985,-29.33039,-28.254425,-16.616846,-11.693458,-12.504311,-12.9335165,-18.331144,-20.819004,-17.316353,-12.8344,-13.322367,-13.345213,-15.729166,-18.357637,-20.369532,-21.959858,-22.910784,-25.985867,-24.428513,-19.67372,-18.337357,-16.38034,-17.582703,-21.796236,-19.214386,-17.530039,-15.356002,-17.247509,-21.934628,-25.024437,-25.37092,-26.664192,-28.452957,-32.109474,-32.228764,-31.310814,-32.573112,-30.534437,-31.063095,-30.09695,-29.186073,-28.721542,-26.31646,-17.405426,-10.169445,-8.834842,-9.607937,-12.078967,-10.973108,-15.067567,-17.09101,-16.307083,-19.144001,-17.892263,-19.836853,-22.08047,-24.411434,-28.137348,-24.090166,-22.100554,-23.459435,-21.367834,-15.825047,-16.124325,-20.212425,-26.547554,-28.115198,-29.618656,-33.649982,-32.9497,-26.050068,-19.545076,-18.529964,-22.069685,-23.93826,-23.016659,-20.082298,-12.808983,-6.9265184,-9.35524,-11.452121,-13.628075,-12.441583,-16.373558,-20.132923,-18.210213,-18.322838,-16.864708,-11.710783,-10.232429,-12.293216,-14.980494,-17.899197,-23.065132,-21.657925,-20.624857,-19.415934,-20.12722,-19.985016,-20.755447,-23.238028,-23.782751,-20.02013,-11.943262,-8.21096,-7.79015,-9.170645,-13.590211,-19.699078,-20.369738,-19.713959,-17.685974,-13.098983,-12.73306,-14.945083,-17.357197,-17.205463,-18.578232,-22.951777,-21.541237,-21.132261,-25.322613,-25.899925,-24.405193,-25.773535,-25.37516,-27.210842,-29.259043,-29.879475,-28.985676,-26.56002,-26.343456,-23.278265,-21.886387,-20.64418,-22.468023,-25.475441,-29.390121,-31.410828,-32.781723,-34.55511,-35.937496,-36.797947,-36.809483,-36.092285,-30.160486,-15.340387,-9.869549,-9.872953,-9.595838,-10.271741,-9.034139,-11.215485,-17.497164,-16.338528,-18.027414,-21.564892,-20.48463,-19.670092,-19.560703,-19.847536,-21.402775,-24.56542,-19.144915,-15.129667,-15.785476,-18.788939,-22.787914,-24.315832,-26.291866,-26.523418,-27.101107,-28.40971,-30.219948,-34.064476,-28.056137,-21.462296,-15.176505,-12.753534,-15.036024,-16.734264,-13.333303,-13.913211,-14.002329,-12.750858,-15.971771,-18.139053,-17.792545,-19.40547,-17.834131,-19.9951,-24.755613,-25.817587,-24.087255,-22.743818,-23.201418,-23.808977,-21.678171,-14.944212,-15.881385,-23.368408,-26.280056,-25.988705,-26.759224,-29.746368,-30.171818,-30.475996,-28.207808,-20.128546,-16.947174,-15.380177,-18.088827,-21.12135,-18.365232,-16.742207,-15.395559,-16.557533,-19.49932,-19.583965,-20.701818,-19.292494,-18.68833,-22.037937,-25.598564,-25.927708,-28.233168,-25.684803,-25.275766,-27.31944,-29.858065,-22.687037,-16.897326,-16.652012,-19.1474,-20.02099,-23.109491,-26.81866,-26.733923,-27.067009,-27.717392,-30.086176,-30.873047,-30.991459,-32.550823,-32.62313,-29.309917,-27.370832,-27.577778,-16.40254,-12.038893,-12.475606,-14.25769,-13.654409,-14.577999,-15.468424,-17.481972,-17.803225,-16.93717,-17.899326,-17.81363,-18.13699,-19.195324,-19.962967,-19.924992,-20.381771,-19.913885,-16.132505,-16.958843,-23.261532,-28.21547,-28.987291,-28.537952,-27.013805,-28.297293,-28.9528,-21.579544,-19.065922,-20.112646,-23.485376,-25.070698,-23.030037,-21.266088,-17.272776,-12.5192795,-13.147673,-19.240229,-22.46934,-23.08696,-22.231295,-21.163254,-21.262997,-21.635073,-22.455442,-20.058643,-19.467655,-20.024565,-21.058842,-22.737646,-21.270546,-16.837332,-15.360224,-17.205137,-18.436602,-19.373367,-22.139025,-26.333061,-28.985657,-29.988396,-28.036167,-28.564846,-29.555332,-29.324007,-30.781895,-31.39416,-30.501976,-23.893204,-17.138245,-11.500671,-10.277165,-13.264706,-15.5662775,-17.075027,-17.744762,-18.979277,-18.471003,-17.60394,-17.665728,-18.920185,-20.490429,-21.63488,-22.176159,-24.122885,-27.1667,-23.007824,-17.294777,-18.209633,-20.633884,-23.771105,-27.378307,-29.714994,-31.44485,-30.310896,-28.768108,-25.874464,-26.150703,-30.195066,-32.365807,-31.345192,-29.923107,-28.20507,-21.108553,-13.827883,-11.306063,-11.61644,-9.309797,-9.146814,-13.623876,-17.29533,-18.12682,-18.588467,-14.590256,-10.211853,-13.666676,-17.81819,-19.490244,-21.245058,-16.360746,-12.770063,-13.439142,-15.21289,-16.470585,-19.043907,-19.257092,-18.623184,-15.743827,-11.99633,-14.886474,-18.797491,-18.225515,-21.573387,-19.962713,-11.7206135,-7.392328,-5.039321,-3.65311,-4.2151904,-5.964101,-9.204803,-11.432267,-6.303426,-2.456198,-3.095832,-7.2087517,-9.156324,-11.147509,-10.819544,-14.181082,-15.678268,-13.891737,-15.551832,-16.247387,-16.606348,-18.798506,-16.273037,-16.338715,-18.159492,-16.359589,-12.981748,-15.042994,-20.434475,-18.694458,-13.047123,-6.9114227,-5.400981,-6.0108967,-5.6850104,-6.7874384,-8.297484,-8.065176,-6.3264446,-6.274378,-7.1792383,-7.757159,-10.347797,-13.004937,-13.492905,-14.548816,-14.421215,-13.349266,-12.868148,-8.646358,-8.947012,-12.142764,-9.467815,-8.926531,-10.555157,-13.56596,-16.718151,-19.30826,-19.863628,-11.075287,-5.1142144,-4.4758983,-6.5110455,-8.672744,-6.551997,-5.8184285,-7.664607,-12.241162,-13.05541,-12.839603,-13.150667,-14.036606,-15.409656,-14.129199,-13.870922,-14.955181,-17.712114,-21.245909,-20.72193,-18.038357,-19.470713,-21.55329,-21.26377,-22.486843,-20.013477,-18.914082,-20.969126,-24.204433,-27.88715,-20.93709,-16.178877,-18.723892,-24.444431,-27.95346,-26.961926,-29.711521,-29.983864,-31.812422,-23.794033,-19.198599,-18.097214,-14.782448,-14.932592,-16.658922,-16.025393,-13.330538,-9.027856,-7.4004607,-7.2422857,-10.071692,-13.884888,-16.92669,-18.029915,-16.242727,-16.361801,-15.256792,-17.394175,-13.772635,-8.867012,-8.818695,-8.20882,-11.027733,-11.962038,-11.947671,-14.464256,-10.727425,-6.774711,-3.6798902,-2.8476334,-3.6487594,-5.094219,-7.39425,-11.205751,-11.3772,-13.28059,-16.002214,-20.833265,-19.299984,-19.613188,-19.940836,-15.527192,-11.552361,-11.818918,-12.66862,-13.120886,-14.979097,-16.289165,-18.215546,-17.969732,-19.42081,-12.411737,-7.8972726,-7.5699635,-6.610356,-5.195995,-5.2063584,-5.3850813,-7.7690105,-10.871276,-14.216036,-18.378054,-18.897385,-18.907598,-21.649677,-19.27449,-21.069715,-20.09148,-20.174896,-16.552753,-15.8291645,-19.67617,-23.747429,-27.14671,-22.702055,-4.965521,1.3020295,-0.88560534,-3.2481074,-4.456722,-6.6335506,-6.3424273,-0.2414442,1.5892384,0.01565038,-0.15419292,0.14259966,0.060550835,-1.7952715,-2.7184815,-2.4030762,-1.3476084,0.39776146,-2.4774754,-5.5257273,-2.6316977,-6.09549,-10.030541,-10.061341,-9.2962475,-10.012246,-11.6835,-13.950764,-13.872648,-12.509348,-14.8480425,-15.206486,-15.929623,-16.075716,-18.082882,-14.487027,-10.460439,-13.388375,-16.401909,-17.432621,-15.039494,-13.700634,-17.284758,-20.39059,-18.704144,-13.649364,-10.717397,-7.732701,-7.851627,-10.343255,-12.553671,-12.93051,-12.957558,-13.572764,-17.274406,-18.168327,-20.666859,-23.6739,-21.917894,-21.821669,-23.82246,-25.568277,-24.323872,-23.993711,-25.299835,-26.697731,-26.14746,-27.57241,-25.384626,-16.723299,-15.533863,-19.341368,-21.774548,-25.367035,-29.984903,-30.499557,-31.532373,-33.067825,-33.94424,-26.600382,-20.398577,-19.969538,-21.226807,-20.977825,-21.723593,-22.43973,-16.279089,-15.677708,-18.52371,-16.46715,-16.977953,-19.47266,-21.417984,-22.496672,-24.506777,-24.479404,-23.40517,-24.015818,-26.592638,-29.993385,-28.201132,-30.152796,-32.077824,-24.617775,-15.14409,-13.827252,-18.194447,-24.798046,-26.597559,-27.01562,-28.712841,-29.701614,-30.633755,-31.599808,-28.374252,-29.314365,-28.174652,-27.903973,-34.306908,-34.650505,-26.437656,-16.400192,-12.376909,-13.6968565,-16.998426,-21.387194,-27.108215,-28.057919,-27.182434,-28.54457,-29.33854,-28.942688,-29.0501,-30.490177,-31.030577,-32.057888,-33.908752,-27.399023,-16.225576,-13.265099,-16.720434,-25.26065,-28.381178,-29.211594,-32.19899,-35.298378,-38.478355,-38.71112,-34.064392,-30.987604,-33.045914,-31.539001,-29.406116,-34.235588,-26.78947,-17.95099,-14.1919155,-14.947206,-17.702866,-20.65584,-27.156067,-28.758669,-30.603485,-32.443535,-33.225567,-31.749474,-30.467422,-32.18152,-32.896782,-32.69204,-30.068039,-24.034779,-17.863205,-15.949149,-18.376038,-23.08255,-24.873032,-26.862133,-30.255983,-31.600693,-34.479233,-28.452723,-27.83834,-32.79419,-27.802229,-23.495934,-28.694435,-33.69542,-23.951817,-18.166872,-19.220062,-23.281044,-27.728386,-30.940588,-31.51287,-31.40437,-33.33198,-34.83482,-36.46341,-35.826366,-35.8538,-38.093475,-40.061726,-34.872932,-27.285328,-20.683966,-16.26762,-16.630442,-19.840952,-23.67893,-25.792244,-26.764496,-27.241436,-27.280365,-28.163633,-30.356043,-32.527523,-34.468357,-30.68534,-29.525167,-30.064966,-12.743801,-5.2537055,-2.361628,-2.087407,-5.241411,-8.809095,-11.143457,-14.73793,-15.590056,-16.965487,-11.458777,-8.478679,-10.624916,-10.760017,-8.164324,-6.924787,-6.837549,-8.668114,-13.445765,-10.988394,-9.799735,-9.913693,-10.442681,-14.12943,-17.41946,-11.048164,-5.3251147,-8.262719,-8.760095,-9.99077,-13.1355,-14.380597,-16.648428,-16.022318,-13.879824,-13.788746,-12.930528,-15.730014,-19.990425,-22.524271,-23.201893,-22.385838,-19.857964,-19.715296,-16.708178,-14.072414,-12.203564,-13.997181,-11.6839695,-10.387739,-12.919376,-12.671548,-12.305237,-11.530318,-8.825205,-10.960407,-12.830348,-16.671808,-19.649662,-18.533276,-22.160433,-23.929886,-21.458567,-21.341703,-17.659227,-17.590118,-20.053925,-23.870974,-24.249952,-22.862247,-19.84474,-14.243523,-10.848824,-8.2029,-6.093145,-6.228981,-10.740786,-14.980297,-16.14682,-15.450525,-18.045618,-20.187052,-24.737274,-25.938482,-21.033588,-20.789639,-22.320011,-22.115593,-14.295809,-11.121803,-14.135637,-15.160889,-16.117767,-21.907303,-22.934103,-21.80705,-21.70166,-24.016777,-26.896116,-24.83719,-22.870422,-23.450974,-25.694305,-30.331247,-29.977816,-24.903105,-25.654617,-24.134062,-25.388535,-27.777882,-28.697927,-27.981596,-29.559547,-32.74858,-33.61433,-29.210339,-25.20081,-23.222486,-24.081049,-26.108753,-29.057182,-21.534447,-14.535752,-14.828824,-16.082428,-15.705232,-17.040916,-21.411747,-20.592005,-22.932884,-26.698168,-26.253506,-28.97114,-25.800173,-21.07641,-20.357378,-23.437122,-27.258152,-26.878258,-24.537472,-16.845024,-11.914074,-12.841101,-14.933107,-16.625942,-18.959724,-20.854914,-18.728931,-16.90316,-18.82014,-22.491135,-24.525742,-26.012512,-25.877323,-25.596445,-25.940065,-18.95468,-12.416654,-13.718166,-12.967167,-16.53594,-19.60602,-17.075819,-20.87158,-23.934896,-21.973173,-26.449453,-26.223028,-25.618137,-29.229404,-25.93004,-26.341461,-28.05709,-25.953892,-17.163359,-7.3777704,-3.708172,-4.3361945,-4.263712,-6.487464,-7.0049086,-5.084967,-5.9171276,-10.128283,-12.931743,-18.246532,-18.499147,-17.754063,-17.94688,-19.970037,-18.825497,-14.497898,-14.335669,-15.732323,-16.716091,-15.640288,-14.2437,-14.72952,-20.807507,-17.657505,-16.763378,-18.144936,-19.808651,-20.44207,-18.065567,-15.936688,-9.1642275,-10.341297,-12.270607,-10.4126215,-10.017639,-10.019273,-11.192145,-12.495182,-14.700134,-15.692724,-14.233598,-13.491006,-11.942556,-11.92484,-14.298399,-12.777002,-15.517248,-19.693863,-16.8292,-15.111734,-13.033697,-11.237457,-14.5765705,-17.82166,-15.838463,-18.58919,-17.694986,-16.843683,-20.114841,-21.755182,-21.603518,-19.321983,-18.647291,-20.039331,-20.78883,-19.93396,-19.66378,-20.873852,-22.708607,-26.34577,-28.36868,-27.86619,-30.732185,-32.2341,-30.16314,-24.04666,-18.521732,-15.031616,-17.568743,-20.083418,-19.69858,-21.53351,-18.866219,-14.978652,-12.328024,-9.907216,-4.884157,-1.1774641,-3.2159104,-3.1340396,-5.1146355,-8.9022045,-9.529704,-15.044125,-16.40507,-19.14262,-20.162842,-19.789679,-17.804157,-14.591116,-15.702456,-16.506344,-17.674582,-20.282364,-23.840313,-25.171852,-25.109453,-27.897633,-29.566038,-28.446758,-25.899345,-26.235239,-28.473522,-28.327868,-32.0695,-26.818705,-15.385194,-12.846758,-12.686953,-12.851659,-13.804092,-14.477268,-16.21933,-18.59482,-19.66049,-20.98505,-21.979992,-22.776054,-22.412025,-22.88539,-25.150429,-26.159649,-25.701092,-23.886448,-24.68031,-21.11335,-21.16885,-23.92172,-27.220154,-30.193243,-32.244213,-31.183342,-31.307127,-24.597025,-20.424095,-19.458406,-21.141865,-23.601353,-23.091242,-21.23124,-16.31301,-11.617671,-12.335272,-12.726618,-12.58272,-13.68627,-16.078897,-17.796864,-18.304115,-19.638573,-18.442654,-20.606356,-25.498425,-23.810747,-22.680902,-21.13548,-20.325918,-15.199557,-13.4391,-15.23615,-18.258402,-21.226044,-23.61787,-25.511803,-26.752892,-26.724476,-27.419228,-28.163996,-27.031496,-29.02714,-29.806335,-29.272768,-30.388575,-25.241068,-17.471884,-11.817898,-11.641748,-13.027077,-11.3072195,-10.902578,-12.115077,-14.333155,-16.766972,-17.808636,-16.90148,-18.554184,-20.5596,-19.60345,-21.035784,-22.84452,-24.218065,-17.591488,-16.812428,-21.135788,-21.269339,-22.984356,-26.542423,-28.04592,-27.832043,-26.82713,-28.63504,-29.590103,-22.788563,-20.62,-24.222565,-24.695736,-24.491215,-30.496943,-20.703161,-14.574759,-10.513359,-8.924846,-9.652329,-11.620269,-12.923763,-11.877626,-12.421561,-13.373919,-14.608274,-18.028675,-19.89276,-19.396505,-20.10826,-22.312565,-14.208207,-7.4631352,-5.2197,-2.23769,-2.6951313,-4.3522873,-5.144589,-9.558852,-14.467754,-15.494498,-8.861483,-9.14242,-12.002091,-11.212542,-10.916302,-13.244747,-12.108926,-10.614013,-10.176292,-10.011945,-10.002595,-10.493685,-11.938933,-13.674455,-11.872992,-8.963086,-8.078003,-10.979385,-13.093995,-12.483147,-14.55258,-18.242325,-19.916042,-21.361012,-22.688793,-21.700588,-17.840864,-16.897121,-16.993053,-17.402195,-21.890392,-21.979607,-20.439274,-21.377377,-21.522371,-20.256083,-22.095684,-24.56523,-25.226894,-21.021622,-19.812588,-22.4887,-24.273262,-17.774242,-12.762829,-11.057514,-9.425545,-10.68005,-12.931942,-13.222236,-15.327015,-13.60612,-12.668303,-12.643428,-9.868895,-5.244319,-4.180918,-7.444147,-11.904088,-14.31686,-17.131033,-11.528644,-11.564078,-15.228462,-16.817568,-18.450647,-18.964622,-13.109809,-11.250895,-15.577017,-22.430838,-21.514828,-22.216908,-23.445034
-19.9089,-20.404425,-24.531761,-26.561672,-25.333632,-24.267494,-26.23526,-25.345781,-26.154814,-29.021,-31.345337,-32.391087,-32.13259,-26.157116,-21.397839,-20.961174,-24.629993,-29.042332,-34.248066,-36.772015,-33.967857,-34.084152,-31.962257,-31.112936,-26.747133,-26.660954,-25.134058,-21.319668,-22.073368,-23.781462,-21.857681,-15.029272,-12.496193,-14.836131,-21.349209,-27.661999,-29.87032,-31.07583,-28.98155,-30.070333,-28.647522,-27.567173,-30.602312,-27.117865,-25.864357,-31.325783,-35.878086,-20.185898,-14.905606,-17.910397,-22.897781,-26.085068,-29.563904,-31.721241,-30.540771,-34.80188,-36.47234,-36.975975,-41.039803,-37.82065,-36.307503,-36.051014,-39.23494,-45.123627,-33.627926,-20.485249,-14.536847,-13.163104,-13.263812,-17.54938,-21.119228,-22.6198,-24.078653,-27.880611,-29.400175,-29.815016,-32.94472,-32.744247,-26.022953,-27.058907,-33.377846,-34.68364,-32.936092,-23.965729,-20.257946,-22.722616,-26.140795,-31.439114,-33.68722,-36.927547,-39.2153,-34.42639,-29.307407,-22.856379,-18.974216,-17.160435,-18.408844,-21.590706,-24.10265,-18.836868,-11.76774,-13.691931,-19.194729,-21.28775,-23.51236,-24.227497,-26.824703,-22.460058,-21.202873,-20.918587,-17.947857,-17.840185,-17.662098,-20.633135,-24.610996,-28.736364,-26.491663,-20.564425,-19.127829,-21.267567,-21.485922,-22.634766,-26.344234,-29.243591,-26.162437,-15.982546,-10.237197,-9.16421,-10.8673,-15.30427,-20.830805,-22.036804,-21.305225,-20.201551,-14.336695,-13.67117,-17.470715,-20.489578,-21.459663,-26.250713,-27.529657,-26.772003,-27.775114,-30.91042,-28.93776,-27.919481,-27.480206,-27.123016,-30.858128,-31.36663,-31.431824,-28.533209,-25.088139,-25.412294,-25.554697,-24.013329,-21.688482,-23.15422,-27.609598,-30.685637,-33.91181,-36.277035,-36.903683,-36.93745,-39.454132,-39.66754,-40.404594,-29.56478,-14.34063,-10.369442,-12.747059,-12.3922,-12.299784,-14.954294,-15.622636,-19.644129,-26.375639,-26.568644,-26.02258,-27.473486,-26.63291,-26.048553,-30.326311,-32.686478,-30.831188,-26.167892,-15.684477,-13.78818,-17.89198,-22.8703,-25.216763,-26.695175,-30.350468,-29.071722,-28.918592,-32.4014,-33.634457,-32.075375,-25.259417,-18.014858,-15.402051,-17.330616,-15.483673,-8.955896,-10.724696,-13.961475,-15.766235,-17.129004,-19.664858,-23.14648,-23.863781,-24.28167,-23.824205,-24.474592,-27.20579,-28.38807,-29.439152,-30.991983,-31.948357,-24.245375,-14.957038,-16.542326,-23.27176,-29.308023,-31.971592,-31.954374,-34.4234,-35.747383,-37.473663,-36.029167,-29.352808,-22.48482,-18.957468,-20.524647,-23.326254,-26.035782,-22.99676,-12.370321,-11.040353,-15.501323,-20.828917,-24.783468,-26.925499,-28.925156,-28.787355,-28.905918,-31.865753,-30.012947,-22.56535,-23.720325,-33.169674,-36.166206,-26.540478,-17.859253,-19.287884,-20.956144,-20.15394,-25.025517,-26.056385,-26.535835,-26.970638,-29.242247,-33.31377,-33.915592,-32.715588,-35.568516,-33.990196,-31.396254,-29.725725,-29.325336,-16.91418,-11.594206,-11.230118,-14.383781,-13.8716135,-14.816142,-15.941641,-18.626345,-18.313564,-17.078571,-18.054142,-18.047802,-18.417944,-19.408552,-20.032516,-20.364948,-20.878584,-19.963434,-17.43074,-18.59303,-22.546455,-27.023338,-30.762878,-29.552366,-27.78776,-28.922436,-28.047367,-21.512821,-19.104954,-19.548513,-22.207792,-23.992167,-23.020714,-21.613495,-14.937163,-9.464067,-10.281839,-15.587301,-20.876225,-21.92445,-21.671692,-21.417543,-21.145435,-21.596897,-23.23632,-21.007116,-19.492807,-19.323143,-19.724276,-22.083263,-21.996307,-19.14429,-17.90898,-17.550999,-19.086355,-19.717058,-22.299557,-25.485493,-27.892113,-28.652386,-27.67187,-28.102074,-30.577,-31.029667,-32.58024,-31.44618,-30.12376,-20.665426,-11.831628,-9.837404,-8.938469,-10.775421,-14.065128,-17.184912,-18.286041,-18.23833,-18.069712,-17.632492,-17.704477,-19.513218,-21.235584,-21.339973,-22.251438,-23.669304,-27.207167,-24.464573,-19.234005,-19.493473,-21.879314,-23.670143,-26.724884,-31.270336,-32.03009,-28.860529,-28.062479,-26.018856,-25.628807,-25.911558,-26.439972,-27.071014,-29.206741,-26.700037,-18.926569,-14.004131,-11.130257,-11.244354,-11.638176,-14.087907,-17.653372,-18.022335,-18.844246,-18.656471,-15.663194,-16.080734,-14.964556,-14.714417,-17.959274,-19.619413,-17.4202,-13.20654,-13.504037,-15.318443,-17.358406,-18.458532,-18.571749,-16.483137,-9.618978,-8.345155,-8.779015,-11.298782,-14.720531,-13.422628,-9.450539,-6.233172,-5.6874256,-5.2003293,-3.5152783,-4.3292317,-5.093931,-2.5704744,-1.8141224,-2.7184844,-2.9808106,-2.7971253,-7.670039,-10.288591,-10.026201,-11.266842,-12.124295,-10.010119,-9.858824,-12.5936165,-10.846676,-9.781532,-11.717273,-10.1884985,-9.068104,-9.571026,-10.73255,-7.6839533,-11.917578,-17.281586,-14.006549,-15.209072,-17.041904,-14.451176,-13.255586,-13.078083,-12.186163,-12.0213785,-11.345678,-8.76951,-8.222237,-7.081932,-8.705521,-10.282668,-10.533253,-13.338899,-16.371939,-17.487051,-14.927013,-13.024053,-10.390919,-12.173174,-17.213217,-17.526188,-16.483257,-15.21428,-16.660543,-20.54792,-20.71623,-22.101362,-15.550123,-11.320789,-8.281821,-9.885155,-14.09753,-15.460421,-15.402683,-13.516749,-14.545078,-15.513702,-17.400038,-20.147245,-19.325695,-15.993862,-11.661769,-11.186218,-14.447893,-17.294228,-22.499565,-21.93735,-19.047596,-20.44149,-21.9775,-21.711117,-23.377125,-20.566055,-19.308746,-21.971382,-26.380589,-29.494238,-23.96205,-21.696476,-24.000519,-27.683239,-30.543083,-29.987795,-31.910963,-33.336796,-35.661922,-24.291302,-19.133144,-17.528986,-14.526854,-13.699545,-16.492853,-18.621408,-16.428303,-8.654044,-4.271925,-5.5367064,-9.867006,-12.185556,-16.149366,-16.70803,-15.246283,-14.646664,-13.696543,-15.981712,-13.418936,-8.9019165,-8.96474,-10.186034,-12.177382,-11.523067,-11.446447,-13.000894,-12.39319,-10.00197,-10.420295,-7.007727,-5.739832,-7.585263,-11.147533,-13.684808,-12.114534,-13.854935,-17.680447,-22.11221,-18.988081,-18.357117,-21.602032,-15.009785,-10.847101,-11.267365,-9.943437,-10.4150715,-14.696337,-15.968346,-18.106043,-19.346117,-20.420992,-12.932005,-9.09155,-11.276966,-12.827195,-10.558032,-10.167531,-12.717772,-14.728211,-14.997662,-15.650506,-18.218159,-21.828625,-23.203966,-24.730532,-22.244251,-24.752226,-24.247612,-22.977886,-18.209587,-17.069466,-20.834543,-24.392326,-27.349304,-25.81984,-11.649015,-7.891631,-8.458517,-9.1809,-12.946278,-10.091963,-9.319029,-8.339616,-3.27625,-1.8386843,-1.9560437,-1.354804,-1.0005059,-0.9262678,-3.4924066,-5.33899,-2.5361147,-1.9867669,-0.7444387,-2.9573917,-6.3500576,-7.4696083,-9.158191,-7.47993,-8.096372,-8.87532,-8.536619,-12.083396,-13.573528,-12.581503,-12.415653,-14.146168,-16.824223,-17.129547,-17.711195,-14.08128,-10.167436,-11.249634,-11.117801,-13.8155365,-14.451341,-13.207587,-17.137798,-19.120745,-12.310523,-5.783083,-3.4484863,-5.492778,-9.637315,-8.040613,-9.311697,-14.798328,-13.555173,-12.6214905,-15.837593,-16.962206,-19.2919,-21.93344,-22.531128,-21.293102,-23.050083,-24.191677,-23.525429,-21.973408,-23.075638,-24.439732,-23.981306,-22.542593,-23.334427,-16.168419,-16.85559,-19.12177,-18.675936,-20.94991,-26.608343,-25.25876,-25.67013,-26.611673,-28.254913,-27.903812,-23.298088,-20.891464,-20.391762,-17.681429,-16.632786,-17.342808,-17.06731,-18.031544,-17.604069,-15.8927765,-17.390535,-18.884432,-22.494404,-24.886784,-26.530228,-26.534466,-25.628157,-27.534037,-30.935406,-32.287716,-29.097004,-32.058228,-33.74863,-20.3072,-11.976265,-10.2976265,-13.851349,-20.680647,-20.626143,-22.614843,-22.59115,-22.382746,-23.761454,-24.207584,-21.778866,-22.218494,-25.269657,-26.010876,-27.554113,-28.838081,-22.499027,-16.88581,-12.457052,-13.409521,-20.569447,-23.982773,-27.94836,-28.031021,-30.512344,-31.217644,-33.496017,-32.009953,-31.955385,-34.25577,-32.413162,-34.424652,-36.978226,-23.412655,-11.012155,-9.277613,-13.060136,-20.672554,-25.084631,-27.247044,-29.573757,-29.674223,-29.72148,-31.285069,-27.309772,-23.308483,-23.371866,-25.057583,-25.263065,-27.415659,-27.178114,-17.750233,-14.292072,-16.916271,-21.156677,-21.029737,-24.812489,-26.270447,-27.693031,-27.324812,-30.669502,-30.319405,-28.447178,-31.182032,-33.731213,-31.551714,-30.307156,-20.6341,-13.061548,-12.271431,-15.604641,-18.997547,-21.739445,-24.245481,-27.1088,-29.076864,-31.62935,-26.46826,-24.389889,-27.61583,-24.8147,-22.742275,-24.296223,-29.290035,-23.20134,-15.084739,-16.022568,-20.895512,-25.164688,-26.419792,-30.101341,-33.29057,-34.96466,-35.91702,-34.758648,-31.887217,-32.360912,-33.586643,-35.057373,-33.87331,-27.700289,-15.042131,-11.293549,-14.145032,-17.326147,-18.42239,-21.950209,-26.748236,-30.631914,-32.699234,-29.09267,-29.453861,-33.43067,-37.655827,-32.565598,-30.425165,-31.719826,-17.446619,-8.759705,-5.951935,-4.627199,-5.8679047,-12.250396,-15.7430725,-19.068373,-20.750706,-19.644373,-18.523117,-19.425327,-19.04188,-19.407518,-22.573883,-20.716522,-18.386015,-15.031047,-13.978006,-13.969122,-14.45689,-16.556879,-20.024927,-21.978016,-24.380867,-20.268538,-11.855801,-10.152948,-10.3337,-11.050409,-14.410654,-15.449563,-17.719883,-17.174541,-13.38985,-12.556601,-15.031591,-18.48994,-21.026142,-25.773294,-26.748371,-21.960903,-15.517392,-13.518423,-16.218687,-17.94694,-15.058712,-12.710669,-10.764975,-12.5494375,-11.713205,-10.5425415,-12.84547,-11.374574,-10.947391,-10.714607,-13.578787,-17.436903,-20.813025,-25.17733,-25.445177,-23.143208,-23.401201,-24.844292,-25.385765,-26.58702,-24.990215,-26.24624,-27.50348,-27.920547,-18.064014,-12.468104,-10.483082,-8.020533,-8.274947,-9.890494,-11.528825,-16.517216,-18.370266,-17.572443,-18.909313,-23.200712,-27.12753,-26.0769,-24.562208,-24.24435,-24.967043,-23.012947,-12.182674,-9.74231,-13.654186,-17.434372,-20.381739,-22.254894,-25.51233,-24.872204,-26.245974,-28.41969,-31.178192,-30.479128,-27.58915,-28.570698,-31.29465,-31.536049,-29.298218,-23.196033,-25.058456,-24.979053,-25.0453,-30.299072,-34.559757,-35.814224,-36.779263,-37.8458,-37.689644,-33.676037,-29.36349,-21.987469,-18.220316,-19.152657,-21.469954,-20.874485,-14.790639,-12.33511,-13.718639,-19.354313,-22.225098,-23.35744,-25.448803,-28.92469,-28.812298,-29.921852,-29.724379,-27.32178,-27.172112,-26.403145,-29.653046,-32.75341,-33.04995,-24.109833,-19.675983,-16.867634,-18.240517,-20.342987,-21.771173,-24.086208,-24.676586,-21.490078,-19.553091,-20.46212,-22.836292,-26.511375,-29.316875,-28.676512,-28.588482,-24.930668,-17.009241,-17.0168,-16.749012,-16.570648,-20.152424,-24.340155,-26.996546,-27.880627,-27.111603,-30.21457,-30.942131,-31.76004,-28.30032,-27.209396,-31.94584,-33.392975,-32.452396,-29.288876,-20.313215,-12.126193,-5.334666,-4.5824327,-6.291831,-7.136889,-6.529979,-8.801981,-11.010849,-12.224876,-14.106141,-15.323858,-17.256466,-18.700592,-21.685522,-22.38971,-19.721325,-13.513401,-12.666281,-14.120742,-18.21122,-18.280361,-17.225689,-18.27054,-22.59568,-20.290737,-18.687157,-22.290535,-25.11264,-26.794022,-25.317266,-18.003983,-11.927996,-13.051577,-12.855848,-9.247982,-6.6623616,-7.8047495,-10.311449,-11.352905,-13.656809,-16.58757,-16.94516,-13.915696,-13.238097,-12.513657,-12.500218,-13.929849,-18.66714,-20.585178,-17.547922,-12.993292,-10.880386,-11.022864,-17.033274,-19.802925,-19.552538,-17.403019,-15.650444,-15.489023,-15.957119,-21.469578,-23.338192,-19.509924,-22.73256,-24.660717,-24.648346,-22.817902,-20.407679,-21.263124,-23.849682,-25.95502,-28.909025,-29.175438,-29.287054,-31.162712,-31.259209,-30.98584,-24.97488,-17.47916,-17.232603,-20.652979,-23.608543,-26.884985,-20.895573,-16.232288,-15.4563675,-12.254873,-8.25282,-4.831124,-6.8658643,-7.80703,-10.30917,-11.22038,-11.274873,-18.346764,-21.625027,-21.572083,-22.875826,-24.444408,-21.659203,-17.575535,-16.86016,-15.4265585,-15.094221,-17.673828,-22.945946,-27.450993,-26.490997,-28.73889,-29.019386,-30.443253,-33.129097,-34.50925,-31.912165,-29.088596,-31.40242,-26.100588,-16.057127,-14.337242,-13.558533,-12.681456,-13.67476,-14.544391,-16.328407,-18.183533,-19.580269,-20.840395,-21.25123,-20.664883,-20.87681,-22.156992,-23.434727,-25.288933,-25.470108,-18.29413,-18.840685,-19.788185,-19.210636,-24.625164,-27.499866,-30.029852,-33.529327,-31.890821,-31.905159,-24.332653,-20.292318,-14.694314,-12.855405,-14.314851,-16.256413,-18.483995,-16.961851,-13.02994,-12.882429,-12.662839,-12.307587,-13.760828,-16.366562,-18.719149,-19.192307,-19.749697,-17.906452,-18.916464,-24.020855,-23.102974,-21.215906,-20.754128,-21.57167,-15.50762,-10.611546,-12.202637,-16.484697,-19.851263,-20.99767,-22.654026,-23.9781,-23.548466,-23.90971,-24.308702,-25.57327,-28.6708,-28.976368,-29.188185,-30.732944,-24.59822,-12.745391,-8.18364,-10.667106,-15.16366,-12.981625,-12.491445,-14.045288,-18.591768,-23.26585,-21.96432,-19.946266,-21.60976,-22.06456,-21.229855,-23.221188,-24.39253,-27.171906,-24.141998,-21.982958,-24.194607,-23.01801,-24.067532,-27.833584,-30.152191,-28.611435,-27.356613,-29.386957,-30.618866,-24.144745,-22.671394,-26.315405,-27.332952,-25.819254,-30.792564,-18.760872,-10.788214,-8.977991,-8.890706,-9.5734005,-11.965161,-13.221959,-12.1982155,-12.56206,-13.535006,-14.722532,-17.268501,-19.80239,-19.415009,-20.568829,-22.786476,-18.672033,-11.586089,-10.251604,-13.196358,-6.1084385,-2.5589857,-6.520347,-10.088829,-10.732588,-10.569532,-11.182159,-10.887182,-10.495423,-15.37771,-17.350018,-17.25744,-13.880775,-11.112355,-11.494142,-11.189808,-9.964718,-11.246986,-11.8976555,-13.470298,-13.031124,-10.250911,-9.752489,-11.028813,-14.2990885,-14.986155,-16.972385,-17.732475,-19.847382,-23.130198,-24.562943,-22.192163,-17.674538,-17.832916,-18.180157,-19.070328,-22.637712,-24.574139,-22.925694,-22.013786,-22.396395,-23.645359,-22.916029,-21.937263,-20.117104,-16.666052,-18.348911,-25.518484,-22.947542,-20.719063,-13.000853,-9.952973,-9.435318,-11.888775,-13.146109,-14.018116,-13.675851,-9.264663,-9.127758,-8.147125,-4.0354843,-4.474855,-6.38802,-9.632868,-12.210459,-13.822363,-16.16012,-10.196127,-7.394798,-9.505609,-14.895178,-15.082126,-17.15156,-17.338242,-16.693228,-17.463797,-20.426188,-20.550278,-21.535069,-22.715336
-19.114334,-19.549511,-21.136967,-24.719744,-27.01749,-27.707796,-28.67273,-28.280499,-28.323786,-25.559517,-28.40213,-28.529987,-27.118273,-26.491005,-19.958515,-17.767153,-22.821453,-29.963463,-31.939415,-31.31734,-33.181587,-34.748043,-35.915222,-30.431572,-22.961226,-23.882635,-27.684563,-28.617956,-31.457893,-29.827368,-26.65244,-19.163877,-13.366337,-15.337329,-21.116354,-22.818594,-26.424902,-29.07674,-28.754795,-29.577644,-28.76691,-26.788626,-25.949823,-26.700438,-27.069588,-31.434307,-34.205757,-26.321796,-20.130417,-20.421907,-24.200043,-28.205803,-31.652678,-34.456757,-33.222755,-32.375294,-35.837395,-38.73269,-36.794617,-35.32507,-36.794353,-39.95312,-39.106422,-37.9778,-35.52849,-21.57359,-14.121628,-13.83552,-17.61847,-18.416521,-20.346893,-24.262222,-24.267347,-25.75331,-29.201,-29.631786,-25.455357,-21.26911,-20.272366,-24.61229,-31.87788,-29.734123,-27.946445,-23.130808,-19.991516,-21.22926,-26.851921,-31.452019,-30.3601,-31.272793,-30.832111,-30.578766,-29.16343,-25.43907,-25.36421,-26.188623,-27.341425,-28.545752,-28.539488,-20.234709,-12.484313,-14.1513195,-17.002552,-19.671623,-24.918411,-29.996384,-29.879791,-27.062412,-26.277826,-26.46931,-25.82689,-23.901731,-24.59357,-29.980791,-29.759212,-30.54955,-28.466623,-19.963758,-19.14438,-22.777622,-26.771473,-28.948433,-28.675293,-28.174534,-31.746723,-26.174414,-18.546955,-14.40939,-14.173623,-17.596392,-21.213007,-23.912287,-25.707825,-21.194725,-12.504982,-11.504816,-15.041655,-22.251995,-23.62444,-25.953913,-27.445248,-29.864874,-29.421406,-29.209335,-30.710686,-31.983307,-28.783474,-27.483885,-28.983469,-31.430756,-31.261633,-26.905859,-23.221485,-23.146431,-24.518906,-24.02023,-22.026176,-23.3084,-28.405357,-30.85997,-29.66459,-31.287325,-36.18226,-37.734467,-37.970146,-38.474464,-39.216515,-33.66681,-19.60213,-14.048693,-13.802423,-14.733789,-15.264919,-15.658201,-16.167713,-18.263355,-21.988579,-23.593716,-26.010237,-26.928541,-22.522762,-23.620672,-27.723469,-27.982082,-27.060081,-25.40964,-20.037058,-17.4804,-19.660889,-26.15747,-28.119995,-30.355923,-30.28538,-30.007874,-27.898493,-28.633783,-32.750324,-34.889782,-32.290222,-28.171656,-25.87965,-27.063038,-16.79328,-9.881556,-10.240503,-14.01444,-17.948116,-21.281544,-21.949547,-26.306736,-28.134163,-25.732214,-26.818851,-28.204239,-28.728676,-26.838882,-24.68916,-28.423874,-29.155895,-22.382332,-14.391046,-17.055536,-24.916346,-30.125008,-28.74873,-27.573698,-30.276087,-32.19743,-32.016365,-29.240177,-25.526798,-25.15923,-25.947199,-28.322693,-29.192236,-31.360178,-24.053997,-13.452658,-12.3818245,-15.435863,-20.553604,-25.512798,-24.841694,-27.869246,-31.2531,-32.24009,-34.037453,-31.917685,-24.824163,-23.50522,-27.279043,-33.909134,-26.589275,-21.120934,-20.397385,-23.281017,-30.270523,-33.778652,-36.56571,-37.915577,-37.973972,-36.99366,-37.32389,-37.29013,-38.518826,-39.395756,-41.23768,-38.49238,-35.91836,-30.88765,-16.820995,-13.374685,-15.522192,-19.322708,-18.55974,-18.602028,-20.511465,-21.556093,-22.452827,-23.587273,-23.288202,-24.484016,-23.550253,-22.859585,-25.614288,-27.254303,-28.511906,-28.203821,-24.650858,-23.408878,-27.715187,-32.341587,-34.866165,-36.3822,-38.53472,-39.016453,-36.270016,-29.105225,-23.39242,-23.339062,-24.471228,-24.578259,-24.66197,-25.19824,-18.04765,-11.388952,-10.930781,-14.507827,-15.424387,-18.72279,-19.297462,-20.406956,-22.068312,-23.682072,-25.0305,-25.712034,-28.899508,-27.133263,-27.177353,-33.908287,-34.180065,-24.413816,-21.046392,-23.384726,-28.316673,-33.905716,-37.025112,-35.811497,-34.96098,-36.801186,-36.27395,-35.198837,-35.465313,-37.9219,-39.79867,-42.439285,-41.33555,-28.248123,-20.049145,-16.718454,-15.105312,-14.788798,-17.585632,-17.816048,-20.823608,-24.221329,-27.109005,-28.630627,-29.424116,-30.977684,-28.175013,-22.265425,-25.89796,-29.521416,-30.75938,-26.347294,-19.672281,-19.805244,-25.716887,-34.47238,-34.20649,-33.88074,-30.959095,-31.222351,-34.400562,-28.537645,-21.923393,-20.408855,-20.829172,-21.37705,-22.16124,-22.277138,-17.71838,-11.460649,-11.296302,-14.12931,-18.241268,-19.777456,-21.135683,-23.047705,-24.632101,-25.583942,-14.780327,-10.621279,-13.530256,-16.513132,-16.72846,-18.412302,-18.784504,-16.506351,-17.331451,-19.614773,-20.204742,-22.001125,-16.569628,-13.53561,-15.020608,-18.546669,-16.603142,-14.312578,-15.387552,-17.96756,-18.713682,-13.675001,-7.8725142,-6.10519,-6.862884,-7.3452163,-8.562254,-9.145091,-7.709727,-4.832195,-2.410504,-5.030811,-9.107016,-11.741266,-7.901059,-7.7699995,-11.695053,-15.880451,-15.783442,-12.470047,-13.741799,-13.752834,-14.8087845,-19.890192,-18.37966,-13.484136,-14.70792,-16.633074,-15.897685,-19.13855,-22.849167,-21.174896,-18.550217,-16.58248,-15.438288,-16.470482,-15.552399,-14.235982,-16.187536,-10.712736,-9.969879,-11.531554,-13.317257,-14.7848835,-16.0757,-18.710844,-19.009792,-19.680656,-12.918667,-9.358627,-9.228798,-9.513905,-12.593363,-15.443102,-18.226025,-18.872055,-18.459318,-20.2253,-22.892262,-25.34982,-24.292849,-18.28128,-14.360012,-16.058681,-16.30304,-14.790844,-15.256967,-15.374025,-10.244659,-11.433834,-17.213785,-17.01318,-18.312479,-18.481863,-13.792025,-14.194413,-18.067781,-17.659134,-19.539581,-24.818651,-25.674946,-25.108786,-28.220713,-29.884968,-30.869797,-26.86871,-23.311384,-25.53066,-28.988104,-31.409262,-24.353855,-19.9988,-22.141403,-27.689941,-28.654861,-28.00129,-30.585253,-36.145153,-36.695766,-30.316841,-21.906301,-14.712469,-12.370729,-10.91632,-12.595392,-14.492903,-14.309951,-11.831917,-8.041533,-9.911643,-9.784042,-11.535835,-15.349787,-14.129953,-14.812698,-15.845161,-13.813112,-14.920691,-12.165938,-9.059658,-8.489117,-9.421391,-8.151308,-9.466264,-11.22201,-9.1134815,-11.788596,-14.039276,-11.884408,-10.343127,-10.895162,-11.941976,-13.697359,-15.386523,-15.877957,-17.264574,-19.895237,-22.54819,-22.494867,-22.422691,-23.339676,-15.86486,-7.770089,-8.676367,-10.451926,-10.324756,-11.887552,-15.746064,-21.429346,-23.926964,-24.107166,-18.347202,-14.233736,-14.677813,-15.685778,-13.031787,-11.660315,-12.648854,-14.86369,-15.318544,-16.861912,-22.022034,-24.97533,-27.669624,-29.24381,-29.047539,-29.91177,-29.51043,-27.983833,-22.491522,-18.50088,-18.910805,-21.079357,-22.794294,-21.317688,-13.237315,-8.796106,-7.7801056,-7.5413523,-12.567702,-13.627264,-11.257183,-13.030138,-9.203937,-7.3944483,-6.84166,-7.0210257,-6.690136,-6.403749,-6.43193,-7.6684847,-7.228196,-6.968953,-11.377736,-12.059244,-9.205833,-11.054722,-14.539628,-15.397796,-12.969655,-15.051605,-16.54856,-18.997185,-19.676006,-16.248997,-15.399706,-15.849428,-17.914455,-17.601627,-18.381336,-21.961292,-15.217144,-13.13957,-15.366546,-17.245472,-20.324238,-21.505363,-25.356562,-25.296309,-21.057493,-18.844131,-16.602768,-12.040452,-11.20408,-10.626087,-11.8908825,-19.359766,-18.433723,-16.710903,-18.128939,-22.13726,-24.666655,-27.08702,-28.728216,-28.932423,-26.741209,-26.319946,-27.519093,-27.283337,-25.849354,-27.828959,-28.196552,-26.342693,-24.265127,-15.538736,-15.105474,-16.97074,-17.337845,-19.259775,-23.144714,-25.61295,-26.0906,-25.548983,-26.713617,-26.98132,-26.429579,-25.824816,-20.08563,-18.248833,-18.915033,-16.406767,-13.04659,-15.784817,-18.45689,-18.866766,-19.265497,-17.237417,-17.18526,-20.6433,-24.520557,-26.709078,-25.26287,-27.166763,-28.876171,-31.063244,-31.750912,-33.4963,-31.757198,-22.75531,-12.28632,-9.087745,-12.391358,-16.929058,-18.709442,-16.865913,-18.236576,-20.895863,-19.51785,-18.62431,-16.805717,-15.52328,-18.319725,-18.878805,-19.719536,-24.933975,-22.982103,-19.759056,-20.376339,-23.614542,-23.627321,-24.973236,-27.969683,-28.350601,-27.098148,-29.14597,-34.203075,-36.802258,-39.23602,-36.68934,-36.067394,-35.820618,-34.36631,-26.831554,-16.101051,-11.328725,-12.228201,-15.53192,-16.236858,-19.002726,-20.646381,-19.913412,-23.568638,-24.423449,-19.432795,-15.074796,-15.458332,-16.01391,-19.494736,-23.12412,-21.706654,-18.764942,-16.76539,-20.744904,-25.643759,-26.059895,-25.533287,-27.838099,-28.67584,-28.673761,-29.853384,-29.616669,-29.707352,-31.146193,-30.452198,-30.991013,-29.845163,-22.579346,-12.5002,-10.527653,-13.20854,-17.004095,-18.369205,-19.98147,-21.636463,-21.849636,-21.759079,-18.253237,-14.601738,-15.397054,-17.374743,-19.540508,-20.558405,-21.74509,-18.02763,-14.61027,-15.460831,-20.741245,-24.087017,-23.342705,-24.690989,-25.906294,-28.460361,-29.953503,-28.9271,-28.118935,-31.015404,-32.39614,-32.58495,-32.57201,-28.054869,-17.487625,-14.062601,-14.097239,-14.041003,-14.42713,-14.558085,-16.264795,-16.732841,-18.47549,-21.09187,-21.492855,-22.317163,-22.709606,-21.920933,-21.43983,-22.112036,-17.244213,-9.466012,-10.116226,-13.254124,-16.792404,-18.036175,-18.668583,-21.784286,-22.6562,-24.279625,-26.116673,-26.387962,-20.144033,-17.086588,-16.262892,-16.10244,-18.250011,-17.768877,-15.620787,-12.609995,-10.7559595,-13.170685,-14.790461,-17.155632,-20.273676,-23.68308,-19.80254,-19.180685,-18.740412,-18.82483,-18.502295,-17.482063,-18.070932,-16.626146,-14.165401,-14.61981,-15.793198,-17.406847,-20.30998,-23.472803,-23.409967,-23.531656,-22.38507,-23.319092,-22.557743,-20.852829,-21.001884,-21.04107,-19.162064,-17.51741,-12.049546,-9.26125,-13.626009,-13.878154,-14.363691,-14.177051,-16.332924,-20.76263,-24.864258,-25.152588,-25.829918,-27.08815,-26.118744,-24.83515,-25.346779,-28.054438,-26.608751,-26.305552,-28.404467,-26.751583,-20.31651,-14.03895,-12.757033,-11.701424,-10.644832,-12.99564,-15.4885845,-17.706684,-16.26159,-18.147196,-23.852062,-26.443445,-28.979492,-27.23418,-28.61186,-28.571321,-29.833715,-24.706398,-13.628429,-12.041849,-15.276862,-20.69435,-22.351387,-25.45968,-27.56922,-29.778025,-31.20799,-32.572857,-31.804379,-30.502735,-26.251791,-28.304842,-32.760242,-34.77287,-32.551895,-25.107088,-24.92956,-22.394274,-21.580708,-29.321316,-35.266014,-36.39873,-37.334293,-36.10121,-35.374374,-33.617615,-31.744568,-29.212887,-27.537888,-27.54972,-27.653992,-23.169712,-15.034141,-9.842385,-10.736578,-19.034122,-24.51579,-26.57043,-27.381361,-29.691565,-30.659304,-29.848078,-27.736824,-25.725538,-23.957235,-24.243376,-27.872276,-29.754272,-31.719643,-25.065443,-20.382654,-18.27503,-19.979689,-22.673447,-24.992983,-28.818989,-30.938671,-26.379242,-23.32895,-24.503761,-25.775051,-27.142685,-32.680775,-33.166977,-31.93572,-25.418953,-15.21036,-12.111301,-13.627283,-17.396597,-20.882477,-24.253956,-24.49851,-26.212122,-27.429539,-26.975266,-28.281029,-29.638186,-28.473358,-26.698397,-29.4699,-29.126692,-26.335962,-25.365057,-18.614914,-10.533042,-8.857538,-5.372999,-4.1760216,-6.985107,-8.305172,-9.660352,-10.003799,-12.403703,-16.68163,-18.226873,-18.584734,-21.316088,-24.391687,-22.233807,-19.78008,-12.485916,-13.050383,-15.632832,-19.514412,-19.014894,-18.330368,-19.605843,-22.911594,-22.849424,-21.339853,-20.062992,-21.209072,-22.954016,-22.68536,-17.655056,-13.02477,-14.98601,-15.512419,-11.149603,-9.446813,-8.531719,-10.108796,-11.254144,-16.11708,-17.706806,-15.549778,-11.975192,-11.742936,-12.73979,-13.291286,-14.720363,-18.073223,-22.904741,-20.831785,-15.8726845,-13.594366,-14.068669,-15.537252,-18.858809,-21.077389,-21.141197,-17.104671,-15.746996,-18.115059,-18.76966,-20.57801,-18.452766,-22.609875,-23.221552,-24.22251,-24.441124,-23.425415,-21.707825,-23.99918,-26.216702,-26.229786,-29.012035,-30.137997,-30.49086,-29.599874,-25.833168,-25.138083,-24.21817,-24.422813,-27.94577,-27.874401,-29.088207,-17.32031,-12.953104,-14.8607025,-15.968435,-12.670402,-8.615844,-9.866292,-10.825276,-13.201305,-15.580366,-17.871523,-20.488708,-18.987646,-20.247147,-24.168606,-24.673979,-23.996117,-21.398535,-19.685503,-19.628225,-22.972,-26.230103,-25.920515,-28.495506,-31.304655,-29.28194,-30.43934,-30.607414,-30.141924,-31.610733,-34.182133,-32.75641,-32.67796,-24.734333,-12.55089,-10.236202,-13.19179,-15.724683,-15.703621,-17.649454,-21.493946,-24.889519,-26.91102,-28.94146,-24.978933,-19.77515,-20.365019,-21.78991,-23.006111,-26.534414,-26.760853,-19.83473,-19.60056,-23.612509,-26.208773,-27.981716,-30.745941,-32.10886,-33.073483,-33.161472,-34.574303,-29.713692,-24.059483,-21.986616,-22.598087,-23.871805,-25.299025,-25.871765,-19.233898,-13.048761,-12.035791,-13.384347,-13.264304,-13.142991,-14.103995,-15.500451,-17.52335,-20.335785,-21.794193,-20.415947,-21.209887,-21.810055,-21.295118,-23.78711,-22.219654,-19.715055,-13.931737,-14.48896,-22.620365,-26.24892,-26.51316,-26.271175,-28.479498,-29.28086,-31.859503,-35.130924,-37.387527,-35.770668,-35.641094,-36.495148,-36.587936,-24.751892,-12.334495,-7.558364,-6.9898624,-7.079302,-7.7139335,-7.9710226,-8.462556,-9.689676,-11.075624,-12.285696,-13.362714,-14.818473,-15.082363,-16.694126,-16.888199,-18.70068,-20.474394,-19.481934,-18.951418,-22.328972,-20.733698,-22.016317,-23.485516,-23.464897,-23.868832,-26.347855,-29.907593,-33.417667,-23.836693,-22.033104,-26.51533,-28.92809,-28.943565,-30.124264,-22.620583,-15.385947,-15.2159,-20.364403,-21.548578,-21.981428,-24.265362,-26.172253,-25.009357,-24.01345,-22.1958,-22.227467,-22.61803,-24.481483,-27.42243,-29.502554,-24.600197,-16.670532,-14.273121,-12.801657,-10.74132,-13.39891,-12.550076,-12.74338,-13.072855,-13.927944,-12.335562,-14.949946,-16.265383,-16.482843,-20.672112,-20.711483,-18.826965,-19.80706,-20.575012,-17.28069,-16.284369,-17.539412,-20.56575,-20.575344,-18.945255,-18.702684,-18.178478,-15.919806,-15.470964,-16.596418,-20.002098,-21.406197,-21.41554,-22.016012,-25.52599,-25.421326,-19.017763,-18.00742,-19.066172,-22.062649,-23.10968,-23.865881,-28.439735,-27.839872,-25.111952,-24.540318,-25.780704,-27.149286,-26.901949,-28.608913,-31.77392,-31.719948,-25.198633,-22.370779,-16.220251,-11.482866,-12.753123,-17.967432,-18.767187,-21.458284,-21.092552,-19.838627,-12.367774,-6.538415,-8.548267,-10.009178,-7.7007456,-6.6363773,-7.42375,-8.896407,-7.8177447,-6.383357,-6.7579074,-12.406498,-17.702816,-19.424902,-20.501312,-14.189684,-10.386142,-11.937149,-17.62965,-17.326323,-17.214907,-19.23494
-15.151905,-14.314186,-12.640955,-16.25315,-19.371862,-16.509064,-16.426176,-16.634876,-15.058446,-14.392014,-16.661686,-15.948583,-15.237418,-16.924856,-17.470078,-16.357115,-17.331793,-20.98891,-23.92328,-22.451412,-22.490803,-24.966873,-27.044458,-25.542435,-19.61962,-15.166396,-14.205165,-15.780305,-18.731808,-17.998636,-18.96395,-15.688509,-9.854144,-10.144435,-12.06147,-11.674756,-12.146564,-17.394178,-17.05603,-14.145567,-15.418907,-21.274082,-17.311148,-12.646105,-13.42291,-20.35618,-18.864271,-14.7741785,-16.499378,-22.09671,-22.26058,-17.322086,-17.321241,-21.423885,-24.105549,-19.431595,-20.146864,-25.322178,-26.273726,-21.592676,-21.178682,-23.434553,-24.01205,-23.461594,-24.129753,-18.911125,-11.54139,-10.580477,-12.630368,-9.921707,-12.027974,-18.342197,-15.948261,-13.102467,-14.625197,-17.655931,-18.518045,-16.431862,-15.4905405,-18.00666,-18.256609,-18.813725,-22.803383,-21.216843,-18.40289,-17.953924,-22.173899,-24.965212,-24.351519,-24.661522,-24.271763,-24.990433,-23.495182,-21.1039,-21.704937,-19.249132,-16.53597,-17.465996,-21.516096,-20.736252,-14.214289,-11.821485,-11.033339,-14.39086,-13.103171,-12.779065,-13.475837,-16.689331,-20.364403,-20.739717,-19.815968,-17.221764,-19.041334,-22.023659,-20.243093,-20.738564,-22.712177,-20.713799,-19.79629,-21.535984,-23.754875,-23.113508,-21.887579,-24.210215,-30.330505,-26.018602,-22.892784,-24.42214,-22.982002,-19.95262,-20.371754,-24.206362,-24.692953,-20.331379,-12.380058,-12.202017,-13.922629,-15.506039,-13.596102,-16.672604,-19.44858,-21.439772,-19.86271,-20.122118,-18.128704,-20.139933,-26.343708,-27.092134,-22.583145,-20.822088,-22.619135,-23.325363,-23.215866,-25.826958,-27.765038,-23.573967,-21.583641,-24.360203,-27.893482,-28.264137,-28.061901,-31.924704,-32.241287,-32.15512,-34.201347,-34.697884,-33.834568,-31.334455,-18.071707,-11.595832,-8.271773,-8.923324,-11.134815,-9.1882105,-8.5091715,-12.855341,-18.720835,-20.738976,-17.852737,-18.663788,-21.098902,-21.32559,-21.926107,-20.65652,-21.351326,-23.793928,-21.10291,-20.89618,-21.096878,-23.05827,-24.100798,-23.47307,-25.02494,-26.954935,-23.96509,-25.033829,-29.400131,-26.029728,-23.241585,-23.394958,-22.047882,-24.36383,-16.848476,-10.482445,-9.260229,-9.437541,-11.145066,-14.086887,-14.975075,-18.514448,-19.946913,-18.140795,-17.169325,-16.786236,-16.966742,-17.912333,-17.348072,-18.78208,-18.944584,-19.41039,-17.468344,-20.204756,-24.756536,-25.960358,-23.058819,-21.671429,-23.422754,-23.710888,-23.861456,-21.556986,-18.495691,-17.117926,-18.500528,-18.454391,-18.26174,-19.589298,-18.487646,-13.911001,-13.929805,-17.360264,-18.81994,-20.846333,-23.364948,-24.941036,-28.96857,-28.875664,-29.712017,-29.104103,-24.718666,-22.561474,-25.826782,-28.285921,-23.891926,-18.388685,-18.084301,-21.537083,-26.805862,-29.906275,-32.45115,-34.0763,-31.228037,-32.48848,-34.400352,-35.368538,-36.012314,-35.223866,-36.80497,-37.241203,-34.752914,-25.24347,-11.700121,-10.578117,-14.914569,-18.364834,-22.868357,-23.226957,-24.048662,-24.292088,-23.663473,-23.328747,-23.706402,-22.900171,-24.15557,-23.791311,-23.19989,-24.850834,-25.285843,-25.232573,-22.312088,-21.329979,-27.142002,-33.15777,-33.257107,-31.920374,-34.928444,-36.40938,-34.048103,-31.151617,-30.938885,-30.571423,-31.702414,-31.301647,-30.150505,-29.330975,-23.935232,-15.558426,-13.433802,-14.813847,-17.220245,-19.509832,-19.515636,-20.64674,-21.967716,-24.362324,-26.18603,-28.813591,-30.159725,-29.21932,-28.637363,-31.311333,-31.0981,-23.37542,-19.034231,-19.472988,-23.765842,-27.312586,-29.64838,-30.195992,-31.014174,-31.02952,-31.845903,-31.68137,-31.771297,-31.460829,-32.1052,-33.583015,-35.44164,-30.365782,-22.240408,-18.048758,-15.2096,-15.85909,-19.192362,-21.979635,-24.886501,-24.925312,-26.020298,-25.161137,-25.428179,-25.191965,-25.895332,-24.054142,-24.520454,-26.450943,-29.452682,-30.34258,-22.685472,-21.918383,-27.146654,-31.666714,-33.279915,-36.52399,-35.34507,-34.219036,-34.49258,-33.312195,-29.621132,-28.153244,-28.932873,-29.497377,-29.90604,-30.327686,-19.372593,-12.672932,-10.810202,-13.067312,-15.757303,-18.400536,-19.081062,-18.890736,-19.743025,-20.472126,-18.623287,-15.035051,-16.248251,-14.983135,-17.337378,-18.942867,-19.236824,-17.55246,-15.78116,-17.173561,-19.191065,-21.192158,-21.067207,-17.863787,-13.8677225,-13.870064,-16.127457,-17.35925,-16.370121,-12.852397,-8.602278,-5.157964,-3.4675763,-3.5211315,-4.6358128,-5.2546887,-5.201773,-4.115183,-3.8564682,-1.7499745,-1.8397938,-5.154319,-8.011945,-8.776421,-7.8073483,-9.654241,-12.668552,-14.04271,-12.332539,-9.38774,-10.248366,-10.4669895,-9.970436,-9.626631,-7.2606354,-3.317462,-2.9777608,-6.0962205,-12.694818,-11.973846,-15.348596,-16.441975,-14.152614,-11.060862,-11.650631,-12.829951,-14.49511,-14.951755,-15.190388,-12.330172,-10.726829,-10.320797,-12.507462,-15.301518,-15.183554,-15.646172,-16.37829,-16.054197,-15.263031,-10.128353,-9.455206,-13.128134,-13.684156,-12.057719,-13.513075,-17.391489,-18.162922,-16.960064,-18.481329,-22.112577,-20.792885,-18.336842,-18.364655,-19.800568,-17.652761,-15.815666,-15.576679,-17.048409,-15.628344,-15.839338,-19.213152,-21.176125,-22.852139,-16.06948,-12.085027,-13.306113,-15.337021,-16.49761,-17.495605,-17.998848,-18.334373,-18.994488,-21.9072,-24.004137,-24.49261,-24.104593,-23.364002,-25.767666,-28.894073,-30.018675,-21.315422,-16.673002,-20.474335,-25.334461,-26.17609,-24.390898,-25.31641,-29.238514,-29.571457,-27.85619,-27.11875,-23.216866,-20.456093,-19.099606,-20.052132,-21.360775,-22.326534,-19.06558,-15.387191,-15.269223,-13.698778,-12.451167,-14.670965,-16.63279,-18.040892,-17.759169,-17.079449,-18.006577,-15.370953,-10.622009,-7.449231,-8.722847,-10.782928,-13.0917845,-13.404619,-12.862531,-14.141802,-14.028303,-14.352383,-13.77056,-14.726707,-15.886126,-17.751305,-21.255817,-19.285166,-20.128399,-22.845604,-25.453964,-22.13791,-22.614285,-23.451107,-16.229979,-8.38073,-10.067583,-15.597148,-16.452007,-18.22119,-20.213127,-22.895107,-23.955069,-24.16561,-19.642166,-17.184742,-15.712266,-13.763725,-10.423698,-11.034392,-14.188234,-15.833612,-17.201654,-17.906525,-21.817247,-22.829124,-26.015408,-26.112553,-24.409843,-24.831013,-27.858768,-27.204168,-24.563143,-24.200542,-24.989729,-25.02068,-27.092564,-25.514454,-14.738526,-8.739971,-6.7161365,-8.189015,-12.488167,-12.949509,-12.384159,-13.885151,-10.292157,-9.248951,-8.312174,-8.213388,-10.450725,-11.019201,-8.954652,-9.156349,-10.430732,-9.696694,-9.810182,-11.6305065,-12.833704,-13.989624,-14.994291,-14.454279,-15.566788,-18.140833,-22.20009,-22.448366,-19.493645,-19.322313,-22.800932,-22.985893,-19.29005,-18.233772,-20.432995,-19.054419,-12.123608,-11.70434,-13.880596,-15.689245,-17.087051,-19.449326,-21.15078,-19.627172,-19.240768,-22.077011,-23.820786,-21.11849,-17.764942,-16.61337,-20.058764,-24.823256,-20.092262,-17.853828,-22.11066,-26.977097,-28.381357,-27.996777,-28.22488,-27.483206,-26.198195,-27.224218,-29.612156,-31.381426,-31.02594,-28.625372,-28.455807,-26.703106,-23.959229,-15.526819,-13.650437,-16.819551,-20.60642,-21.567497,-22.02565,-20.391556,-20.680557,-22.172338,-24.96669,-25.18779,-22.077164,-19.882174,-16.76694,-15.062235,-15.365163,-15.119518,-13.081026,-15.509263,-17.627756,-17.21701,-16.415855,-17.675385,-19.23094,-20.303093,-20.818357,-24.44215,-26.830479,-26.23806,-26.355247,-30.399483,-28.128857,-29.956127,-29.525126,-18.654938,-9.307312,-8.164263,-12.138616,-15.328346,-15.624591,-14.33872,-16.17931,-18.64467,-16.777775,-17.673243,-17.811258,-14.6914,-16.707111,-17.095758,-17.368568,-22.44342,-21.366661,-18.662487,-18.484497,-19.571327,-20.823048,-22.30679,-24.83388,-26.521812,-26.461046,-28.715847,-31.065683,-32.411503,-33.11708,-32.764656,-32.400887,-32.347603,-33.236477,-29.133076,-16.778131,-12.605185,-12.35629,-12.330404,-13.083835,-16.291628,-17.348125,-15.387896,-18.541039,-22.760284,-17.794888,-13.908335,-14.170177,-13.549934,-17.273575,-20.781876,-18.790663,-16.593784,-14.210632,-20.139317,-23.899742,-21.231611,-21.395903,-25.142605,-27.51771,-25.05766,-24.974579,-24.87489,-26.796185,-27.589638,-26.49562,-28.472763,-26.861382,-21.162762,-15.149421,-12.796293,-12.476484,-14.758301,-14.900746,-18.49592,-21.80656,-20.948616,-20.722836,-18.304445,-14.040455,-13.140397,-15.559385,-18.248383,-18.686325,-18.796143,-16.161955,-14.648403,-14.404928,-19.571577,-21.974697,-20.990032,-22.29614,-23.153858,-24.473677,-26.9131,-25.503777,-23.534067,-25.429628,-28.295303,-30.003908,-30.378801,-24.89248,-16.046503,-11.85101,-11.886492,-11.765301,-12.000417,-11.96627,-14.41881,-14.760443,-17.024157,-20.142014,-19.254292,-20.723034,-20.155981,-18.793509,-18.209421,-18.967213,-18.240622,-12.485105,-14.117427,-17.363922,-17.125147,-20.238174,-22.677896,-23.87682,-24.882648,-24.897654,-25.699295,-24.377663,-20.194452,-17.362425,-15.066057,-12.629427,-12.141016,-12.166676,-10.798761,-6.127037,-4.309831,-8.0301285,-9.365946,-12.935326,-15.831908,-16.47162,-13.003968,-14.367942,-14.706091,-16.365303,-16.588594,-14.691408,-14.095921,-14.101831,-17.884914,-19.07285,-18.28932,-15.827726,-15.591946,-17.262917,-19.370111,-21.515272,-17.453117,-17.064589,-19.516857,-22.138746,-22.686464,-18.222889,-16.988117,-17.275337,-13.634344,-11.4023485,-14.502889,-13.32448,-11.396362,-13.697957,-14.686814,-17.190174,-21.930775,-20.64082,-19.366644,-23.016474,-25.12138,-23.292253,-23.348034,-24.848196,-24.37558,-19.801378,-20.583973,-19.279688,-18.769516,-16.300093,-16.220572,-15.65892,-14.145446,-15.802474,-17.91317,-19.073349,-17.043192,-18.925297,-23.51265,-24.779093,-24.9651,-24.955685,-24.54509,-28.143536,-26.592035,-23.697903,-14.153816,-13.086396,-12.535704,-10.522182,-13.181939,-19.51096,-18.857323,-14.922937,-16.770798,-20.966951,-22.570698,-21.237705,-21.000921,-20.151562,-20.36299,-24.266186,-26.831434,-21.08238,-21.842438,-20.813997,-21.887997,-26.830523,-28.935112,-28.268837,-29.235283,-30.866434,-30.67545,-31.915905,-28.681427,-26.343822,-29.381252,-30.842115,-27.473618,-19.40831,-12.432507,-13.37761,-13.0882635,-11.989755,-13.466528,-14.430313,-15.9589205,-22.125381,-22.918596,-17.211369,-16.37408,-20.36106,-17.811604,-18.429338,-18.008795,-18.214487,-21.918848,-20.030958,-20.159437,-20.391443,-22.791782,-22.327919,-21.581451,-24.271427,-25.027843,-26.275482,-25.78178,-26.636917,-24.99754,-24.157934,-29.506386,-29.109661,-27.785809,-26.269394,-17.025421,-10.989269,-10.433913,-12.346373,-15.227608,-19.387398,-18.40962,-18.167883,-20.187893,-20.914627,-19.905449,-20.859568,-21.717482,-19.998243,-21.903496,-23.22222,-24.008377,-23.825815,-20.03389,-13.892038,-9.695953,-7.9044676,-6.53804,-8.608615,-9.975094,-11.7739,-14.37583,-15.843498,-17.112944,-17.536741,-20.88557,-21.959074,-21.771555,-22.431744,-18.284706,-12.716459,-12.995848,-14.329381,-18.518078,-18.456837,-19.29643,-17.632988,-17.970127,-18.61001,-19.701775,-21.422178,-20.609928,-19.782703,-20.447868,-22.613298,-19.368128,-17.412983,-17.186296,-14.918794,-12.613802,-12.608347,-14.030975,-14.9664,-15.802483,-16.643917,-17.30988,-14.296244,-12.297801,-14.676054,-16.804203,-16.111906,-20.185652,-24.113722,-22.555304,-14.5161,-9.371092,-9.964569,-12.0804405,-13.631249,-15.5697975,-14.636015,-14.935375,-18.38597,-17.922297,-16.356394,-17.637014,-17.901335,-16.661533,-17.443302,-22.03215,-20.422695,-18.853985,-21.341208,-23.073792,-19.944502,-20.096987,-23.12463,-23.523233,-23.173393,-25.300465,-24.710539,-22.945526,-18.53273,-16.956364,-19.551994,-22.475805,-22.649202,-21.235628,-15.272212,-13.208676,-12.186609,-7.849055,-5.09824,-9.867694,-16.217545,-13.899151,-13.561515,-17.95996,-20.266409,-17.55746,-19.095112,-21.117743,-20.693958,-21.989193,-19.347097,-16.81867,-19.372026,-22.48043,-23.783508,-25.413683,-26.677244,-27.207783,-26.305687,-27.517708,-27.48299,-28.645172,-30.766916,-30.484495,-29.754528,-31.022932,-21.665428,-11.104287,-9.989792,-13.499814,-16.926693,-18.258831,-21.507065,-23.188059,-22.931816,-22.409508,-22.78344,-21.467562,-21.128563,-22.065514,-22.879822,-24.241875,-24.543898,-23.511562,-20.847013,-19.030767,-21.863918,-27.158316,-28.111856,-29.126247,-29.924164,-31.201803,-31.282333,-31.80277,-30.846203,-27.747978,-24.80276,-24.494932,-24.470581,-25.316603,-24.5136,-19.418617,-11.538866,-10.368755,-16.125349,-19.799156,-20.147259,-21.495697,-22.82139,-24.285057,-25.520174,-26.195066,-24.704868,-22.124954,-20.019821,-18.369871,-20.016605,-21.474674,-21.344917,-17.619255,-17.371305,-21.456127,-24.44679,-27.437168,-28.589901,-28.835878,-28.27506,-28.522923,-30.63359,-31.566921,-30.60519,-30.424248,-30.622314,-30.604074,-25.449923,-18.340221,-12.102107,-12.978963,-14.757543,-14.887533,-15.578569,-16.287046,-17.708984,-18.92832,-19.792639,-20.729074,-22.407093,-21.776527,-22.305603,-22.304394,-24.770887,-26.170586,-21.000343,-18.073563,-22.504986,-25.881397,-27.57532,-29.691795,-30.370102,-30.755447,-31.79291,-36.103535,-37.122,-23.415909,-21.562855,-26.984072,-26.502897,-25.220589,-31.67077,-20.611122,-12.738041,-13.864349,-20.26218,-24.053991,-26.035435,-25.49578,-25.705753,-27.574556,-29.432556,-27.416725,-27.186861,-28.495964,-29.92783,-30.223106,-29.599041,-26.769749,-18.95974,-17.152782,-20.184114,-17.318642,-15.401916,-15.542458,-14.433966,-15.552759,-22.261095,-21.800192,-22.281544,-24.91234,-24.624989,-24.327778,-23.98869,-25.013142,-23.999954,-22.196434,-19.6182,-17.047226,-16.630804,-19.031065,-20.123936,-19.783455,-19.519478,-18.564278,-17.89931,-18.88263,-19.85302,-21.852942,-20.712635,-20.497196,-20.765207,-22.141846,-24.006245,-23.006313,-20.78065,-22.543211,-23.672064,-22.972433,-23.273876,-25.593712,-24.969957,-26.403238,-26.229866,-26.641119,-22.43438,-20.590096,-24.426222,-29.510725,-33.502193,-30.935863,-21.063046,-12.27908,-11.846662,-15.614361,-18.75636,-21.35146,-24.672543,-20.370893,-16.422615,-14.541132,-11.699951,-13.160305,-14.106921,-12.020026,-10.730429,-10.58762,-10.833799,-9.822427,-7.341671,-5.607177,-9.831316,-16.789814,-18.003298,-18.98935,-15.408522,-12.047839,-13.653188,-18.179564,-17.966738,-19.074785,-20.32131
-23.02454,-23.116426,-23.805773,-27.62936,-29.150532,-27.114548,-28.916084,-31.881615,-26.7653,-24.098375,-27.318964,-30.896109,-28.696775,-28.4429,-21.74554,-19.587578,-24.00406,-30.670551,-32.962685,-34.86141,-34.777786,-36.244156,-39.25557,-32.771725,-24.643686,-23.857224,-26.347057,-29.588734,-31.594883,-31.29662,-24.587757,-11.789801,-9.481455,-13.209261,-16.098862,-19.564095,-20.282667,-24.120644,-25.50622,-24.393694,-25.436163,-25.930355,-25.890015,-24.396706,-25.077606,-30.916004,-29.481922,-23.474216,-20.80708,-22.962952,-26.264088,-28.03728,-28.655209,-30.869232,-33.945778,-32.964878,-31.810505,-34.10294,-38.63597,-35.32932,-34.391884,-35.663574,-38.171265,-38.149128,-33.132183,-21.318817,-15.519224,-16.611494,-17.331318,-18.166855,-21.109877,-24.927288,-25.582151,-25.606216,-26.387598,-28.702362,-32.140743,-32.615036,-27.15852,-27.356075,-29.692577,-31.611511,-32.510372,-25.316687,-23.464157,-25.933493,-31.642414,-34.003452,-36.193165,-37.261204,-36.075794,-36.233376,-30.421963,-27.873142,-29.621546,-30.377693,-29.649448,-30.397902,-32.28943,-21.126583,-12.80285,-13.973466,-18.016134,-22.196243,-23.684746,-22.657154,-23.741913,-29.754646,-34.750153,-32.049797,-28.84715,-25.332188,-24.091549,-28.27155,-33.002663,-33.44128,-29.064638,-24.149597,-22.778408,-27.204967,-31.381857,-33.879818,-34.091774,-34.333805,-35.86989,-33.286407,-32.277588,-32.653442,-33.548748,-29.312857,-26.458466,-26.407183,-28.05644,-22.298462,-14.269142,-14.003357,-14.8536,-17.839611,-22.404434,-24.713486,-27.721502,-31.752165,-30.30571,-29.051022,-28.514044,-31.147635,-26.834896,-27.350628,-32.159016,-33.53026,-33.24003,-28.623333,-24.954908,-28.50649,-29.102,-29.203545,-26.66463,-28.04786,-32.971313,-34.60005,-35.179104,-39.854378,-39.708008,-39.24444,-40.16706,-39.753525,-40.719776,-34.024017,-17.937998,-12.278466,-11.285187,-15.265113,-15.399527,-15.517417,-16.49894,-20.867981,-27.657139,-28.329985,-26.588118,-26.863745,-26.864798,-27.18772,-27.329739,-30.466812,-30.120022,-28.576653,-21.523766,-21.265116,-24.26899,-26.955996,-29.426395,-30.651745,-31.585112,-29.959778,-26.886702,-30.812443,-36.596413,-26.897411,-20.961267,-17.998278,-18.694984,-22.144135,-20.99866,-13.469768,-13.100374,-16.69406,-19.82672,-23.121155,-25.74814,-26.638027,-27.835258,-29.642513,-29.9272,-30.167685,-28.180733,-25.041525,-27.983149,-29.790266,-30.509686,-29.227495,-23.525427,-19.736303,-23.2129,-25.847946,-25.649666,-26.193378,-29.109917,-30.054178,-29.170649,-26.318237,-24.37117,-24.972904,-25.991106,-29.069288,-29.08279,-29.163841,-22.510056,-15.577877,-16.289635,-21.295778,-24.889439,-26.369648,-27.24434,-29.576519,-34.23667,-36.389954,-35.001637,-31.919914,-21.815557,-21.622547,-27.96588,-34.013775,-27.60099,-20.109636,-20.146526,-22.933628,-26.105297,-28.875896,-31.2585,-35.44522,-34.682438,-36.07162,-37.269558,-37.72673,-39.744446,-37.065395,-36.52855,-37.10663,-35.86719,-25.730923,-12.720376,-12.069912,-13.590088,-12.572478,-15.204151,-14.276121,-16.93931,-24.211893,-21.80428,-19.726826,-18.153631,-18.161255,-21.853577,-22.23522,-22.902973,-21.18285,-18.967197,-19.135483,-20.30109,-22.83909,-24.570705,-25.350922,-24.916252,-25.65834,-28.038263,-29.950144,-26.447807,-23.92602,-25.902878,-27.926596,-29.015446,-24.75054,-23.986204,-25.774984,-17.923733,-11.371522,-13.033493,-15.926095,-20.020397,-19.164463,-17.385044,-18.188406,-19.697912,-20.655304,-22.669142,-23.348785,-24.942139,-21.662722,-21.433191,-24.493006,-29.801468,-23.02765,-17.35046,-17.080214,-21.476894,-25.29627,-29.39484,-30.047045,-28.389812,-27.123032,-29.054035,-33.47131,-33.826355,-32.348602,-31.292183,-32.026123,-33.84751,-28.931942,-19.843014,-15.686746,-14.77169,-14.451353,-16.376083,-12.920855,-12.37576,-14.036335,-16.2045,-17.83218,-16.794912,-15.192877,-17.423609,-21.48364,-25.124306,-21.156456,-20.31747,-20.737988,-21.514168,-23.963366,-25.639229,-22.346928,-22.692518,-27.707714,-32.488556,-33.3719,-27.94855,-25.229763,-27.175613,-32.80476,-33.030846,-33.431557,-33.98597,-32.42964,-15.420113,-10.325043,-12.220459,-12.223892,-15.413299,-18.747948,-16.10209,-14.652366,-17.750923,-20.68132,-14.583029,-8.763081,-11.685614,-15.121805,-16.845148,-20.04393,-17.681768,-14.567802,-15.179414,-18.133686,-20.393255,-22.477505,-16.643785,-13.486582,-15.420422,-19.481842,-19.310524,-16.58324,-15.366222,-15.361843,-16.180088,-16.308985,-12.62557,-9.215416,-7.590492,-7.123608,-9.215315,-10.156059,-9.440054,-7.1163664,-4.1394343,-7.2555876,-6.3907804,-8.634201,-8.054937,-8.351438,-12.673239,-15.099021,-14.723782,-16.071857,-16.697489,-14.1359625,-13.608835,-15.13154,-12.088263,-5.9228253,-6.3421154,-12.826343,-17.460678,-15.744659,-19.202438,-18.45588,-13.648614,-5.912554,-4.6347537,-6.0889635,-5.969055,-4.629927,-6.681859,-8.071522,-7.315541,-10.413784,-15.313071,-15.519852,-13.528692,-15.493175,-16.108364,-16.232105,-14.335186,-7.2935324,-4.2093973,-6.4023776,-10.162527,-11.517834,-11.689302,-12.668489,-12.402955,-12.826377,-18.798025,-21.53991,-18.897196,-16.648907,-13.247809,-10.46607,-10.512761,-10.592733,-8.475639,-7.941291,-9.8424015,-11.172625,-13.864589,-17.665155,-20.581142,-14.998901,-11.936817,-13.683463,-17.618649,-17.341192,-14.589775,-15.739017,-18.730305,-21.39551,-22.1696,-20.018389,-17.180862,-16.45034,-16.270203,-20.722382,-22.320309,-22.768085,-22.598574,-21.379835,-24.184132,-25.468893,-24.81206,-24.896334,-26.483799,-32.481274,-34.4979,-28.75552,-22.933092,-22.243416,-23.93879,-21.450802,-20.646465,-20.787104,-21.763653,-15.502706,-12.828765,-15.479836,-15.095292,-12.985857,-15.239806,-16.214684,-16.993082,-14.931106,-16.467169,-19.050564,-11.530323,-6.977666,-5.966873,-6.5377007,-8.358986,-12.217809,-11.731865,-10.9152775,-10.483978,-11.530194,-13.557686,-13.981776,-14.39155,-15.310297,-16.221077,-18.485332,-17.27237,-16.404789,-16.724344,-22.349443,-23.21009,-21.708899,-23.607237,-16.542469,-9.5702095,-11.551006,-16.90099,-14.189691,-11.795172,-12.115082,-17.025923,-20.744677,-16.198162,-9.215681,-7.10434,-11.307232,-15.674751,-16.122082,-16.402163,-15.80344,-16.417969,-20.09245,-22.361012,-23.931896,-25.584972,-26.128471,-24.341688,-23.542643,-25.398865,-27.656178,-25.219133,-23.31448,-22.755041,-25.981123,-27.133635,-26.389576,-22.876488,-10.447588,-5.6554003,-5.2651978,-7.42378,-11.754211,-13.101168,-11.326122,-11.15787,-12.21282,-11.727223,-10.716011,-10.214472,-8.067708,-7.7618337,-6.8806515,-7.7453275,-6.2975636,-5.7073746,-5.850315,-7.3199153,-7.6637025,-9.017364,-11.932276,-10.484548,-11.923839,-12.935162,-16.583447,-18.549547,-16.132938,-16.534235,-18.990114,-18.442572,-17.388975,-16.93953,-17.49037,-17.19412,-9.753442,-10.849904,-14.275991,-17.297136,-16.974112,-16.424126,-16.784271,-18.463814,-20.972801,-21.31382,-22.007067,-23.154263,-20.559711,-19.226152,-21.332464,-25.686047,-20.206577,-16.318209,-18.660229,-21.187372,-23.813976,-27.246487,-25.345737,-25.13525,-29.477453,-33.568184,-34.016624,-34.056213,-33.983875,-34.777824,-33.923225,-31.698032,-27.261147,-17.777716,-15.171281,-16.373737,-20.38594,-21.974108,-26.1504,-30.001118,-31.819336,-32.585175,-32.526405,-25.025969,-21.869242,-20.560097,-17.345251,-14.524223,-11.950936,-10.818159,-11.888848,-13.382159,-16.453629,-16.659992,-15.540379,-15.555812,-17.760387,-19.304253,-19.603632,-22.691765,-24.825298,-25.764997,-23.764168,-24.771637,-25.005362,-26.769009,-28.630535,-19.808716,-8.88633,-8.40581,-14.502468,-22.538004,-24.423159,-25.921667,-27.804405,-28.10234,-27.71082,-27.437172,-26.996668,-28.952332,-29.395435,-28.361153,-30.630222,-32.01071,-28.703148,-19.461592,-16.340439,-19.354347,-26.036774,-28.179111,-30.762516,-32.261692,-32.64097,-33.30492,-33.328163,-34.892086,-34.18805,-36.10047,-37.9428,-40.122433,-42.599316,-28.61888,-14.990745,-11.744965,-15.644558,-20.134636,-23.064392,-25.453024,-26.601463,-27.57492,-29.783735,-31.702961,-28.572351,-26.304474,-24.893045,-23.455029,-24.889696,-26.52052,-25.615974,-22.114864,-20.736881,-25.088778,-29.032728,-27.939789,-30.093708,-32.61061,-34.737648,-33.61919,-33.881763,-33.51559,-34.712147,-36.172615,-35.452053,-36.912563,-28.295279,-21.795082,-17.692394,-16.224445,-15.761676,-18.805082,-22.882084,-26.17034,-28.7074,-29.207384,-29.540531,-29.772182,-28.03141,-30.245525,-25.892735,-23.430355,-26.642643,-30.289984,-24.520195,-16.015514,-16.347448,-25.287798,-30.453445,-32.44236,-31.379148,-30.263866,-36.68426,-38.626366,-37.547573,-35.357574,-33.846424,-37.212494,-41.150784,-35.730362,-24.158012,-15.409922,-12.75992,-13.9548855,-17.190268,-19.77878,-24.354565,-29.050335,-32.67618,-30.620785,-28.426567,-27.643387,-30.514994,-31.328964,-29.893492,-29.727356,-30.641232,-20.919722,-12.588944,-13.443874,-15.5464735,-16.54737,-21.338654,-25.186655,-24.546156,-25.063898,-24.022615,-20.425438,-16.788322,-14.0292845,-10.876287,-8.18089,-8.895859,-11.13132,-13.439561,-12.973276,-9.469301,-8.528532,-10.744068,-15.772383,-18.732588,-19.383127,-19.60667,-16.688526,-14.481143,-15.321621,-18.776505,-21.345367,-21.56413,-20.756342,-22.206867,-22.345161,-24.473484,-19.55159,-16.369839,-17.99274,-21.992237,-23.665546,-21.774788,-18.15028,-18.271868,-14.589629,-12.171137,-11.534587,-13.35494,-10.767296,-8.4848585,-12.548134,-11.609412,-11.10405,-12.716063,-10.732008,-12.599083,-16.199492,-19.828775,-19.551682,-21.357113,-22.121294,-23.288916,-24.573233,-24.157562,-24.311413,-27.475868,-26.461485,-24.827593,-26.45787,-25.360867,-19.741486,-13.632737,-12.477764,-15.491764,-16.563337,-18.101347,-19.23147,-18.360142,-17.974152,-22.82063,-25.937572,-24.794872,-27.074965,-28.478474,-27.6506,-30.42226,-31.40483,-24.195024,-14.374168,-13.893691,-16.039648,-18.49253,-22.660273,-26.862572,-28.135818,-25.381775,-26.52346,-29.096462,-31.880571,-30.104008,-26.180399,-27.119905,-29.832127,-34.848797,-24.98993,-19.32371,-22.95481,-24.056343,-24.53897,-27.818354,-31.032267,-34.148914,-35.65619,-38.478386,-37.62,-35.368217,-33.61059,-30.631445,-32.182934,-31.564697,-27.757044,-22.332329,-15.335388,-15.757647,-17.381609,-19.34393,-20.76291,-22.391632,-26.621956,-33.982285,-33.502197,-30.065248,-29.393719,-28.382835,-24.113373,-25.651913,-31.566261,-31.406786,-32.899025,-27.982311,-19.554531,-19.118294,-23.181763,-26.272255,-30.405748,-31.26308,-31.961502,-34.230793,-35.43876,-33.470875,-32.203026,-32.149967,-36.02072,-37.96607,-37.84668,-27.365313,-17.550047,-17.153414,-18.545118,-20.473202,-23.63761,-27.49783,-27.286566,-28.835602,-31.971733,-33.643505,-34.652344,-34.898907,-25.675129,-24.213581,-31.22199,-35.677914,-36.31395,-28.849546,-20.819788,-15.79606,-12.730146,-11.528664,-9.980835,-9.225921,-9.455078,-13.579672,-16.22099,-18.925167,-19.052202,-20.105484,-21.466648,-23.41942,-24.102419,-24.190453,-22.195818,-17.312721,-14.509569,-17.079338,-24.402048,-25.259726,-19.990028,-20.527689,-25.352879,-22.049072,-21.211473,-23.791443,-25.955313,-25.377289,-22.68836,-20.419891,-14.957869,-16.37452,-15.337104,-12.122271,-13.19113,-14.613742,-15.44354,-18.926996,-21.015112,-21.369083,-20.481094,-16.19748,-11.818418,-12.725475,-16.21374,-17.61951,-21.862879,-21.366014,-19.586018,-16.191772,-12.248142,-13.194543,-18.584925,-18.674759,-16.941612,-18.775517,-22.70035,-26.170124,-26.934309,-25.744915,-22.314137,-19.534998,-23.616617,-26.393627,-27.920952,-17.356703,-13.909977,-21.2959,-27.607574,-27.715355,-28.042946,-26.845406,-28.018877,-30.773897,-33.795624,-30.791645,-28.73622,-24.955256,-24.7113,-28.374565,-31.081743,-30.842379,-19.201311,-15.677679,-16.392986,-16.547104,-8.707769,-6.179141,-10.24456,-16.069782,-11.956011,-11.841907,-17.26578,-21.218197,-18.966759,-19.771332,-22.084812,-22.943813,-22.280214,-22.170364,-20.018078,-19.534204,-20.22588,-22.89516,-26.140545,-25.877054,-28.462265,-29.022085,-28.37637,-29.985996,-30.139347,-32.394016,-30.099924,-32.303215,-37.689518,-22.697954,-13.097223,-13.090106,-14.226159,-18.403538,-19.671804,-17.485458,-17.731798,-20.140373,-24.355057,-25.529972,-21.7842,-20.71211,-21.472979,-24.123667,-30.179386,-32.393005,-26.64349,-22.483593,-19.55587,-20.554735,-27.019035,-27.140732,-26.063948,-27.8628,-32.448845,-36.471275,-31.342829,-24.529078,-23.573065,-23.23909,-23.871597,-27.0409,-28.47418,-28.298695,-20.833237,-12.271466,-10.627784,-16.943068,-19.810919,-16.907417,-19.21574,-20.140053,-22.226685,-17.067894,-17.182446,-22.024986,-23.709658,-20.920116,-19.846613,-22.973349,-23.678364,-20.52828,-19.833794,-19.965895,-24.101425,-30.354473,-28.055992,-27.179821,-28.940578,-31.276981,-32.09637,-29.711864,-27.883305,-29.635107,-34.51517,-35.91993,-31.136986,-25.249264,-18.132437,-15.093147,-12.542472,-12.048254,-14.00963,-13.08385,-15.755556,-18.445084,-19.177341,-16.904636,-14.275137,-17.994268,-20.270443,-18.56039,-17.858234,-18.380714,-23.177774,-15.009698,-11.670209,-17.870604,-23.668125,-24.788399,-22.718605,-25.112036,-25.97197,-28.794458,-28.970015,-26.788836,-25.28635,-21.437748,-22.347149,-22.932999,-22.625698,-28.777035,-21.238426,-15.450514,-15.95704,-19.05912,-22.396896,-22.093706,-16.278822,-15.41706,-18.813786,-22.392422,-23.573854,-21.0074,-20.997484,-23.687592,-23.097246,-22.717731,-22.242954,-15.614252,-15.57228,-17.40726,-15.038225,-16.788675,-15.261507,-14.793309,-15.017157,-21.82156,-19.674688,-17.804848,-20.31422,-21.332623,-21.508522,-19.61764,-20.695202,-22.605202,-23.391855,-19.682766,-14.626981,-15.070259,-16.401514,-18.472633,-17.296621,-16.45631,-17.028076,-22.57779,-22.44877,-18.331528,-17.869444,-20.582287,-23.30851,-26.227688,-23.417875,-21.724869,-22.550161,-22.041025,-20.510033,-22.58464,-25.739023,-22.500648,-21.035442,-23.509638,-21.290998,-21.214798,-26.290274,-28.142086,-31.352116,-28.91818,-26.58967,-27.592669,-25.011644,-22.170408,-14.51908,-13.425149,-15.128064,-17.097952,-19.29891,-18.578472,-12.630649,-12.301679,-10.116672,-8.232363,-9.722319,-7.5833135,-5.0162735,-3.568826,-3.0798545,-3.8890538,-3.1876729,-3.0721593,-4.359124,-10.982464,-18.251122,-14.942654,-14.9887,-12.069473,-6.9287252,-5.2583575,-8.4195595,-10.020885,-10.901679,-13.589897
-20.24389,-19.29887,-19.282629,-19.737318,-20.679825,-20.835617,-22.156954,-24.235334,-27.142775,-24.819836,-25.407562,-29.41277,-30.837376,-29.399303,-21.942652,-20.711298,-24.985792,-28.522232,-31.174774,-31.554968,-30.551842,-31.378288,-31.84581,-31.252132,-28.221903,-26.67597,-27.693441,-29.7128,-31.238579,-30.884283,-24.491062,-11.921954,-10.994341,-13.207864,-13.952433,-16.236473,-17.124866,-17.367304,-18.35574,-20.017061,-22.871769,-22.183811,-23.071354,-24.667404,-23.377743,-24.97692,-26.500063,-22.672318,-20.486591,-23.932415,-25.215418,-26.891216,-28.462736,-29.658403,-31.590918,-30.442062,-30.993008,-32.292084,-33.081917,-34.578743,-35.939655,-38.959415,-41.48109,-40.57865,-37.649372,-20.061314,-13.289041,-12.426381,-12.290387,-12.641063,-14.02268,-16.379765,-18.55962,-19.828133,-20.580666,-18.795265,-18.195646,-22.562239,-23.628048,-22.8133,-25.613642,-27.054398,-25.061008,-22.993174,-22.079699,-24.579594,-28.749063,-34.18926,-34.38091,-30.241673,-31.598682,-33.974106,-32.403942,-29.724155,-25.650465,-27.277317,-32.003647,-33.723423,-33.98937,-25.373653,-15.54428,-12.201242,-15.233077,-22.270966,-22.966537,-22.103388,-24.224075,-27.32477,-28.075209,-27.776524,-27.103985,-24.479286,-24.10654,-29.729673,-31.950382,-33.51687,-30.372318,-22.799294,-21.202677,-25.054077,-31.688187,-35.106537,-35.916546,-34.959732,-33.824352,-30.680023,-29.079895,-28.74083,-32.694088,-33.290077,-34.327892,-37.030704,-33.46188,-24.741613,-16.199032,-15.6791935,-15.868233,-17.27951,-20.690128,-23.09107,-23.985788,-26.322067,-28.610367,-29.679138,-29.25402,-29.100494,-22.085594,-23.042841,-31.124783,-29.237251,-29.54313,-27.308748,-22.212898,-25.354044,-32.670006,-34.988083,-35.17658,-36.301018,-35.53945,-35.10416,-37.12856,-39.074085,-41.61393,-40.217632,-37.833904,-37.762123,-38.574368,-33.529816,-15.86163,-9.972934,-10.321692,-10.529565,-10.039923,-11.834821,-13.312944,-13.814225,-16.321827,-17.917694,-21.1026,-23.207558,-20.83128,-20.944319,-20.352114,-20.437157,-21.381405,-20.495913,-19.190563,-19.062033,-22.781208,-26.488716,-26.720316,-28.589594,-28.970573,-28.833626,-27.29088,-30.214512,-30.110273,-25.525776,-21.07486,-16.638197,-13.68249,-15.509982,-20.784039,-16.443592,-15.567785,-17.070877,-20.585129,-20.849586,-19.436592,-20.99166,-21.232414,-23.764246,-25.792679,-28.690016,-25.20033,-20.691435,-22.381569,-25.049358,-25.611439,-24.100677,-18.75779,-20.298496,-23.254984,-25.48195,-27.930641,-29.59095,-31.680506,-29.866585,-28.37908,-26.54987,-23.744259,-25.89218,-25.996841,-28.5388,-30.059204,-31.535397,-24.723446,-15.692913,-15.3632145,-19.336317,-24.975336,-30.586138,-30.055696,-32.111,-33.747185,-36.335766,-38.232933,-32.00006,-20.421629,-20.516703,-28.374224,-32.992287,-28.797806,-21.327288,-18.83885,-21.036774,-25.442356,-28.117653,-29.719116,-32.987362,-35.637966,-37.15616,-38.186752,-36.797913,-35.903538,-37.8473,-37.846268,-37.984768,-38.265938,-25.708515,-11.945576,-10.543828,-14.489776,-15.781402,-19.41997,-20.519554,-22.999577,-28.243362,-28.463774,-27.305004,-26.575703,-26.754726,-29.231285,-29.237043,-29.719618,-28.203472,-26.829216,-26.486046,-24.364311,-25.27481,-29.739288,-31.528763,-32.71699,-33.772026,-35.490463,-35.643543,-34.894516,-34.133404,-30.16242,-27.834068,-27.381353,-28.310396,-30.07737,-30.168392,-16.101393,-10.020432,-12.823708,-16.722752,-22.417282,-23.948896,-23.314205,-25.099174,-25.948927,-28.383278,-32.32387,-32.202713,-30.89457,-26.589603,-25.368378,-28.696468,-33.568237,-25.838728,-21.044037,-19.868649,-23.514116,-26.67549,-29.829327,-33.149933,-34.57497,-34.246338,-34.720276,-35.83509,-36.201687,-37.810284,-37.433807,-38.23411,-39.12278,-27.45599,-20.8556,-18.511637,-16.117275,-15.575151,-18.465689,-19.639894,-20.708025,-22.70927,-24.023136,-26.098845,-26.351873,-24.761543,-25.913723,-27.920078,-30.886211,-30.160143,-29.617958,-26.058918,-16.600225,-17.361954,-24.502535,-27.239697,-29.591644,-31.807098,-34.68043,-37.18288,-34.63222,-31.639141,-27.989473,-25.743423,-25.821297,-27.589489,-28.798237,-30.540277,-16.156954,-11.266509,-14.019722,-15.505118,-18.624205,-20.925789,-21.374077,-21.55773,-23.077333,-20.381193,-13.382206,-8.050156,-12.091476,-17.083233,-19.121567,-18.748121,-16.305502,-14.023494,-15.477798,-18.726685,-20.28334,-19.751575,-18.860262,-16.888798,-15.0080185,-14.542531,-18.322018,-20.44526,-20.450022,-16.006899,-12.360785,-8.886044,-7.558431,-6.3823647,-5.036344,-5.4019213,-7.7297354,-7.3417463,-8.251818,-5.3681564,-6.209199,-10.097124,-8.329348,-9.771751,-14.36687,-14.976892,-14.405679,-14.21761,-14.138859,-16.501705,-13.9937,-11.747173,-11.129364,-8.328475,-7.445162,-12.371305,-17.273605,-15.015801,-17.935246,-21.820827,-22.505005,-16.311926,-14.079115,-15.323944,-15.790316,-16.498028,-16.853634,-14.461149,-12.922672,-12.428826,-12.513027,-15.092005,-19.612726,-21.352917,-17.657251,-17.471153,-20.619602,-21.517166,-20.324215,-15.672354,-13.619342,-14.261103,-14.075893,-12.327043,-13.042258,-16.6636,-16.27776,-17.812172,-20.445576,-22.202108,-23.254128,-23.465313,-22.304117,-19.1726,-17.757607,-17.37267,-19.144127,-22.953724,-26.785038,-27.035828,-27.571041,-28.099953,-27.0177,-16.960108,-14.4691515,-17.620972,-21.006277,-20.879692,-21.008394,-22.870543,-24.471344,-26.538057,-28.406736,-27.894775,-25.615732,-22.898949,-22.81607,-29.205515,-31.026272,-31.565178,-22.764679,-19.850061,-25.040731,-31.21784,-30.513048,-28.630274,-30.900572,-37.18089,-37.771137,-33.715755,-28.07212,-22.508753,-19.827148,-20.724726,-23.817436,-24.219307,-23.41951,-14.296663,-11.805994,-15.131177,-17.115608,-15.676043,-17.83734,-21.694105,-21.052505,-20.14843,-21.038084,-21.595743,-14.015789,-8.099867,-5.3321495,-6.6716523,-8.36784,-9.603608,-10.613611,-7.968369,-7.7660303,-7.5552964,-7.913351,-10.072699,-14.58769,-15.6707115,-16.712532,-18.0601,-15.702173,-13.705748,-14.556734,-21.460474,-21.2849,-21.373077,-22.432453,-19.03007,-12.451848,-11.182126,-13.84358,-16.669477,-17.814442,-18.456757,-19.65504,-23.180244,-22.77815,-16.044065,-14.488907,-15.487377,-12.838501,-12.755491,-16.021633,-13.657509,-14.19418,-15.14339,-18.032993,-23.703959,-26.70946,-29.386154,-28.330803,-27.220322,-27.727985,-28.870241,-26.657583,-21.591263,-19.981905,-22.065956,-23.1736,-23.650032,-23.443352,-12.831355,-8.909064,-9.245181,-11.426838,-15.25948,-15.290564,-13.190172,-9.600151,-6.392976,-5.9690957,-7.6346583,-8.682816,-7.9444084,-8.207906,-7.3801737,-6.3420553,-7.3099527,-8.8904705,-6.8454876,-7.470278,-7.7321053,-8.293196,-10.115003,-10.5539,-11.770993,-13.648139,-16.345459,-16.266186,-15.441312,-14.480646,-16.376513,-19.219957,-17.040281,-16.831642,-17.480742,-20.670252,-18.714355,-16.469425,-18.209282,-18.453594,-18.504303,-19.392773,-20.572683,-22.88244,-23.940277,-22.85076,-23.788946,-24.624775,-23.840494,-23.868996,-26.651955,-27.560162,-19.714884,-15.143972,-18.285393,-24.88647,-27.332602,-28.379276,-28.955494,-30.1096,-31.53019,-33.095146,-32.346733,-32.290016,-32.878582,-34.81955,-37.02252,-32.82863,-27.877125,-16.762115,-13.52667,-15.8814945,-22.21598,-25.578037,-25.805618,-25.321304,-27.099537,-27.875889,-29.433926,-27.669743,-26.168331,-21.895584,-19.177794,-17.49758,-15.655077,-14.67999,-13.556063,-12.761084,-12.7671385,-14.123976,-14.453794,-14.428868,-15.973324,-18.567614,-21.113626,-22.499958,-22.465847,-22.889214,-23.534592,-24.395666,-23.030233,-23.950237,-28.397358,-22.197948,-12.754639,-12.253887,-16.08528,-20.608427,-22.36719,-25.186752,-27.354462,-28.062885,-28.654974,-29.472895,-27.59747,-28.914516,-29.700619,-28.11754,-29.959244,-35.022797,-29.36695,-19.434736,-18.74141,-21.959867,-24.075764,-25.770641,-28.621223,-30.95255,-32.029182,-35.54452,-36.871067,-35.623695,-35.497364,-36.36816,-37.22872,-38.774002,-39.929813,-30.937946,-17.566124,-15.218369,-18.70228,-21.375801,-25.779839,-26.85734,-27.567844,-29.957655,-32.443375,-33.27518,-32.45708,-28.497288,-26.771591,-27.199919,-28.427553,-29.975212,-30.72084,-26.441982,-21.525108,-21.76009,-25.770884,-29.716385,-32.09005,-33.859276,-35.12344,-36.099133,-38.85515,-41.23262,-41.599964,-41.641422,-43.149223,-41.750103,-30.433455,-22.814085,-17.031502,-13.715211,-15.06762,-18.000109,-22.234306,-24.993303,-25.67789,-28.63431,-31.757917,-31.030567,-30.540817,-31.388733,-26.693392,-23.660688,-26.57888,-30.476639,-25.912014,-18.205647,-18.330347,-24.298534,-31.171562,-33.99951,-30.81525,-29.521425,-37.209667,-39.016685,-34.90413,-31.068094,-30.324087,-34.702343,-39.559544,-38.500637,-28.65103,-15.831413,-13.152017,-16.018473,-18.62837,-21.096264,-22.158592,-22.989008,-25.49076,-26.774284,-28.54211,-31.59792,-35.04297,-34.78598,-34.73811,-34.393772,-31.88705,-20.119556,-11.622697,-13.221183,-19.356567,-21.642288,-19.942928,-22.62025,-25.662086,-27.278662,-25.030735,-21.76255,-17.173267,-14.212413,-13.056541,-13.154081,-13.10817,-13.352532,-14.170565,-14.195975,-13.016312,-11.287704,-11.30036,-15.785267,-17.318409,-16.97343,-16.855827,-14.709795,-15.587739,-19.686289,-22.178143,-23.093414,-21.67364,-21.81982,-20.89651,-21.17632,-23.575672,-20.718744,-18.34017,-21.123161,-24.43225,-24.721891,-23.771841,-18.219795,-17.58713,-19.21034,-21.863338,-20.349697,-17.503435,-13.691683,-12.635828,-14.538242,-14.930714,-12.824129,-12.165052,-12.290337,-13.1027355,-11.798935,-14.152141,-17.61383,-21.113659,-18.167974,-17.082994,-16.51539,-18.534103,-22.108044,-23.984125,-23.533707,-24.94832,-24.654552,-23.802607,-20.607384,-17.048246,-14.379961,-15.712933,-17.24077,-17.942047,-19.746794,-22.546503,-21.799557,-23.13514,-27.356838,-28.418512,-29.437733,-28.220078,-29.467466,-33.066727,-33.650078,-22.395134,-11.767377,-12.173015,-17.352896,-22.132633,-26.483496,-30.308323,-31.57087,-32.859245,-32.84902,-35.80059,-35.91044,-36.064285,-29.787579,-29.016363,-31.523262,-35.037567,-26.96402,-21.217953,-24.550087,-27.294111,-29.306824,-34.450382,-37.554924,-40.007954,-40.46677,-41.305748,-40.172768,-38.574825,-34.575226,-29.738102,-29.700817,-33.53659,-31.083153,-27.247362,-18.209745,-14.282533,-16.688457,-21.388168,-23.71474,-22.88712,-22.415075,-24.617958,-26.067299,-28.10728,-30.69757,-29.53026,-25.22334,-26.56995,-31.652882,-33.76439,-35.051907,-22.337715,-20.369265,-24.612976,-31.271458,-34.61838,-34.56295,-35.121826,-35.759922,-34.19844,-30.044506,-29.792877,-34.76306,-36.26743,-39.001114,-40.09646,-39.05381,-25.013737,-15.814949,-16.560734,-18.711727,-20.040974,-23.687553,-23.070873,-22.313591,-22.606142,-24.374077,-26.27546,-28.200989,-30.27878,-30.124037,-29.166973,-30.449219,-32.03095,-29.68349,-28.689266,-22.220276,-16.458906,-13.473812,-14.297146,-13.282249,-12.437729,-11.654924,-13.731649,-15.138768,-18.661383,-19.538788,-22.27462,-23.20239,-25.1973,-25.991594,-24.016314,-21.91395,-15.778879,-14.503583,-16.780634,-22.203875,-21.550884,-19.760984,-23.204643,-26.713596,-24.27538,-25.865116,-24.659786,-26.48104,-29.750862,-26.689281,-21.938683,-16.864296,-19.361359,-13.782333,-10.901087,-11.345649,-13.618917,-17.263983,-14.791843,-13.971482,-17.316536,-16.217598,-13.627205,-12.947695,-12.032082,-12.960989,-15.143982,-16.73199,-15.593238,-14.043121,-13.698844,-9.684865,-13.954497,-18.80819,-22.12809,-20.47821,-21.004158,-23.623577,-23.04434,-23.521145,-25.819141,-24.10646,-22.330305,-21.95826,-23.477333,-23.558481,-17.53114,-14.252451,-18.62653,-24.821035,-27.67445,-29.04853,-28.96352,-29.81785,-32.08575,-35.07816,-32.12069,-29.131535,-26.161844,-24.512947,-27.194784,-31.78301,-30.82939,-17.111897,-13.857021,-18.03747,-22.100441,-17.325338,-12.418303,-14.986008,-15.939899,-14.3563,-13.025984,-14.682794,-20.458141,-21.991379,-22.447222,-23.470741,-25.93952,-25.683146,-20.36479,-17.303164,-17.388416,-21.907492,-24.798828,-25.518837,-26.911295,-30.163012,-30.496824,-32.056473,-32.82694,-32.896847,-33.242256,-32.26934,-34.08877,-34.355835,-25.62873,-14.893012,-11.71994,-12.1594925,-16.99774,-19.480965,-22.150385,-26.491964,-29.840755,-29.774734,-30.490257,-27.530098,-25.879957,-25.417877,-26.136623,-32.259464,-34.74862,-33.249336,-25.809029,-22.21434,-24.47314,-28.333042,-32.17135,-33.60886,-35.74398,-38.091244,-39.56609,-35.618484,-31.344757,-27.00056,-26.107912,-27.826786,-29.517403,-31.796656,-31.136873,-19.51827,-12.787447,-13.228778,-18.216568,-23.239655,-25.361357,-28.240211,-28.970257,-29.332489,-26.01756,-25.54282,-26.35949,-27.46334,-26.128683,-24.95403,-26.897293,-27.459963,-22.061913,-16.024406,-15.665371,-23.003721,-30.418411,-31.823767,-32.82418,-33.850113,-36.459442,-37.068047,-35.852654,-34.65735,-35.309246,-39.363945,-39.98176,-36.70656,-25.246927,-17.47646,-14.889051,-15.472599,-15.622984,-19.25788,-19.866833,-20.938011,-22.796516,-24.629223,-24.415707,-23.188393,-25.173527,-24.206753,-21.889135,-23.946943,-26.347939,-27.619217,-17.328184,-14.018346,-19.05577,-25.96878,-28.092846,-30.331173,-30.44299,-29.95475,-33.95618,-34.82884,-33.12784,-27.395973,-25.541523,-30.396955,-24.761545,-23.835907,-30.995035,-23.866758,-18.585049,-18.531841,-17.416018,-19.42457,-23.598192,-22.112066,-21.636242,-24.823969,-28.101017,-29.189926,-28.623007,-28.937319,-29.6847,-28.591137,-29.46666,-24.895124,-13.065107,-12.963083,-18.843445,-15.988565,-13.71901,-17.521555,-21.288105,-17.96276,-14.178804,-16.344769,-19.925821,-19.96153,-24.07136,-23.341494,-23.785988,-23.842999,-24.045485,-23.8181,-15.114642,-12.703643,-14.627964,-16.665691,-20.338633,-20.868189,-21.921072,-22.82316,-21.569847,-21.325672,-20.704384,-21.49467,-25.166147,-27.30263,-28.869377,-28.253191,-25.005949,-22.150467,-21.009624,-21.994358,-23.917702,-26.858585,-27.914452,-29.56317,-26.836786,-24.254059,-27.546062,-31.944857,-30.801954,-32.758713,-32.38652,-31.851824,-34.63447,-24.571426,-21.046705,-17.613083,-15.551962,-16.235832,-18.480894,-21.115517,-20.892115,-14.303609,-10.841043,-10.839428,-9.619589,-10.1146755,-13.677767,-14.78158,-14.050604,-11.869318,-11.138482,-10.224627,-8.772855,-7.67304,-12.210999,-19.53127,-18.448643,-19.344007,-17.698277,-14.2307415,-13.160532,-13.952819,-15.057231,-17.273417,-19.290564
-20.722813,-22.734186,-24.751999,-25.639225,-23.137045,-22.169228,-26.188942,-27.628271,-26.753296,-25.693989,-27.738894,-29.144182,-30.339066,-29.537775,-25.856821,-24.751167,-26.603058,-27.952904,-28.992443,-31.13538,-32.771538,-33.779823,-32.889717,-29.624025,-20.000618,-18.161545,-20.16846,-24.656372,-28.18493,-28.07512,-23.505768,-11.695056,-10.333448,-12.953735,-16.888468,-19.764002,-22.546846,-24.252148,-26.327255,-27.030659,-27.702244,-23.084068,-23.455296,-24.719887,-25.296461,-26.661415,-27.734316,-26.63336,-25.064384,-28.407774,-30.897543,-33.856728,-32.532654,-31.806776,-32.901108,-33.691082,-35.79681,-35.426655,-36.262173,-38.822445,-39.227833,-39.7808,-41.955532,-39.717316,-36.76692,-19.633604,-12.717572,-12.284261,-14.813601,-16.556498,-20.532059,-21.494625,-21.666985,-24.274464,-24.159544,-20.42025,-18.192287,-20.244616,-21.571083,-23.390774,-24.292162,-25.811398,-26.582851,-25.176674,-22.922113,-24.233511,-27.561153,-29.409683,-31.11675,-28.12857,-27.95986,-30.726387,-23.933388,-19.139027,-20.255623,-24.881544,-30.609905,-29.39413,-28.373644,-18.73328,-11.512262,-12.085869,-17.349768,-23.12599,-26.250975,-25.274265,-24.797047,-25.75197,-28.101818,-29.713425,-24.164392,-21.218906,-20.814507,-23.706043,-28.945576,-31.823961,-28.758268,-24.294838,-24.294874,-29.4398,-31.868265,-32.919456,-35.431892,-37.111305,-32.531223,-27.5252,-26.205036,-27.339527,-29.554985,-31.981731,-33.517467,-35.025265,-35.78844,-27.664246,-16.677301,-13.771753,-15.1972065,-17.948141,-19.361637,-21.957739,-26.659355,-25.794266,-25.353354,-24.562338,-27.178343,-25.757463,-20.071907,-21.224165,-28.088135,-30.498356,-33.35845,-29.16051,-24.75355,-27.519682,-30.361023,-33.731285,-34.756424,-33.98298,-37.17276,-34.931343,-36.091896,-39.921745,-40.34599,-40.959457,-40.17055,-40.417484,-40.526546,-32.618736,-15.929104,-12.893066,-13.861181,-15.483816,-13.261348,-13.844669,-17.280478,-19.943012,-20.696314,-20.937721,-23.125504,-25.159912,-24.205486,-25.080526,-25.723877,-27.692978,-28.434673,-25.739002,-21.553108,-22.014198,-26.51369,-30.912193,-30.838959,-29.360392,-29.59412,-29.733076,-27.813131,-29.38198,-31.596806,-26.240513,-21.071856,-16.185944,-13.446003,-14.235342,-16.897366,-13.027256,-13.838337,-16.088219,-21.501225,-21.63002,-20.976044,-21.812096,-21.584358,-21.823895,-23.157291,-21.859034,-23.00143,-22.16569,-24.421766,-27.677412,-29.293612,-20.963165,-13.336981,-15.843231,-23.161013,-28.777882,-30.078592,-33.85443,-31.725105,-29.947912,-28.15896,-23.070204,-16.714504,-17.928835,-23.823673,-25.132477,-25.71207,-24.673187,-22.017971,-15.341569,-13.294859,-16.39735,-19.596903,-20.042221,-22.545635,-23.124762,-24.599186,-24.94242,-26.347513,-26.84222,-18.947523,-18.543629,-23.26747,-27.948349,-24.734142,-18.00271,-18.386091,-21.045797,-22.477974,-26.05263,-28.904957,-29.038242,-28.943672,-27.632296,-30.975708,-33.549595,-31.447193,-30.5869,-29.771103,-30.096565,-29.27821,-24.034416,-11.668955,-10.897959,-17.134264,-20.482855,-24.366302,-25.934696,-26.182898,-28.357197,-30.209831,-31.798965,-33.42788,-35.259335,-31.287203,-28.666239,-31.08963,-34.677658,-35.19441,-30.157883,-24.466549,-24.114452,-29.838776,-35.440975,-36.979935,-37.77274,-39.657837,-39.94145,-38.24695,-37.02117,-38.19651,-40.20891,-42.999516,-42.755898,-43.962135,-43.139908,-15.4338,-9.403403,-12.923721,-18.424255,-24.638817,-29.017643,-30.728853,-32.105934,-31.600727,-30.93321,-29.928894,-30.431662,-34.984314,-32.710415,-31.912006,-35.429016,-34.370285,-24.297085,-18.135479,-16.33127,-20.791616,-27.227898,-32.245564,-32.924202,-33.20411,-35.286537,-37.097984,-38.32091,-40.238018,-42.281242,-40.911793,-41.65607,-42.92309,-31.34193,-21.90213,-16.691668,-14.1490135,-12.91354,-17.856455,-29.47892,-30.490171,-30.34018,-31.793694,-33.027115,-35.526356,-36.050945,-33.564922,-27.56522,-29.398514,-35.53888,-38.09832,-29.430582,-19.493614,-20.474823,-28.408434,-32.761806,-36.39396,-36.33572,-36.03838,-37.320183,-36.412262,-35.17879,-33.69422,-36.464947,-38.601868,-42.03856,-41.65897,-39.900448,-18.790012,-12.688423,-13.350072,-16.903803,-22.439394,-22.409317,-21.568966,-24.595697,-28.839941,-25.34318,-19.66167,-14.713073,-15.237619,-19.35604,-22.845402,-24.28976,-23.119099,-18.307846,-15.386592,-16.26006,-19.92739,-24.640247,-23.687449,-19.12309,-17.071358,-22.695074,-22.212694,-17.762817,-18.744318,-19.353611,-19.314777,-20.835281,-23.867725,-22.164629,-14.585732,-9.977613,-12.727358,-14.86188,-15.408488,-17.567059,-19.532187,-22.016459,-25.04823,-23.684982,-21.026957,-18.771822,-17.61757,-21.142525,-21.198627,-22.976896,-22.01143,-15.60568,-14.851684,-16.937737,-17.864403,-18.73111,-21.323792,-22.82777,-24.517519,-29.144213,-28.080662,-23.549774,-20.861565,-15.224561,-14.266325,-14.930653,-16.133556,-19.421436,-17.36847,-10.817287,-10.417806,-15.282134,-20.188034,-20.563593,-17.523397,-19.29087,-23.119137,-19.814913,-14.47069,-14.972258,-11.955981,-11.839815,-13.847467,-16.490252,-15.504465,-14.527117,-12.944963,-15.140409,-20.992302,-22.704391,-24.719294,-24.992382,-22.284554,-19.558617,-20.572117,-20.433205,-23.26102,-24.532192,-26.754133,-28.304796,-29.546791,-28.952915,-26.335876,-14.722866,-11.551172,-15.053263,-18.941044,-23.125868,-26.966537,-27.88419,-28.655737,-29.102972,-31.965696,-33.41354,-31.958996,-27.484991,-25.954512,-31.183388,-33.90521,-32.665848,-21.778156,-18.704063,-24.73082,-30.693521,-32.626194,-30.90303,-32.042614,-35.34591,-34.384228,-33.263527,-32.49046,-31.870579,-30.37275,-30.493301,-34.824387,-36.12204,-29.463015,-14.602573,-12.381325,-17.03594,-19.365654,-19.405558,-23.17211,-27.627377,-25.65299,-22.959991,-22.00162,-21.606646,-13.452853,-9.198458,-9.4993925,-10.737343,-12.862061,-14.655935,-11.227249,-8.374501,-8.659138,-7.7610817,-9.691966,-11.136394,-11.232091,-13.3552065,-14.3859625,-14.32386,-14.942946,-15.53071,-19.127869,-20.164837,-21.009052,-22.827454,-22.365623,-18.581154,-13.872562,-13.801455,-17.283875,-20.918182,-22.60492,-23.630299,-25.311466,-28.223541,-26.822254,-18.885038,-16.490576,-16.712387,-13.244471,-7.9364896,-6.7653513,-10.992262,-14.875222,-14.072718,-14.663485,-18.702404,-22.521622,-24.122482,-23.498018,-23.571766,-22.875244,-24.595566,-23.84074,-21.568302,-23.351658,-25.270897,-27.485088,-28.397825,-28.519793,-15.920168,-10.740565,-9.464479,-12.601782,-14.801898,-14.755243,-13.846128,-12.243189,-9.430474,-6.7935033,-9.778784,-8.670129,-6.326752,-6.5995984,-7.6035028,-7.2386217,-4.496476,-5.6745424,-4.5317097,-5.9351177,-8.557726,-9.021585,-10.127569,-9.495132,-8.086946,-9.365662,-8.419938,-9.002651,-10.107497,-13.738438,-13.783882,-14.968317,-15.910977,-18.208782,-18.963484,-19.42294,-15.85751,-14.969919,-16.541336,-17.07815,-17.120775,-18.80194,-21.106747,-25.406855,-25.075052,-22.745808,-24.390759,-23.84698,-22.782536,-25.44001,-28.539173,-27.58199,-22.233084,-16.251356,-18.673592,-25.566303,-29.460194,-32.23361,-31.705814,-29.951797,-30.071363,-29.559286,-29.935032,-31.450512,-31.828382,-33.223034,-34.24285,-32.925827,-26.699272,-17.507141,-16.7101,-19.29869,-21.14197,-25.461252,-29.342373,-30.8955,-33.634335,-33.169716,-31.678127,-27.642185,-27.418175,-28.345112,-26.693855,-24.196623,-22.03932,-18.127165,-14.264303,-14.199554,-12.921167,-11.841726,-13.374749,-14.270253,-15.2019005,-18.277409,-19.506163,-20.813028,-20.14309,-19.42373,-21.60079,-21.22887,-22.353378,-25.887888,-26.476324,-21.752392,-12.827997,-12.784891,-18.135168,-18.754538,-19.104694,-18.039463,-16.683289,-17.523611,-20.781841,-24.113453,-24.776602,-20.191023,-19.789753,-22.143003,-24.56928,-25.818531,-24.624466,-18.472065,-17.488276,-19.338892,-21.141762,-23.436815,-25.315275,-26.276987,-26.214424,-28.694628,-31.08428,-32.30737,-31.787643,-31.765759,-34.835327,-37.43734,-37.233105,-30.63213,-18.136137,-13.173475,-14.108119,-14.518976,-16.825314,-21.588184,-25.863123,-24.680351,-22.170412,-23.086391,-26.33532,-23.474926,-20.80905,-21.911509,-25.765244,-29.141098,-28.94142,-21.921158,-18.403597,-19.59019,-22.580269,-25.664566,-29.662073,-30.561527,-29.837399,-31.432512,-35.056465,-37.68882,-36.937645,-36.80865,-36.290745,-36.786476,-30.943428,-22.33463,-16.276276,-13.637752,-14.69008,-16.058046,-16.385315,-17.650978,-20.546127,-23.41521,-25.40147,-25.679276,-20.866283,-20.371754,-22.677692,-24.017458,-23.975,-25.143097,-24.494968,-18.079023,-17.367968,-24.009315,-28.826012,-29.475794,-27.424162,-26.514492,-28.567791,-31.400347,-34.87892,-33.879818,-35.637707,-36.13963,-35.65439,-37.968964,-29.866753,-19.06469,-13.871871,-13.123117,-15.646469,-18.53118,-23.645563,-22.856085,-23.552778,-24.894333,-25.399506,-23.644514,-24.144157,-26.015337,-25.177532,-24.36382,-24.853882,-22.80773,-14.110433,-14.51578,-19.328186,-24.620148,-26.80136,-26.0316,-27.429733,-29.350721,-24.89806,-21.653688,-19.25227,-16.023615,-14.265709,-14.781308,-15.8020315,-17.525917,-17.128998,-17.317747,-17.281645,-13.599071,-13.860351,-19.667286,-20.332735,-20.69004,-19.882391,-18.97582,-18.941378,-21.83834,-26.798212,-27.358864,-25.755863,-24.437115,-23.93512,-26.699617,-27.218664,-22.549631,-22.729706,-24.80885,-26.222734,-26.329247,-23.315962,-16.365969,-14.828452,-16.6511,-20.010252,-16.715755,-13.6410475,-12.80571,-16.588829,-17.704748,-15.212125,-12.97875,-12.284729,-13.735329,-14.198299,-13.6341095,-15.698559,-17.444315,-20.100563,-23.240513,-21.10083,-20.310707,-18.82161,-19.609205,-20.998367,-21.138832,-22.711292,-23.589003,-23.43901,-21.44491,-21.100235,-19.074219,-17.955643,-17.199627,-16.350061,-19.844986,-22.231083,-20.452885,-20.799112,-25.723663,-28.490944,-28.282417,-27.336046,-29.604523,-30.33141,-30.033197,-25.077255,-13.284508,-13.235784,-18.048943,-19.532442,-23.447075,-28.428139,-27.13563,-27.83352,-26.922737,-26.874544,-27.427835,-26.700367,-24.57657,-25.35979,-28.111298,-29.636114,-25.446243,-21.43222,-24.243523,-24.254038,-24.780926,-28.569855,-29.652937,-31.768675,-33.08537,-37.20079,-34.246418,-29.065357,-28.054926,-28.905294,-32.535248,-35.265396,-33.22061,-26.292479,-15.878794,-13.94341,-16.75176,-21.580183,-26.639612,-26.900364,-26.127836,-25.734674,-25.899445,-27.848415,-27.668777,-24.53965,-21.460209,-24.47798,-28.508566,-31.699408,-32.34432,-21.581833,-21.320942,-28.507187,-31.7787,-31.942226,-32.339203,-34.80351,-33.52174,-31.684757,-28.387594,-27.749912,-29.440939,-30.299625,-32.536324,-36.532597,-37.099037,-20.556595,-11.757745,-12.644859,-16.760166,-21.446064,-23.529728,-24.521189,-25.194723,-25.758238,-26.82423,-28.613941,-29.556513,-30.228764,-24.10252,-22.883118,-27.387154,-30.479696,-30.35847,-28.032253,-21.423119,-14.232227,-12.483128,-12.787591,-11.39861,-14.480015,-13.260636,-14.076708,-17.252583,-18.357866,-21.961325,-22.506378,-23.363104,-27.992495,-27.632473,-28.165567,-20.821102,-14.003526,-13.569256,-16.172628,-19.858034,-20.308094,-19.89967,-22.115528,-26.292198,-20.488552,-19.72234,-25.242117,-26.858828,-26.26324,-24.025688,-21.832819,-16.160086,-18.56606,-18.589264,-13.482309,-14.536982,-16.64676,-18.651833,-18.443855,-17.049366,-16.66951,-16.310637,-14.372163,-13.481393,-14.881985,-16.331518,-17.05378,-18.08065,-17.075285,-17.333158,-16.449635,-12.517494,-15.41209,-19.05739,-20.504974,-16.257345,-17.370722,-21.672106,-22.74413,-22.481377,-23.971464,-23.092274,-21.11748,-21.398668,-23.875772,-25.63309,-21.282726,-17.89161,-20.76834,-23.341648,-25.249146,-27.256853,-27.871046,-26.749996,-26.86096,-29.401857,-25.53162,-24.381792,-24.375076,-24.460152,-26.339848,-28.292538,-27.956865,-18.434235,-14.797022,-18.06318,-18.37127,-17.213657,-16.125904,-16.645218,-17.057732,-16.223236,-14.04583,-16.91182,-23.41099,-23.558004,-24.52452,-25.424883,-26.239101,-23.302128,-22.008232,-18.506487,-18.374893,-23.776026,-26.521057,-28.928192,-30.111963,-31.746807,-30.952711,-31.612614,-33.877693,-34.241795,-33.60193,-34.61636,-35.544064,-36.679726,-27.691437,-15.709357,-13.486364,-14.1220875,-20.817108,-24.618614,-27.219713,-29.515306,-30.869614,-32.55828,-32.39552,-33.134125,-32.20058,-25.36279,-25.9912,-30.94671,-35.689762,-35.100067,-29.720896,-25.252861,-26.685604,-29.291592,-32.044685,-36.339294,-37.94124,-38.120155,-39.045635,-35.39319,-32.80879,-30.44984,-31.11809,-35.2452,-37.668915,-37.910103,-28.07905,-15.91218,-10.916201,-13.656431,-18.49043,-23.259731,-26.521324,-29.403303,-30.692148,-32.829643,-34.648552,-32.579014,-31.193323,-32.44064,-30.67726,-27.123798,-26.61177,-23.651379,-21.693373,-18.602451,-17.849342,-22.483421,-28.931494,-31.285282,-31.79504,-32.976097,-36.357693,-36.345184,-36.870277,-39.91037,-41.02991,-43.425907,-42.897644,-38.756386,-26.340805,-17.178732,-14.519485,-17.732063,-21.90983,-26.672022,-28.285292,-30.233238,-30.466383,-32.932648,-35.529766,-35.91275,-35.243248,-25.075119,-22.365269,-28.106121,-36.178116,-27.516907,-19.50844,-19.12188,-23.03075,-27.172148,-31.19337,-31.774006,-33.751152,-37.302734,-37.377266,-38.514885,-36.454346,-24.586084,-22.752811,-29.162142,-26.755789,-25.440895,-31.412731,-23.96019,-16.478197,-15.716438,-20.240965,-24.362404,-25.730474,-28.474798,-32.951286,-34.07801,-32.796818,-31.690672,-30.848652,-34.664387,-36.922955,-36.20846,-33.591835,-25.981026,-15.480219,-16.10428,-19.884905,-17.10648,-15.915584,-17.037905,-23.452827,-20.665474,-18.468746,-18.118069,-20.29001,-23.272137,-24.57451,-25.517895,-25.029078,-24.904648,-22.26553,-19.791193,-13.663397,-13.486931,-18.566874,-23.025173,-22.711306,-24.37525,-21.645927,-20.360498,-22.047577,-22.235611,-24.810436,-21.23359,-22.825676,-25.07642,-26.290037,-28.941183,-26.350811,-22.442059,-20.093246,-19.480507,-21.62708,-23.736198,-24.10878,-27.682308,-31.104336,-28.732683,-33.11853,-33.7967,-30.686733,-30.07586,-30.073252,-32.261337,-36.49931,-32.903717,-23.954655,-17.070623,-13.954302,-15.047924,-18.760859,-21.490986,-23.617737,-15.00934,-10.753487,-9.009601,-9.816533,-12.591246,-14.365885,-13.402861,-13.006018,-14.353314,-16.82296,-15.447531,-13.166058,-13.839383,-18.60265,-21.344944,-20.95293,-22.87698,-20.672358,-15.558448,-16.918732,-24.326666,-24.030027,-21.061104,-23.757505
-25.265577,-24.087687,-25.886242,-28.793785,-28.486063,-29.180042,-31.371374,-32.526623,-31.476814,-29.165958,-31.744572,-34.006893,-34.129375,-29.864914,-21.575237,-20.863352,-28.306648,-32.73522,-33.237644,-37.69712,-39.071976,-37.161987,-36.427475,-30.943554,-22.178276,-21.67072,-24.434607,-25.17936,-26.81002,-27.736526,-23.528896,-13.006166,-11.115063,-12.858374,-18.179403,-22.668015,-22.763828,-24.104496,-24.710537,-24.714516,-26.466448,-26.208126,-26.937195,-25.663105,-24.800684,-26.658743,-29.50235,-27.706936,-25.877638,-27.08965,-28.959534,-32.126965,-33.435863,-36.789757,-35.47467,-33.407856,-35.593132,-37.29529,-37.511925,-38.442425,-39.499268,-37.267166,-36.26542,-37.718033,-33.49057,-20.815247,-14.183006,-14.555792,-15.645912,-16.39958,-21.925968,-25.776554,-26.309929,-28.971508,-27.092442,-25.73838,-29.614094,-30.26908,-29.575987,-30.841171,-31.622725,-32.566494,-28.947573,-26.512749,-23.561478,-25.25688,-30.81146,-33.241947,-31.946218,-33.822445,-35.0111,-33.838985,-30.08258,-24.904903,-23.834377,-25.761507,-27.499573,-29.639435,-29.937557,-15.982155,-9.290726,-12.283689,-18.179655,-20.678383,-21.901981,-25.10477,-25.99346,-27.619473,-27.052773,-27.631369,-23.265516,-21.60488,-21.398006,-22.916199,-27.296043,-29.747545,-27.039883,-25.334042,-25.1745,-28.940758,-30.451656,-33.362125,-35.099262,-35.14442,-32.416348,-27.401852,-25.30745,-26.379257,-28.175617,-29.083954,-29.338148,-30.97848,-32.311764,-22.108654,-11.861559,-12.178636,-16.927467,-20.013454,-21.8965,-23.692638,-27.220037,-32.221,-31.486893,-31.161402,-32.005856,-30.435667,-23.615435,-24.14253,-30.738617,-33.48068,-34.70535,-32.659637,-30.810482,-29.537636,-32.42431,-35.2471,-33.41948,-31.129494,-33.88437,-40.71671,-37.47075,-38.0838,-41.83937,-41.5696,-40.169827,-39.653923,-42.086674,-30.484694,-13.406254,-10.690003,-13.072224,-17.237,-17.86681,-16.63183,-17.001507,-22.297756,-26.421719,-28.212627,-29.211416,-29.181978,-29.875076,-28.636522,-27.683374,-29.298641,-31.322475,-29.147871,-21.674091,-21.025946,-25.113205,-29.01305,-30.40695,-28.721666,-29.788128,-28.164349,-27.138987,-28.661654,-30.06903,-26.854095,-22.693844,-17.742197,-15.656639,-16.264212,-16.987513,-13.457731,-17.266863,-19.282639,-19.62653,-22.515835,-22.889444,-22.733593,-22.23965,-23.999008,-24.768724,-23.7897,-23.506907,-22.200607,-25.389727,-29.702831,-31.59748,-20.834942,-11.66691,-13.455774,-22.405195,-30.38918,-33.73704,-33.530815,-33.23487,-32.997025,-32.404526,-27.861095,-24.119043,-23.648043,-24.061703,-25.946293,-26.971138,-29.358557,-24.302721,-17.918106,-18.318748,-22.021336,-24.703098,-25.099644,-24.697384,-25.680073,-29.547232,-32.07638,-33.01783,-28.967522,-23.026049,-24.015104,-28.81844,-30.347462,-26.448366,-18.209084,-18.522175,-21.195488,-21.725416,-24.840988,-26.216015,-28.227873,-29.132038,-27.756905,-28.519075,-31.604841,-32.507534,-30.92024,-28.705902,-29.574463,-29.193115,-23.25216,-11.196562,-8.087102,-7.9847293,-8.340162,-10.566569,-16.02679,-15.084139,-13.847143,-16.113146,-18.264141,-17.707518,-20.130539,-19.172163,-18.936401,-23.209015,-24.483288,-25.954037,-25.614836,-20.227493,-20.597715,-24.73509,-26.672945,-25.89524,-25.045052,-25.092356,-26.70715,-26.524529,-19.354733,-17.604362,-18.398325,-21.159822,-20.697979,-21.001379,-22.437996,-18.963093,-13.658662,-12.257513,-11.921052,-13.645215,-15.555971,-17.242857,-18.108532,-17.532047,-20.186167,-22.718504,-21.244797,-19.965113,-19.512394,-19.978062,-22.85613,-23.844894,-21.725721,-19.598843,-19.52182,-21.731337,-23.866472,-26.355951,-27.116634,-25.706429,-26.88592,-26.18457,-26.34979,-27.164934,-29.135815,-30.418644,-32.60103,-33.686016,-31.99908,-16.04124,-7.5219226,-5.893552,-7.0267954,-11.452147,-11.217968,-13.206995,-13.737778,-15.554756,-15.475973,-18.480621,-17.96002,-18.878193,-16.111706,-17.483519,-18.172615,-20.273865,-19.322224,-15.312625,-16.327454,-21.498539,-21.746876,-21.613638,-23.221611,-22.867384,-23.44822,-25.887873,-30.121536,-26.871773,-25.966255,-27.417587,-27.100603,-28.874666,-31.146305,-17.570047,-10.217962,-9.035338,-11.005277,-11.682405,-13.782893,-13.807987,-16.163578,-16.504627,-18.28101,-16.944626,-11.913024,-13.059727,-15.284251,-19.570026,-23.965008,-21.528957,-17.707401,-16.344213,-16.21723,-18.532923,-22.232878,-24.28757,-23.089722,-22.121077,-22.198013,-24.14698,-25.651718,-24.952871,-25.47303,-23.505781,-22.983854,-22.290073,-21.85228,-13.505053,-8.0303135,-8.064981,-9.7207365,-11.415899,-11.726846,-13.023878,-13.878403,-15.981645,-16.824186,-17.340628,-18.118614,-18.822954,-16.605679,-14.9089155,-16.485098,-18.212418,-19.12144,-19.956919,-19.88076,-18.749403,-19.544436,-19.953053,-23.010149,-25.335995,-25.235624,-25.632275,-23.357313,-18.734901,-14.132524,-11.462874,-11.439162,-13.98226,-17.656544,-16.632082,-9.819217,-8.487653,-10.5183325,-14.4143715,-14.378939,-14.029707,-14.7903595,-17.992151,-17.535254,-14.04512,-13.460507,-13.558427,-14.3142805,-17.62191,-18.57993,-19.588884,-20.156876,-16.881493,-17.422745,-20.714836,-22.595184,-24.868277,-25.393183,-24.328577,-26.945017,-26.291939,-23.901337,-24.513771,-25.771248,-27.7866,-29.406593,-29.348028,-27.219059,-24.908794,-18.05536,-13.2080765,-10.7826,-12.416705,-15.140171,-16.06516,-15.8151,-18.810934,-18.202538,-20.19745,-21.413076,-22.334196,-21.741745,-23.438513,-22.583054,-23.801392,-24.799364,-21.427395,-18.665998,-21.21922,-25.059069,-28.119623,-28.407995,-28.466433,-28.91054,-29.78926,-23.788233,-20.063818,-20.29912,-17.560612,-18.604664,-20.311646,-20.516394,-23.055075,-13.780329,-8.0951395,-7.9570894,-10.458847,-12.504301,-13.282606,-12.819513,-14.05677,-12.433434,-13.967234,-18.286968,-12.295946,-10.092759,-13.828364,-15.057882,-16.434538,-17.372187,-14.231964,-10.87792,-10.008845,-9.088119,-9.14239,-10.063214,-11.615625,-14.344639,-18.293045,-16.717207,-14.541525,-14.28669,-17.090084,-21.91906,-23.408745,-26.9046,-26.32472,-17.946243,-11.64624,-8.675144,-7.441559,-10.71658,-12.970768,-14.914917,-15.299688,-14.870016,-16.922653,-15.208205,-13.811129,-14.1117115,-11.525384,-8.551762,-8.288878,-10.218591,-11.246194,-13.711533,-16.360512,-16.348957,-18.267685,-20.5398,-21.346565,-21.607754,-21.125713,-22.508108,-22.788668,-19.165365,-18.344166,-20.563618,-23.712551,-24.658518,-23.311192,-17.220781,-11.151138,-9.34861,-10.677295,-13.880152,-14.847168,-16.661598,-15.722343,-11.978826,-10.097246,-9.211634,-9.568581,-10.984878,-11.939957,-10.357008,-8.706081,-8.514511,-7.503127,-6.4565234,-7.3011804,-9.579996,-10.595451,-12.407726,-13.309126,-11.03939,-11.455613,-10.156548,-11.955761,-14.368961,-15.696224,-15.821418,-15.934568,-16.99458,-16.379969,-16.129457,-18.154202,-14.114188,-14.702278,-14.879785,-12.587662,-12.576852,-13.178357,-14.507648,-18.189226,-18.55748,-19.133907,-17.430576,-19.100754,-20.278358,-18.832977,-19.994047,-20.823671,-19.30486,-15.969244,-18.253952,-23.228283,-25.727207,-25.955864,-28.199715,-28.140524,-27.421713,-28.493593,-28.271399,-28.792429,-28.79927,-29.812634,-30.183212,-31.760633,-26.135754,-18.153305,-15.038595,-17.602514,-16.004797,-16.39885,-18.293644,-17.656876,-19.734627,-21.727978,-21.636173,-22.544617,-23.207954,-26.605272,-27.499283,-26.173716,-24.78434,-16.873247,-10.778886,-14.3717,-16.853796,-17.887878,-18.046463,-18.002823,-18.131678,-20.103493,-21.704456,-20.30112,-20.463528,-23.005674,-22.913847,-23.681923,-25.484438,-28.158524,-30.58044,-24.951874,-15.11918,-13.7034235,-16.446047,-20.454967,-21.296795,-19.900084,-19.208218,-19.527283,-21.67241,-24.561441,-26.829643,-24.745373,-23.94624,-24.995007,-24.822906,-25.033875,-24.950321,-18.214695,-16.819613,-19.233486,-20.341871,-22.792732,-25.323624,-27.27932,-26.32198,-28.50991,-32.166153,-34.555397,-33.90263,-35.63205,-38.175568,-37.27166,-36.765823,-26.15002,-13.923093,-10.374979,-11.224388,-12.695177,-13.779459,-16.518896,-20.395067,-24.535614,-24.956076,-22.500473,-20.198547,-19.649921,-20.019447,-21.219078,-24.584621,-27.295925,-26.17556,-20.52734,-17.727474,-17.990574,-20.202333,-22.000984,-27.234022,-31.355532,-30.652592,-31.95163,-33.003555,-33.053616,-31.171236,-29.979473,-30.749908,-32.439514,-31.140285,-21.74688,-17.057493,-14.174503,-14.541541,-17.443165,-17.438457,-19.454824,-23.854265,-26.743994,-27.131145,-25.97213,-23.503492,-23.509365,-24.703384,-23.58995,-25.321724,-27.97691,-27.190704,-23.183928,-21.588066,-24.060547,-28.248306,-30.976742,-29.518892,-28.03977,-30.86613,-33.115395,-33.09046,-30.947124,-30.540657,-30.991137,-30.972902,-32.626427,-30.091208,-15.846155,-12.3685,-12.969442,-15.151134,-16.587498,-18.450466,-19.134012,-21.163073,-25.129366,-26.749462,-25.092478,-25.35207,-27.985743,-28.373758,-28.241764,-29.24074,-23.243267,-14.349823,-16.258625,-18.401455,-19.13336,-24.270256,-26.020002,-28.271734,-30.069235,-28.037453,-26.756264,-22.596088,-18.019554,-15.553301,-15.22183,-16.241257,-17.881372,-19.64575,-21.90423,-16.806252,-12.207857,-13.01429,-18.40921,-21.242514,-21.671494,-19.695633,-19.807013,-19.430452,-19.923698,-21.857569,-22.001434,-22.716167,-23.598902,-24.495926,-25.917545,-24.250479,-20.75433,-21.764784,-23.802017,-23.936205,-24.79364,-24.181927,-18.528063,-16.925152,-20.601585,-25.103237,-27.08832,-19.797697,-17.035324,-18.146336,-17.690283,-16.874973,-13.62097,-10.230211,-10.924129,-16.263735,-20.18946,-19.38912,-19.813354,-22.988232,-22.169563,-20.752129,-21.069872,-21.625235,-22.637772,-25.66368,-23.929861,-23.561317,-29.21653,-27.710627,-23.027931,-19.098534,-18.790764,-18.547523,-16.309137,-17.121788,-24.18246,-23.547113,-20.368439,-21.388977,-25.946102,-29.480404,-29.653437,-30.375511,-31.525688,-32.310516,-32.699467,-26.138327,-16.248568,-14.904526,-17.162624,-19.73584,-21.692764,-24.789799,-27.233353,-30.929358,-32.409252,-28.520359,-29.367397,-31.777037,-30.672848,-30.197617,-31.726742,-32.10428,-23.87178,-18.624357,-23.56291,-24.750702,-24.482126,-28.80845,-30.335625,-33.64989,-38.51024,-39.50985,-35.176758,-30.23973,-26.751831,-26.85032,-30.938766,-34.012825,-33.196384,-28.653753,-18.63984,-16.170532,-19.144285,-23.555965,-26.996819,-28.511236,-28.22011,-30.039337,-29.269928,-29.217558,-27.785538,-26.272467,-21.32597,-22.553944,-30.339907,-33.72045,-33.398052,-26.723345,-24.12714,-26.49461,-29.864807,-29.73913,-31.06424,-34.785427,-36.471912,-34.51269,-27.907324,-26.316538,-27.522871,-28.904505,-33.130177,-38.158184,-38.34684,-21.917791,-13.27572,-14.111371,-16.244375,-20.118895,-24.920206,-26.659668,-27.39809,-28.52726,-28.798126,-32.50804,-33.61784,-35.02977,-27.07938,-25.893429,-31.66361,-34.379097,-34.878353,-29.943317,-21.406183,-16.648806,-16.940859,-16.070568,-16.321795,-17.677414,-16.266102,-17.467064,-22.617981,-22.391487,-24.6607,-25.674446,-28.852987,-30.529728,-30.327337,-30.44779,-19.440786,-12.072915,-13.147757,-15.7181835,-20.554409,-21.480772,-20.724247,-21.66018,-23.713158,-19.137081,-17.472298,-24.601215,-27.033398,-23.094522,-20.969543,-23.207539,-16.916126,-18.194986,-19.791805,-16.014008,-16.716759,-18.512182,-20.401346,-20.58811,-18.343294,-17.667336,-14.803978,-13.809148,-11.447195,-9.868133,-12.651575,-13.596715,-14.96956,-17.324518,-16.2936,-15.3145075,-15.001507,-17.767633,-19.287256,-18.275635,-16.517796,-17.256584,-22.643341,-22.747496,-23.111631,-23.105927,-20.57039,-17.669975,-18.791714,-22.823887,-28.019724,-18.210335,-14.907508,-21.226206,-29.706623,-32.623837,-34.094383,-31.457546,-31.091993,-32.253136,-30.560108,-26.296658,-23.881285,-22.74459,-21.579456,-26.109026,-28.898695,-29.333004,-21.932734,-17.281702,-18.263039,-20.151638,-15.342804,-11.178607,-13.381711,-18.822151,-18.22049,-16.011042,-20.693548,-26.18764,-24.908285,-23.307875,-25.164824,-27.87843,-26.933372,-24.464798,-22.82469,-23.520191,-26.987473,-27.055338,-29.5806,-31.374702,-33.76143,-31.546574,-30.80508,-32.968483,-36.991806,-38.959393,-38.36386,-38.433105,-39.357204,-32.181618,-19.238293,-15.435658,-12.087015,-10.516448,-11.510191,-12.079597,-13.624104,-15.190491,-15.128976,-16.224865,-15.419526,-12.61949,-14.657833,-17.948196,-16.987747,-19.233568,-19.97287,-21.227074,-22.701885,-20.655167,-21.550777,-23.60397,-23.301231,-23.920431,-22.926506,-23.533773,-25.42891,-21.405045,-18.544533,-18.804,-18.93047,-20.644815,-25.237932,-23.271742,-12.443181,-7.320904,-7.952547,-11.637394,-15.981584,-16.561686,-17.647015,-16.968609,-16.505024,-19.456264,-21.239729,-22.00528,-21.514559,-20.416185,-20.82369,-21.1326,-21.006422,-20.090933,-17.731598,-19.145054,-22.232418,-26.32433,-28.15342,-26.054752,-27.567032,-31.410925,-30.507889,-29.05231,-29.610447,-30.962055,-30.622046,-32.7407,-31.953236,-24.755127,-13.855147,-8.011023,-8.446369,-8.550492,-10.299978,-12.5655365,-13.593773,-13.8003235,-13.4383,-12.590467,-12.564785,-13.329075,-15.387116,-17.192247,-17.857603,-17.508942,-17.909409,-17.34925,-16.515282,-19.959328,-22.798069,-22.742458,-21.550045,-21.39389,-22.340757,-25.101078,-27.110548,-26.99337,-21.992378,-21.8104,-27.486074,-25.261572,-25.071918,-29.325954,-22.648294,-16.687004,-12.421431,-10.534674,-13.348313,-15.975123,-13.89715,-16.540184,-18.620045,-17.459774,-19.795147,-22.087376,-25.114296,-25.97972,-26.74205,-29.28855,-25.355286,-18.273464,-18.618422,-20.767914,-20.234207,-16.674852,-18.585146,-26.52416,-26.002237,-24.42301,-23.626814,-23.384651,-25.352596,-26.6065,-26.95957,-27.001808,-26.38079,-25.282423,-23.654106,-15.470294,-11.045489,-11.692323,-14.606998,-18.307076,-19.1135,-18.806093,-18.636654,-20.544426,-19.619934,-20.118484,-21.550232,-21.634624,-21.792765,-25.05286,-28.019182,-23.520962,-21.081818,-21.160896,-21.131859,-22.961342,-26.41823,-27.659876,-27.988499,-27.901676,-30.285948,-31.965881,-30.885391,-30.518742,-30.39221,-30.08516,-32.330887,-35.721252,-36.001877,-20.68193,-11.882698,-12.769016,-12.729746,-12.387022,-14.1094055,-15.974279,-13.425512,-10.323134,-10.740653,-11.9123535,-13.240389,-17.345411,-16.550713,-15.011904,-14.610542,-16.859222,-15.559174,-14.197348,-16.238306,-21.026657,-22.16729,-21.796665,-22.987692,-23.979082,-20.169714,-20.740105,-23.212238,-22.83614,-22.721708,-26.929914
-28.707573,-27.359436,-27.981298,-28.93169,-28.538923,-29.613274,-30.707006,-30.221682,-26.890247,-23.456848,-28.462543,-32.666477,-32.7107,-30.807747,-18.577219,-17.60946,-26.962397,-33.78364,-34.4506,-36.905094,-38.675278,-40.24038,-39.17672,-34.66622,-24.125511,-17.20917,-16.2532,-17.68719,-18.771524,-19.947702,-21.133911,-15.298706,-13.068665,-15.604428,-20.702703,-23.71983,-25.603487,-28.42741,-29.477217,-32.370777,-32.53565,-30.826447,-29.280079,-26.492987,-27.557808,-30.882761,-31.48373,-26.905375,-21.812658,-21.876106,-24.436161,-31.78272,-35.145535,-34.62664,-35.24222,-38.228973,-41.265015,-40.774006,-39.07314,-38.877304,-40.964054,-39.158775,-38.84115,-42.212914,-35.577183,-19.56486,-12.695266,-13.993692,-18.604105,-21.013592,-24.432941,-25.81306,-26.518232,-27.85812,-27.467356,-26.577625,-27.327923,-26.9062,-24.854528,-26.42023,-29.729288,-30.683685,-29.820633,-25.262127,-22.6927,-25.993752,-31.37554,-33.969055,-34.21242,-36.396793,-38.376465,-39.34252,-33.371883,-23.116062,-18.08811,-19.29086,-20.951382,-22.408037,-24.48634,-17.406837,-11.143873,-15.073986,-21.12453,-22.25857,-25.119835,-27.598633,-28.461678,-30.39405,-30.893047,-27.714806,-23.542545,-20.20053,-21.544563,-25.353945,-27.492771,-30.238512,-26.829979,-22.14539,-22.008419,-28.106527,-33.279377,-33.503815,-33.40297,-35.387444,-34.140583,-32.412014,-28.384302,-26.710262,-27.038143,-28.496923,-29.138296,-31.036253,-32.603725,-21.512423,-11.540637,-12.281651,-18.039928,-20.561253,-22.496403,-24.114109,-28.717527,-32.531776,-31.358341,-30.948832,-31.527058,-34.114452,-29.942604,-29.241388,-32.887062,-34.0807,-33.35934,-30.53881,-29.873228,-32.062824,-32.818188,-32.105556,-31.957554,-33.05492,-33.966404,-36.520725,-39.88396,-41.691418,-38.356907,-37.52737,-38.8108,-41.68091,-42.54515,-30.49017,-13.617956,-10.936174,-14.660942,-16.49895,-17.222097,-18.30454,-18.99451,-23.199598,-27.944574,-27.660767,-28.717897,-27.959934,-27.160248,-28.828714,-28.849022,-29.669542,-35.062,-30.142342,-20.714397,-20.63585,-26.630283,-30.78974,-30.6636,-31.661451,-31.871819,-31.782932,-30.64732,-32.01462,-29.985336,-24.143242,-22.46032,-20.215054,-18.06706,-18.66073,-17.878334,-13.230109,-15.700536,-18.150002,-21.825314,-23.53319,-23.576492,-23.217924,-25.403046,-27.35259,-26.486618,-24.8283,-24.359196,-24.708748,-27.563839,-30.540054,-30.93672,-27.094322,-18.296926,-18.65752,-23.857279,-31.166214,-33.3123,-35.147827,-35.598167,-37.623108,-36.608006,-35.784115,-26.621134,-20.232204,-19.653019,-20.345482,-22.369043,-24.549637,-20.953583,-14.598107,-16.929752,-20.700472,-22.729385,-25.832535,-25.143688,-29.126495,-32.341434,-35.09369,-32.27928,-29.324076,-22.698002,-22.693752,-27.654358,-32.396423,-29.125557,-20.253103,-19.16217,-20.418888,-24.634684,-25.325262,-26.516697,-30.51604,-30.197475,-28.86564,-29.769836,-30.312128,-31.461143,-30.647581,-31.551575,-32.196854,-30.301447,-24.432148,-10.852528,-7.777993,-9.494774,-10.979977,-13.526346,-17.910461,-16.93042,-16.490824,-18.692839,-20.236706,-21.206472,-23.752357,-22.162054,-21.766794,-25.449383,-27.082977,-29.136452,-26.040428,-18.327003,-19.343721,-25.946358,-28.931017,-28.296299,-27.36698,-27.821796,-29.764223,-29.327156,-21.510563,-18.423458,-19.390575,-22.259449,-21.699787,-22.722723,-24.20945,-19.457457,-12.505909,-11.761217,-13.225643,-15.136166,-16.782234,-18.999668,-20.094183,-19.700249,-22.130844,-25.608646,-23.672297,-21.973671,-20.191097,-21.150616,-24.486082,-25.851334,-21.605373,-20.156954,-21.822243,-24.344034,-26.85591,-29.08974,-29.75507,-28.428642,-28.868004,-28.198784,-28.429869,-28.750103,-31.125803,-32.482925,-33.890045,-34.612823,-31.62659,-18.228172,-9.3173065,-7.4614244,-9.5199,-14.472908,-13.803712,-15.030567,-16.161966,-17.958706,-18.034485,-21.04192,-21.017834,-21.322157,-18.607239,-19.901636,-21.042221,-22.859993,-20.878515,-15.36425,-16.496542,-22.143229,-22.610832,-23.53979,-24.752283,-24.48746,-24.954702,-27.54915,-30.601784,-24.284729,-24.540293,-28.099615,-28.049923,-30.0545,-33.070827,-24.678825,-14.125694,-11.429709,-13.47912,-14.37024,-15.481624,-16.17194,-18.617775,-18.999504,-20.00365,-20.919132,-17.818048,-15.003747,-16.77423,-23.036135,-25.451847,-20.342733,-16.207478,-18.118717,-21.096766,-22.620821,-24.933273,-25.819225,-24.385462,-24.706991,-23.138313,-24.09668,-26.887693,-27.480625,-27.207043,-24.96104,-20.891466,-16.73846,-13.226415,-11.202487,-8.4868965,-7.923749,-10.09768,-12.850709,-12.46143,-14.277872,-16.41893,-18.075521,-18.744583,-19.053505,-20.272346,-21.03656,-19.263666,-17.658451,-19.808578,-21.155579,-20.73703,-21.751617,-21.77643,-21.40665,-22.315693,-22.97253,-26.068861,-27.127657,-26.398418,-24.156647,-15.633573,-12.818457,-14.726126,-14.443672,-14.612345,-16.795132,-18.464848,-17.513449,-13.267688,-11.948536,-12.666328,-14.469214,-15.972403,-15.050677,-13.841795,-17.913504,-18.391035,-15.413742,-15.899974,-14.380055,-14.735489,-18.544632,-16.439781,-16.443188,-20.302505,-19.738945,-22.172523,-23.024942,-24.148855,-25.680208,-26.648258,-27.723639,-27.697475,-27.63378,-30.23039,-31.570427,-30.144585,-29.610172,-28.932886,-28.16907,-29.448698,-29.257925,-19.500704,-15.736432,-12.752096,-14.50375,-18.040056,-18.575455,-18.750906,-20.956997,-20.871832,-23.189556,-23.727295,-24.922812,-23.990679,-25.004845,-24.668016,-25.846027,-27.351244,-21.189354,-19.836933,-23.955212,-26.932905,-29.358168,-30.208075,-29.891245,-30.767326,-31.69624,-26.57212,-21.266928,-18.65135,-18.355764,-19.858421,-21.817835,-22.53444,-23.602657,-14.772844,-9.447922,-8.706316,-12.238074,-14.411839,-14.364839,-15.0695505,-17.208395,-15.566026,-15.55806,-18.575851,-15.645931,-12.999832,-11.727753,-11.998043,-13.0339775,-16.9055,-17.481071,-15.189108,-11.5025425,-8.536324,-7.397222,-8.141779,-11.503257,-15.750404,-18.650799,-17.681505,-15.694387,-13.215028,-15.859061,-20.952347,-20.19654,-19.841364,-20.959827,-16.57673,-12.814491,-9.9799595,-9.893574,-13.488985,-15.047393,-16.208881,-16.680092,-18.016481,-19.314907,-17.78725,-16.408623,-15.064136,-9.820765,-6.745255,-6.475273,-5.7568974,-8.266842,-11.130453,-12.959211,-15.067804,-16.70562,-19.6415,-20.317259,-19.643465,-20.09263,-20.121616,-20.534708,-18.065527,-18.177475,-20.70311,-23.44506,-23.610086,-22.703117,-21.259617,-13.47864,-9.266238,-12.649336,-16.66431,-17.62584,-18.732765,-17.972172,-15.046548,-12.914103,-12.778611,-14.077782,-14.394025,-15.689327,-16.351034,-15.257071,-13.210665,-10.45352,-8.656119,-8.625217,-11.730009,-14.683987,-16.09628,-16.739529,-19.562546,-17.342373,-17.766853,-18.174316,-18.890587,-20.165852,-19.637066,-20.633942,-17.997812,-14.102483,-12.553659,-15.601017,-13.532078,-13.526215,-15.211708,-15.562028,-16.144846,-16.185139,-17.55066,-20.892096,-21.25329,-21.512623,-19.732119,-19.824316,-19.559778,-19.24065,-20.442602,-21.181757,-17.172417,-15.342398,-18.252615,-24.386461,-26.784473,-26.453842,-29.059237,-29.812887,-29.052965,-29.303562,-29.010065,-30.389158,-29.561216,-28.781517,-28.033857,-29.838905,-26.074762,-16.0481,-14.146406,-18.271439,-17.349972,-17.973198,-20.687809,-18.758839,-20.858936,-22.63237,-23.845175,-27.197836,-28.933083,-27.683504,-26.674812,-25.371304,-25.156532,-17.859715,-11.079454,-14.416697,-21.30767,-19.756624,-21.205368,-22.768879,-21.393835,-20.655853,-21.432531,-22.271555,-22.664682,-24.453962,-25.33433,-26.771353,-29.100517,-30.475065,-31.265764,-24.35495,-16.535324,-14.03805,-14.449118,-18.49383,-20.999638,-21.923372,-23.83907,-25.076677,-25.517464,-25.912281,-27.245377,-30.356138,-29.294022,-29.160313,-28.246044,-28.212208,-28.36097,-18.318148,-14.7721405,-17.69294,-22.208384,-25.345226,-28.527447,-32.273605,-32.096943,-34.80113,-34.77237,-33.79395,-34.319168,-39.295307,-40.22121,-37.029575,-35.304825,-23.394741,-11.773054,-10.36233,-13.334388,-16.292128,-17.111069,-19.598219,-22.060772,-24.517069,-26.265053,-25.576494,-24.033215,-23.82475,-25.041979,-25.236444,-25.784548,-28.415112,-28.866606,-20.85931,-16.86526,-18.749105,-23.090448,-22.878113,-27.18725,-33.0318,-33.35411,-35.34768,-34.645912,-34.293804,-33.53099,-33.379185,-34.24582,-35.60307,-33.41129,-23.060598,-14.593451,-13.459502,-15.859733,-19.584335,-21.191948,-23.911287,-26.530338,-26.840221,-28.04555,-26.915512,-27.510443,-28.863668,-27.296371,-23.164364,-25.49901,-31.153936,-28.803255,-21.867565,-19.948828,-21.975147,-27.865574,-31.22507,-33.824257,-33.631035,-35.42726,-37.864235,-36.81678,-34.2185,-33.411625,-34.506752,-34.676186,-35.17861,-28.706013,-13.6936245,-11.793999,-13.789067,-15.636862,-17.706438,-18.695704,-20.397682,-23.725588,-26.658592,-28.241592,-28.001326,-28.401802,-30.001078,-30.960207,-34.14731,-36.001385,-25.06298,-14.69219,-15.841756,-21.879402,-23.417618,-24.454718,-25.717915,-27.435253,-29.983799,-32.354523,-28.41974,-21.00028,-18.650858,-19.732006,-22.702362,-20.742247,-18.95039,-19.292778,-19.781025,-15.234376,-13.431811,-15.069576,-18.987965,-21.97664,-24.210005,-27.03624,-27.796082,-28.362541,-27.310608,-28.075813,-28.74222,-25.458841,-22.62063,-27.338764,-30.603754,-27.186127,-22.604141,-23.065434,-26.81163,-28.063002,-28.546162,-28.311434,-28.275593,-28.959114,-25.828466,-27.118845,-30.535105,-31.747587,-29.77557,-25.001032,-22.26846,-20.120766,-15.195164,-11.792904,-10.569054,-14.816318,-19.194378,-22.308332,-24.659739,-25.14042,-26.673267,-27.239113,-26.915829,-27.332247,-27.9095,-26.43845,-24.572027,-24.53089,-29.043613,-32.03444,-24.79897,-20.8765,-19.70103,-18.399153,-17.91177,-18.154556,-22.932825,-27.334026,-27.389786,-24.98186,-27.279692,-29.552095,-30.765503,-31.758305,-31.050873,-33.54077,-32.32424,-26.775906,-17.237362,-14.319876,-16.47062,-21.413101,-23.676851,-26.387398,-28.728935,-30.919954,-32.024483,-32.455505,-31.670048,-31.720654,-27.966051,-26.794327,-29.44888,-35.869865,-21.274681,-15.617376,-21.207493,-30.047178,-32.474487,-36.256527,-39.058052,-39.72794,-40.32553,-42.127056,-37.61944,-29.117596,-25.751282,-26.192295,-28.538372,-31.36304,-30.259716,-23.611294,-15.28284,-14.410181,-18.965494,-23.9818,-28.14764,-31.231552,-32.06764,-33.77677,-33.759697,-33.951477,-35.100334,-32.546505,-26.58358,-26.589062,-30.804815,-34.109768,-34.107327,-25.238277,-22.897818,-25.504326,-30.30596,-33.019093,-36.22208,-39.244545,-38.325718,-33.55178,-25.996048,-23.91977,-24.001934,-26.3872,-32.805054,-36.286922,-36.099888,-25.542345,-16.678524,-16.278301,-19.850494,-23.238064,-26.068161,-27.156763,-29.235626,-31.167488,-33.182655,-33.43287,-34.69577,-35.12203,-26.347134,-24.96918,-30.514948,-35.278736,-36.00938,-29.835365,-21.561678,-17.017424,-16.288616,-13.997286,-14.178567,-17.302174,-18.063343,-18.240803,-21.25165,-20.490625,-22.552645,-24.60751,-26.65452,-27.183744,-28.070147,-28.434986,-20.443027,-12.932654,-14.005603,-16.027147,-19.71856,-22.135754,-19.709719,-21.49086,-26.367054,-22.69632,-19.503294,-23.591032,-27.262571,-23.596767,-21.038448,-24.398176,-21.235535,-21.201488,-19.646744,-17.744465,-20.720842,-21.13798,-22.165268,-20.12737,-19.377052,-19.888437,-17.33926,-15.359129,-15.190272,-17.221912,-15.657058,-16.860636,-17.235611,-17.961288,-20.279842,-17.486393,-15.314245,-17.451975,-21.395227,-20.08181,-18.001648,-21.197233,-26.408861,-25.29272,-25.912552,-29.122837,-27.901165,-21.219683,-20.761126,-25.709446,-29.444736,-19.67405,-16.93303,-23.246376,-29.040375,-30.699928,-31.241682,-33.822525,-34.756187,-35.666843,-34.38868,-30.365578,-21.939917,-18.034338,-19.92239,-27.521732,-32.35061,-30.87292,-18.810808,-15.874878,-18.706268,-19.485487,-14.507333,-12.116265,-16.864616,-20.306236,-18.944462,-16.69767,-19.871746,-23.22535,-21.54825,-19.9402,-21.826897,-26.050146,-27.033598,-19.661648,-19.18386,-23.417217,-27.84983,-28.273937,-29.307623,-31.338816,-32.887318,-32.90507,-32.874084,-33.0971,-33.804253,-36.613495,-39.62058,-36.804104,-37.58896,-31.20243,-17.381622,-12.129389,-13.27389,-13.084677,-13.506428,-14.676123,-16.831053,-17.962276,-17.249935,-18.497368,-18.14557,-15.777153,-17.639137,-20.666887,-20.692846,-22.280615,-22.99033,-23.784252,-23.216206,-21.412104,-24.351446,-26.16028,-25.921906,-26.36653,-25.488417,-25.963112,-27.68319,-23.317791,-20.217741,-19.122662,-20.000198,-22.803995,-26.999495,-24.736832,-14.311628,-8.879139,-9.510685,-12.831584,-17.609388,-18.809702,-19.568739,-19.632034,-19.403782,-21.635891,-23.33268,-23.359524,-21.520098,-22.275398,-23.290466,-23.983974,-22.959175,-19.970129,-18.376715,-19.135206,-22.748785,-27.841282,-30.86304,-29.087717,-30.006004,-32.41232,-32.668373,-31.836805,-31.674515,-32.869766,-32.990135,-34.0932,-33.929832,-27.71802,-17.016043,-10.477304,-10.699592,-11.303877,-12.737876,-14.525395,-15.927887,-16.271406,-16.267454,-15.249915,-15.193442,-16.265837,-18.230526,-19.668564,-20.32301,-20.180737,-20.487259,-20.13793,-18.828007,-22.148008,-25.111073,-25.004772,-24.473944,-24.24094,-24.465923,-27.246187,-29.514734,-29.131144,-22.369673,-21.388845,-26.628025,-28.946617,-28.64395,-30.758665,-20.421005,-14.906855,-12.350885,-12.4024725,-15.396757,-18.331205,-16.93544,-18.541224,-20.218515,-19.035805,-21.610144,-24.866844,-26.257456,-28.327906,-29.832962,-31.898201,-25.377705,-14.897062,-15.006401,-16.956663,-17.75465,-19.158792,-20.590075,-26.680054,-28.299728,-28.539038,-27.9054,-29.093924,-28.835936,-27.190487,-29.273434,-31.68892,-33.7003,-35.59802,-25.258444,-13.100581,-11.866984,-15.072789,-16.929617,-21.221008,-22.47629,-21.23899,-20.907032,-22.393114,-21.415012,-21.992622,-24.624052,-22.727486,-22.912434,-26.688843,-29.229103,-26.513931,-20.151615,-17.983973,-21.282059,-23.231647,-25.374344,-26.962471,-27.699558,-28.23645,-30.473879,-31.691154,-31.138765,-31.556034,-33.846542,-33.073112,-31.680563,-34.698235,-35.239132,-21.18872,-12.29334,-12.979798,-14.094653,-14.778758,-16.528946,-18.583626,-17.161797,-15.2085285,-14.057326,-16.614714,-18.497307,-20.385878,-18.601196,-17.43799,-17.176517,-18.767582,-17.394472,-15.990665,-16.882898,-20.718786,-23.477308,-26.373276,-26.33486,-27.186565,-25.527906,-22.993423,-22.958214,-23.610401,-24.522963,-29.164335
-22.144707,-23.84003,-25.544577,-26.501507,-25.548332,-25.130308,-25.374428,-25.50755,-25.32359,-22.576159,-26.279745,-29.855492,-28.99696,-26.966408,-17.154854,-16.267029,-25.285112,-31.31427,-31.906105,-33.19101,-35.51937,-37.853817,-35.429577,-31.014292,-22.468761,-21.782381,-21.361664,-21.590908,-23.065813,-26.70824,-25.10802,-12.519256,-10.197402,-13.303309,-18.684174,-24.984941,-25.894726,-28.668783,-30.288267,-32.592117,-32.704506,-30.067186,-30.21311,-29.478642,-27.344471,-29.940746,-33.098713,-24.72228,-20.06218,-22.64303,-29.239271,-33.069008,-32.158092,-33.375175,-37.6865,-37.650238,-40.205833,-40.064754,-38.837753,-40.328365,-40.624447,-42.246094,-40.803413,-41.97328,-35.944603,-20.578075,-12.536674,-14.2145405,-18.693584,-19.058802,-22.641142,-24.284279,-23.50208,-22.906893,-23.316444,-24.335972,-23.501902,-23.244812,-22.559595,-22.273891,-23.55944,-24.377838,-25.177881,-20.0737,-18.497385,-24.998323,-27.65039,-29.788378,-32.132683,-33.45993,-35.47828,-36.214302,-32.276672,-28.737625,-25.79472,-26.050983,-28.584358,-30.236904,-29.600935,-22.152254,-13.889455,-14.874613,-19.22187,-20.096664,-23.020126,-23.371342,-24.456188,-25.478683,-25.839975,-25.766771,-25.683521,-23.009989,-22.606537,-24.879839,-26.86277,-29.448284,-28.328941,-20.849567,-20.376957,-26.680073,-32.40525,-32.76295,-33.67488,-37.15245,-37.188347,-33.533905,-32.407852,-31.771029,-31.74786,-30.816439,-28.40848,-31.670893,-32.323956,-22.064293,-13.621176,-14.494162,-19.074837,-21.68422,-23.560135,-27.828552,-28.386059,-30.061897,-32.592525,-31.775696,-31.781734,-31.372583,-30.060644,-29.718248,-31.560806,-32.736557,-32.434776,-27.681145,-23.983496,-26.14721,-30.04245,-30.771648,-31.052498,-30.284927,-31.54686,-34.917953,-37.8531,-39.962715,-38.70063,-38.357933,-39.765923,-43.243656,-43.725426,-30.639969,-13.765938,-11.732527,-16.388538,-18.063086,-17.919428,-18.51988,-21.312737,-22.291904,-27.002008,-29.156628,-29.047243,-29.743755,-28.231388,-26.893847,-30.432411,-33.730667,-32.033535,-29.732605,-21.315424,-20.779522,-26.081057,-30.503925,-29.289858,-29.73499,-32.764984,-33.553616,-34.914024,-36.863045,-33.442154,-27.632626,-23.961325,-20.846657,-17.726059,-17.809954,-17.460165,-11.466857,-14.224726,-19.724342,-20.498323,-23.032097,-26.812746,-27.831194,-28.916664,-30.013884,-27.639072,-27.685347,-24.46924,-22.347319,-25.281204,-27.11282,-27.771914,-23.854298,-15.03404,-15.775076,-23.923101,-29.659195,-31.650204,-32.955227,-32.076866,-35.119335,-34.207035,-32.60611,-26.203604,-22.643717,-21.220516,-22.840721,-25.462437,-26.320847,-20.881454,-14.39835,-16.675737,-22.220367,-25.80061,-27.67731,-29.864735,-29.455748,-31.293068,-31.920135,-30.688435,-33.313957,-24.86948,-23.276371,-26.6055,-34.00679,-28.31619,-17.14711,-18.053703,-26.253944,-29.738464,-29.97305,-33.162025,-34.24317,-33.11379,-31.980886,-33.304554,-34.35776,-32.07846,-31.329407,-33.982536,-35.24163,-33.307194,-29.898804,-16.804016,-13.454174,-15.912128,-21.64337,-26.991135,-29.279167,-33.682793,-37.4979,-36.854824,-36.767033,-34.794907,-35.771793,-30.953289,-29.330658,-31.804176,-37.457623,-39.267963,-28.809225,-19.667788,-20.88291,-28.587494,-34.326633,-37.294353,-41.46111,-39.944416,-40.368877,-40.184326,-37.71815,-37.198524,-38.112305,-38.815548,-40.841415,-42.87507,-41.92936,-20.003138,-12.875619,-15.232136,-17.48264,-21.411945,-25.454521,-29.167118,-32.807003,-36.41418,-36.834614,-36.337154,-36.167484,-29.565393,-22.354965,-24.55193,-34.689102,-38.66914,-30.010555,-21.058283,-19.180304,-24.45705,-32.839806,-38.592243,-39.739834,-42.16692,-44.15204,-45.512367,-44.28995,-44.20333,-44.170578,-46.429054,-47.93642,-46.730213,-36.82046,-25.751652,-17.41732,-15.59271,-17.041857,-23.287582,-26.398651,-30.04765,-36.047882,-36.054947,-35.868057,-38.375328,-38.70085,-31.091394,-24.237194,-27.744759,-36.418823,-40.345005,-26.797123,-15.669611,-15.782623,-23.03436,-31.351917,-32.734795,-33.792473,-35.494457,-38.954876,-39.734734,-39.25886,-35.888527,-32.527657,-33.636703,-36.401947,-40.622017,-41.42662,-22.244837,-15.329646,-15.119591,-18.673498,-25.235977,-30.24244,-32.51993,-34.42734,-36.42247,-34.66482,-31.721067,-24.01974,-19.532404,-20.377914,-24.397314,-25.270935,-23.530733,-18.993593,-19.432972,-23.353436,-29.538818,-33.01487,-30.526466,-27.854553,-26.355244,-23.684654,-24.17365,-25.680145,-24.716967,-22.271597,-20.313099,-17.913506,-16.475985,-14.529132,-12.958536,-11.853614,-10.876804,-11.503611,-15.041266,-15.541682,-19.605892,-25.144161,-25.73381,-25.105824,-23.785717,-25.938427,-30.066853,-27.561058,-23.648157,-27.64512,-26.965324,-22.486876,-22.932302,-20.696083,-23.335278,-28.404123,-30.42741,-32.28266,-33.755966,-32.88404,-31.63904,-23.881271,-16.820408,-14.500738,-18.364513,-23.556355,-21.962994,-21.313646,-20.83403,-11.583101,-10.920668,-16.203281,-17.783335,-17.299719,-13.144699,-14.222496,-19.30743,-22.209381,-22.369879,-23.147427,-19.635674,-15.980559,-17.092758,-16.902302,-15.350721,-16.34233,-19.12097,-20.675488,-22.374601,-24.234692,-27.333076,-29.047325,-29.897043,-26.810913,-27.466639,-29.285402,-29.62494,-28.421041,-30.398338,-28.331202,-27.034027,-30.114908,-27.251633,-16.162237,-13.487025,-14.200545,-20.0204,-25.076426,-27.412155,-31.808073,-36.107346,-37.17623,-38.07068,-37.28412,-36.18176,-25.667107,-24.128626,-31.401897,-39.60737,-36.331818,-23.041508,-21.792448,-27.55066,-31.31174,-36.14511,-33.0607,-33.472466,-37.32448,-38.606163,-35.3282,-35.04936,-31.405973,-28.181938,-30.715988,-35.652107,-35.230034,-29.576824,-17.781958,-13.637995,-15.091526,-21.03198,-23.759407,-26.143797,-29.012218,-30.766068,-28.195728,-23.811838,-24.82848,-20.666126,-17.47864,-17.6519,-17.220018,-20.88299,-24.55579,-22.485489,-19.083502,-16.88228,-14.302292,-10.480076,-10.142194,-13.654942,-17.918266,-21.54712,-22.523424,-23.418835,-21.705853,-21.949505,-26.513865,-27.497856,-27.451885,-27.592543,-20.893494,-15.557942,-13.419966,-16.418789,-21.498497,-26.868912,-26.56812,-28.151314,-31.548573,-30.084808,-24.52653,-20.264767,-18.812376,-15.869498,-12.844314,-11.498202,-10.797613,-8.9635105,-9.350191,-12.662743,-16.694344,-19.660503,-20.183136,-20.125998,-21.432728,-23.687119,-25.41847,-25.471638,-21.687267,-22.90613,-27.58415,-27.85652,-26.753292,-28.428938,-24.198967,-16.08331,-11.878671,-13.667096,-17.650055,-20.64938,-22.101068,-22.155228,-19.346897,-17.246222,-14.529022,-15.678715,-16.68279,-17.79636,-18.497784,-18.505823,-17.473234,-18.470371,-18.986656,-17.381128,-18.719255,-22.750807,-23.790253,-22.008083,-22.373886,-21.319008,-23.083569,-25.367756,-25.166616,-25.451948,-27.65175,-27.196514,-16.497171,-14.041252,-14.445519,-16.623428,-14.159849,-15.648898,-16.853376,-19.198334,-25.425465,-28.412485,-30.161423,-32.203575,-30.833118,-28.640509,-27.268852,-28.940659,-26.58947,-24.120285,-25.811352,-27.781775,-17.778675,-15.836144,-20.396992,-26.547823,-31.964426,-34.949196,-34.5491,-35.22233,-36.145073,-35.159996,-35.345062,-36.27398,-34.41119,-31.703346,-30.12499,-31.09951,-26.829092,-15.270053,-13.090872,-17.900917,-22.30138,-26.082392,-29.000338,-28.706673,-30.245516,-29.773552,-30.334795,-32.159576,-30.942533,-28.193836,-27.829395,-27.499157,-25.837336,-21.776258,-16.612057,-19.221039,-21.64249,-21.371807,-22.422039,-23.184795,-22.803507,-20.871077,-20.572071,-21.690886,-22.038006,-22.152397,-24.048351,-28.217209,-30.665846,-33.633583,-33.490414,-26.39446,-15.659514,-13.497891,-17.169493,-22.115133,-22.891582,-23.261034,-24.337631,-24.55645,-25.655117,-28.11426,-31.503094,-32.133007,-28.17219,-27.34764,-31.069302,-37.338272,-30.577911,-18.45465,-16.47324,-20.799438,-24.637564,-29.23398,-34.20656,-31.830605,-32.699127,-35.581505,-37.942368,-38.986923,-39.046387,-40.071846,-41.341404,-40.433,-42.054924,-23.20241,-10.578389,-9.687665,-13.888798,-20.30631,-21.53512,-23.64067,-25.436035,-26.61267,-26.51215,-26.380327,-29.352192,-31.296642,-30.881626,-27.031929,-27.298466,-31.659645,-31.59317,-25.649965,-17.859165,-16.785414,-23.367834,-29.7183,-34.954914,-35.609856,-36.564335,-37.41624,-38.830334,-39.098316,-39.503937,-40.392,-40.534855,-39.46426,-32.38995,-22.744272,-11.379713,-11.149102,-17.353212,-21.611547,-24.324814,-26.148178,-26.104334,-26.662767,-27.029276,-28.739843,-29.03603,-31.015247,-29.251308,-23.646889,-23.549355,-28.91127,-26.641125,-19.260725,-18.13876,-22.748556,-28.688143,-30.538792,-33.41117,-31.712988,-34.675163,-37.21067,-39.23883,-38.411415,-36.58029,-40.088524,-43.705162,-40.911335,-28.316196,-13.779115,-12.762965,-17.409483,-18.201107,-22.032925,-24.554518,-24.806252,-27.133543,-28.83596,-29.809662,-31.935919,-30.989399,-30.567095,-32.498764,-32.44483,-31.768959,-22.823751,-14.015184,-15.900526,-21.880264,-24.085749,-27.609531,-29.633987,-30.029078,-32.456615,-34.37488,-31.100822,-26.67758,-24.162498,-23.406485,-24.32563,-21.730368,-19.09257,-17.770042,-18.115355,-15.468857,-13.978943,-15.172512,-19.245035,-22.96921,-27.561903,-29.938656,-29.216358,-30.958775,-31.366165,-32.656597,-32.185844,-29.555662,-27.325153,-28.361176,-31.577114,-26.550556,-20.90742,-21.195803,-21.251333,-25.968143,-32.528194,-30.27292,-27.71282,-30.001333,-32.489838,-34.799236,-30.409662,-27.705172,-30.457647,-30.571424,-27.356197,-20.708551,-14.54239,-13.59015,-15.5532,-17.909912,-21.464865,-21.476706,-24.688301,-27.622814,-28.400272,-27.391493,-27.80797,-27.69403,-28.115906,-30.967495,-25.793072,-22.34274,-26.2388,-32.775364,-24.374426,-17.066868,-16.449085,-20.601042,-21.269762,-19.527758,-23.198862,-29.081991,-31.455229,-30.599247,-32.89361,-32.412106,-33.578285,-35.233154,-33.696247,-33.28496,-34.647175,-26.00107,-14.858848,-13.703766,-16.058165,-19.237038,-23.445795,-25.698816,-27.0045,-27.73212,-28.07704,-28.819695,-30.007175,-27.458302,-23.190685,-25.050116,-27.44312,-31.941309,-20.50125,-14.816417,-19.894684,-26.604998,-28.64426,-32.551968,-34.39736,-35.94023,-37.400425,-36.940697,-35.885605,-30.007767,-26.741348,-25.872047,-28.977165,-31.67074,-29.556332,-24.47541,-16.927118,-14.722513,-17.29404,-20.833069,-25.957993,-29.15581,-29.58265,-31.004585,-30.839804,-31.609211,-32.525703,-31.678833,-24.622883,-23.21063,-26.887644,-30.633566,-31.298847,-22.232388,-20.707064,-22.654827,-25.831678,-29.227444,-30.80545,-33.069355,-35.389053,-34.25508,-29.35789,-25.62089,-23.66434,-25.126217,-29.31163,-34.32815,-36.25251,-25.293335,-15.276242,-13.671823,-17.182358,-21.560524,-24.361685,-25.28032,-26.583843,-28.858213,-29.56907,-29.160427,-29.866905,-29.157732,-22.976551,-22.049868,-27.3801,-31.021507,-31.14463,-25.79711,-20.234177,-18.870504,-16.48286,-13.261492,-14.968508,-18.471523,-20.160755,-20.11878,-21.592281,-23.055351,-26.55244,-26.722618,-28.811077,-32.428974,-35.695286,-33.87643,-22.932966,-16.15647,-13.621939,-14.302511,-18.68616,-21.420326,-20.220718,-23.981428,-30.960247,-20.069983,-17.335508,-21.864609,-27.932793,-27.307207,-24.607382,-23.008842,-18.78402,-21.428982,-18.447506,-17.267557,-23.093044,-24.472855,-23.652065,-24.020082,-23.025558,-20.949995,-20.071707,-20.272808,-20.082273,-19.864576,-21.07641,-24.60323,-23.941507,-24.251705,-24.555012,-15.641585,-13.619936,-16.231203,-19.29917,-21.703653,-23.415646,-25.227463,-25.296474,-26.69973,-27.005465,-26.388573,-24.094952,-20.224133,-22.911444,-26.404799,-26.806486,-22.877266,-20.009691,-24.563086,-29.061218,-28.4494,-29.643755,-31.885284,-36.067772,-36.99387,-36.119762,-33.283043,-29.447918,-22.173553,-22.907204,-27.727854,-32.156166,-31.10034,-14.674541,-11.836152,-16.170774,-17.549507,-11.901735,-11.543975,-16.1716,-18.258806,-16.64752,-14.68605,-18.62497,-25.276222,-23.834602,-20.945854,-22.017105,-22.945368,-22.097605,-16.645378,-17.185928,-23.930063,-27.727715,-28.40887,-30.861986,-32.035576,-32.43016,-34.23683,-35.179882,-35.219234,-35.760998,-36.81633,-38.55438,-39.242264,-41.73798,-26.177887,-15.0301285,-13.284007,-15.701055,-21.735113,-24.732868,-29.8275,-31.202023,-34.488693,-36.483494,-36.91381,-38.176346,-35.706154,-29.263689,-28.907776,-33.273857,-36.882282,-37.42289,-30.867308,-22.115646,-21.065027,-26.714365,-32.597446,-35.52024,-37.901146,-39.220062,-39.222763,-38.402493,-37.258213,-32.405754,-30.260984,-29.8545,-31.40984,-34.020916,-33.67202,-22.007492,-15.755852,-15.5334,-18.057243,-24.505104,-29.337759,-29.92632,-33.50414,-37.743153,-39.203945,-36.003433,-33.326756,-32.723316,-29.033243,-26.257639,-28.830658,-30.691936,-21.394846,-17.171568,-18.76828,-23.662994,-29.096874,-33.418545,-37.17885,-39.80528,-38.128563,-38.41487,-42.369953,-44.367455,-44.404495,-43.431023,-43.635757,-41.781124,-33.637512,-17.65787,-13.849173,-17.068445,-22.470932,-23.423336,-24.376785,-28.038942,-30.796112,-32.80419,-35.7101,-36.909172,-38.608505,-30.005383,-25.484459,-26.47668,-34.797817,-33.482162,-22.160812,-18.972507,-23.768131,-30.787449,-33.98098,-38.5659,-41.142166,-41.623337,-42.854427,-43.61435,-37.249012,-22.667976,-21.188038,-25.778992,-25.93136,-25.099255,-30.58656,-20.35582,-18.09208,-20.787758,-23.822536,-28.888609,-29.350918,-30.471266,-32.767113,-34.640762,-36.818954,-35.474697,-34.256798,-36.235676,-39.868713,-40.69092,-38.763935,-30.011015,-17.728495,-17.532375,-23.136753,-21.792356,-19.05207,-22.910233,-28.42115,-28.198862,-31.337423,-36.163998,-33.10225,-30.569613,-29.460999,-30.287695,-33.351173,-35.463585,-37.132923,-25.690731,-14.333677,-13.269559,-17.521477,-20.129654,-25.369923,-27.663822,-28.201553,-27.443394,-26.511602,-26.66322,-28.203354,-28.058468,-21.303051,-22.681904,-27.97272,-28.837841,-27.888662,-22.089447,-19.581125,-22.910955,-26.987638,-29.316282,-30.418392,-31.827427,-33.053116,-34.91233,-36.98962,-40.856422,-38.663254,-38.506794,-35.941418,-32.84495,-34.688686,-36.749626,-24.66948,-13.8832855,-11.459041,-14.798226,-22.454603,-26.2041,-29.116245,-23.088123,-17.943018,-17.570068,-20.198875,-17.272606,-17.190374,-20.583012,-21.649618,-22.695087,-21.64072,-21.882229,-24.835032,-23.312412,-23.882385,-25.672588,-28.223364,-30.882572,-32.29991,-32.841362,-29.977083,-28.897064,-26.737165,-27.601583,-31.787941
-18.504248,-19.48091,-20.353128,-20.901112,-22.2274,-22.110756,-23.17376,-23.55076,-22.184837,-21.240955,-24.722755,-27.74165,-28.132236,-26.565704,-19.224699,-18.581303,-26.760014,-32.88882,-36.159874,-38.15849,-38.06089,-38.040108,-38.93794,-33.302998,-25.201986,-20.884445,-21.626348,-24.986298,-27.665775,-28.589634,-25.171944,-11.678583,-10.418873,-14.493145,-16.531685,-20.381676,-21.30571,-20.567244,-22.463608,-24.084755,-22.87756,-23.482853,-24.87933,-25.919973,-25.639153,-26.660242,-29.081507,-22.302258,-18.582752,-22.259945,-26.81681,-29.32217,-29.949165,-29.996052,-32.204166,-34.703987,-35.223682,-35.81301,-35.455727,-36.09837,-36.551147,-37.991753,-39.47398,-40.79303,-34.903225,-16.766336,-9.379623,-11.740841,-14.805541,-16.592352,-19.903383,-22.729824,-26.699543,-27.69851,-23.836222,-17.315866,-13.431227,-15.910901,-22.00592,-25.824848,-28.890461,-27.547132,-28.972319,-22.344524,-19.490625,-24.15842,-28.993557,-31.632847,-34.150364,-35.908936,-35.492054,-36.029346,-33.463543,-30.006691,-25.930126,-25.768879,-29.751837,-35.561974,-37.120537,-19.525578,-11.646858,-13.494118,-18.140423,-24.278795,-26.589344,-27.703207,-28.027214,-28.679657,-28.190441,-29.650944,-27.954912,-24.273952,-23.647503,-24.27935,-26.508152,-28.995037,-27.65991,-23.447897,-23.017544,-26.10611,-32.25742,-33.66606,-31.888863,-31.324528,-32.98104,-32.1697,-31.341116,-30.829617,-29.860218,-31.897903,-33.755905,-36.807274,-33.463963,-19.86092,-11.325479,-12.570143,-17.555233,-22.771948,-24.345732,-24.306328,-27.205898,-31.008043,-29.43736,-31.628199,-31.195122,-29.869213,-27.453392,-27.921316,-32.599197,-35.434944,-31.873047,-24.4637,-24.503822,-28.433044,-30.543747,-34.850758,-34.652046,-31.317709,-31.3556,-34.69482,-38.099857,-39.710472,-42.148247,-38.59592,-39.31887,-42.269268,-42.354046,-30.269678,-12.765055,-10.234176,-14.480668,-15.667635,-14.321761,-13.518894,-16.41191,-20.093336,-21.08422,-21.64611,-23.713072,-23.401182,-21.700306,-23.874672,-26.34845,-25.327742,-25.948622,-23.66779,-20.153227,-21.35251,-26.23924,-30.184698,-29.499428,-31.617872,-33.43469,-34.539387,-31.88797,-30.933954,-32.261036,-31.739693,-26.164326,-20.565699,-19.063747,-23.315908,-20.060638,-12.925662,-15.323826,-18.713528,-18.575369,-18.593996,-19.398792,-22.342457,-23.29151,-23.633146,-23.865128,-22.154259,-20.585842,-20.167006,-22.697113,-24.345821,-24.415667,-22.50148,-14.987633,-16.24751,-24.481428,-28.106766,-31.93136,-36.295162,-34.380516,-31.000948,-28.622108,-27.478716,-27.608093,-24.565048,-23.532488,-26.326687,-31.157524,-32.622723,-20.442207,-13.054608,-14.7282295,-21.511974,-21.72096,-23.214415,-24.701149,-25.337809,-27.52652,-27.384007,-24.940807,-24.473192,-21.493723,-20.738964,-21.81615,-23.301962,-24.638502,-18.494738,-18.664814,-24.003126,-28.366308,-29.67234,-31.420221,-30.612186,-28.984737,-29.88435,-32.189777,-31.766825,-30.90519,-31.40411,-31.756458,-34.103638,-35.516735,-28.416288,-15.837235,-11.911955,-10.905401,-12.254639,-14.146862,-15.64081,-13.405521,-13.562176,-15.203096,-14.654005,-15.101585,-17.00225,-17.292503,-16.96804,-15.289274,-14.57522,-16.073685,-18.077372,-16.182873,-17.512377,-19.967274,-20.125034,-20.936329,-20.17741,-21.525368,-24.10929,-23.748522,-21.849194,-19.58175,-20.836494,-22.87006,-23.832617,-25.435751,-25.7148,-16.825762,-10.443424,-11.0881,-13.908061,-18.37475,-19.624073,-17.666199,-21.06429,-20.887802,-18.905266,-21.822996,-23.32186,-20.951447,-18.774607,-21.110653,-24.198,-23.958445,-25.476244,-22.231234,-20.230251,-23.922987,-28.541662,-28.460352,-30.926468,-30.871685,-29.980478,-31.213943,-30.581873,-32.694317,-33.556988,-34.025337,-36.864952,-35.746468,-32.51419,-22.161156,-11.178461,-9.40524,-10.690875,-13.566852,-16.982576,-17.068172,-15.790405,-13.880659,-15.0801525,-13.867098,-12.284155,-16.27673,-21.873228,-24.768896,-23.460722,-19.660505,-19.566362,-14.427886,-13.196619,-16.905008,-23.195518,-26.615494,-26.16283,-21.888659,-22.177921,-25.439682,-24.292408,-22.435911,-23.890745,-25.45715,-26.573845,-25.976992,-24.689693,-22.177341,-15.774017,-13.743691,-16.55743,-20.6772,-21.52934,-19.014177,-18.24413,-20.641575,-23.343372,-20.17323,-20.322378,-19.85335,-21.178474,-21.09422,-23.136795,-22.879238,-16.929274,-18.584658,-23.718956,-24.135292,-23.913506,-26.371367,-26.32911,-29.395535,-30.475296,-30.327793,-27.521816,-26.5844,-27.622946,-29.628471,-27.854746,-26.063297,-27.945606,-19.180136,-11.968605,-11.330624,-13.459282,-13.569595,-12.6437435,-16.303389,-19.860638,-20.333788,-19.948252,-16.020636,-16.864067,-16.351791,-16.129787,-18.232058,-18.41212,-19.383293,-19.285892,-20.14681,-19.503891,-19.571695,-20.083984,-23.776096,-25.789097,-24.224997,-26.890505,-27.817371,-25.392134,-20.137026,-21.174967,-27.464388,-28.02923,-29.414186,-27.468346,-22.252218,-11.5143585,-9.22121,-12.073936,-17.209908,-16.816303,-13.865233,-14.438243,-17.95101,-20.25684,-18.187181,-18.827429,-22.005913,-22.79362,-20.360035,-16.623196,-16.19716,-18.764772,-19.639563,-18.873909,-22.973738,-25.608313,-22.441357,-23.49028,-26.947985,-27.895687,-28.67283,-26.031845,-25.790014,-28.129093,-28.695211,-28.046331,-29.15662,-29.869406,-23.95503,-13.433825,-11.805978,-12.638021,-14.1659775,-15.103458,-18.653782,-20.104544,-16.153004,-15.671629,-18.98207,-21.688402,-20.626762,-21.1175,-21.056253,-22.845705,-20.748993,-19.818819,-18.8199,-16.744915,-19.903805,-24.580019,-31.2335,-29.88002,-26.919006,-26.402401,-26.303928,-25.367594,-23.992071,-20.579182,-20.75494,-21.53278,-23.694744,-26.718403,-24.266495,-11.533652,-8.899766,-12.925187,-18.059109,-19.534235,-16.36199,-15.134729,-18.174208,-17.781523,-16.567062,-18.381002,-23.80784,-22.313166,-20.596926,-21.646292,-21.033411,-19.56014,-18.616226,-17.975767,-19.21234,-19.734533,-16.511103,-15.156074,-17.296452,-20.989922,-24.891195,-23.19705,-20.482933,-22.712585,-26.635248,-29.540455,-30.401512,-28.812025,-26.544273,-18.921412,-13.645173,-11.160134,-12.336282,-14.936699,-16.557564,-17.704103,-16.340174,-18.736824,-17.552664,-15.834784,-18.310123,-19.533897,-19.915398,-16.421404,-14.078194,-13.275171,-12.283894,-13.34936,-14.818132,-17.008171,-20.943684,-25.15586,-26.690422,-27.81841,-26.71864,-26.045437,-24.582365,-20.604263,-19.828188,-22.114445,-23.452736,-25.297766,-26.343927,-23.890205,-17.074118,-12.571493,-13.140769,-16.2155,-18.40527,-19.358213,-19.43651,-20.052813,-17.722116,-17.59907,-18.704403,-20.922764,-23.108809,-22.086987,-23.217983,-20.304325,-19.8454,-21.132889,-19.95391,-20.6091,-21.680029,-24.448772,-28.250256,-27.364918,-27.004562,-24.615845,-24.823925,-27.483007,-27.634771,-28.591713,-27.89776,-19.4581,-16.275627,-15.822798,-18.181446,-15.52644,-16.172882,-16.7261,-19.109432,-19.965742,-21.178669,-24.286116,-22.442644,-22.821846,-26.346272,-27.099142,-26.283186,-24.22319,-25.503529,-25.917599,-24.249569,-19.07286,-16.43101,-19.409494,-25.860401,-29.82368,-30.526825,-30.60154,-33.36363,-31.507614,-29.804705,-31.317455,-30.991774,-30.483696,-29.94874,-28.967873,-29.577353,-29.020218,-18.160826,-15.728741,-19.82149,-20.687246,-20.638248,-23.023272,-23.919601,-25.101088,-26.465614,-28.19412,-28.879177,-29.069866,-27.145128,-28.534168,-27.834503,-24.878944,-23.43646,-19.661697,-21.612597,-21.334686,-22.765474,-27.313078,-27.528439,-25.423887,-24.311216,-25.110249,-24.430468,-24.711163,-25.474937,-26.902925,-30.060547,-31.026876,-33.51867,-34.264652,-23.70441,-12.945386,-12.389341,-17.945488,-18.563217,-18.816902,-20.731955,-19.624006,-20.537346,-22.343424,-24.469261,-29.38787,-29.237568,-25.824902,-26.409739,-29.682138,-31.333702,-31.063828,-22.487867,-19.803818,-23.163578,-27.639519,-30.55742,-32.73292,-32.523647,-33.17646,-34.07132,-36.401752,-36.08742,-37.232376,-38.038822,-37.514072,-38.271034,-38.639454,-25.928543,-13.182499,-12.1606865,-13.573568,-16.092579,-19.475424,-19.10742,-21.075798,-21.01799,-22.180502,-22.72619,-23.883307,-26.51573,-25.55159,-24.054565,-23.10786,-25.759644,-26.500933,-22.130093,-17.541279,-19.019825,-25.782925,-27.874401,-29.52446,-30.517406,-30.963411,-32.833458,-33.99887,-35.788105,-34.945824,-37.102383,-38.36488,-39.20452,-34.464806,-23.642193,-12.250048,-11.746147,-17.697632,-21.669138,-23.128977,-22.312181,-24.00995,-23.784634,-24.774765,-27.070515,-26.917072,-28.415611,-29.422539,-26.35862,-24.911345,-29.666405,-26.01751,-19.277447,-19.616856,-22.049982,-28.171883,-32.87582,-32.8976,-32.463104,-34.24451,-34.88881,-36.007748,-36.215225,-35.56683,-38.743378,-38.14721,-37.814842,-28.638447,-16.643381,-13.670812,-15.435437,-19.344727,-22.1023,-21.6683,-22.578922,-23.874119,-24.713335,-28.100014,-28.837042,-27.36005,-27.50994,-28.861847,-30.20672,-29.532768,-23.192478,-14.805786,-16.772945,-24.380894,-23.94718,-28.102419,-36.07673,-33.648384,-32.37612,-33.37746,-33.12349,-31.08086,-28.293722,-25.735394,-24.68623,-23.939907,-24.319912,-25.720257,-20.142242,-9.083722,-8.215076,-12.187136,-13.580228,-14.245357,-14.279114,-14.54918,-16.322716,-18.204733,-20.978771,-19.207706,-18.972012,-21.622627,-21.552076,-20.279037,-18.19866,-16.90313,-17.144806,-17.795986,-19.196552,-22.17328,-24.825747,-26.49251,-25.400877,-26.507032,-27.745152,-29.126299,-29.416971,-27.825415,-29.069197,-28.413574,-23.70356,-18.087923,-13.349119,-12.563068,-13.524788,-16.048191,-17.550053,-21.665874,-22.681162,-24.995802,-25.066257,-22.956604,-24.304897,-25.362623,-26.70002,-25.632488,-22.546059,-20.957634,-23.987148,-28.326595,-22.71943,-16.063616,-15.747536,-19.45397,-20.003918,-19.047314,-21.9607,-26.830162,-30.629625,-31.158985,-31.591444,-32.375824,-30.34724,-31.894703,-34.627773,-34.209045,-35.151855,-26.575527,-16.057932,-14.253143,-16.52341,-21.814062,-24.156763,-23.465622,-24.964207,-28.695738,-27.171638,-27.89361,-31.17917,-25.486076,-20.186,-24.30265,-29.251858,-28.955189,-22.155613,-16.981247,-21.728447,-26.599052,-26.404345,-28.47185,-31.888496,-34.5279,-33.673176,-34.182793,-34.383835,-32.164223,-28.542929,-28.322197,-31.066896,-32.719784,-29.558765,-24.166378,-16.026299,-14.897265,-19.441545,-25.987492,-29.35053,-27.88986,-28.004326,-31.521875,-32.431953,-32.27064,-31.483631,-29.765259,-24.957449,-25.723518,-29.485376,-30.026913,-30.053982,-21.609213,-19.8016,-21.081974,-24.38597,-29.355146,-32.932304,-34.197678,-35.12695,-34.330715,-32.723717,-31.075638,-27.108965,-26.585945,-29.116938,-34.803085,-36.157185,-28.78832,-18.98533,-16.309862,-16.608185,-18.676641,-19.17374,-20.738007,-21.658108,-23.203949,-23.91493,-23.674713,-24.913109,-25.95352,-18.984352,-17.932928,-24.625109,-27.193346,-27.267529,-26.336939,-19.569538,-19.037315,-16.239609,-13.4681835,-13.211298,-15.955057,-15.834612,-17.280426,-20.865646,-23.19996,-25.694973,-27.179544,-27.509794,-27.613365,-26.691343,-26.225817,-23.049963,-16.43709,-14.966153,-17.068893,-21.675207,-19.593483,-17.228657,-20.284912,-24.6386,-21.096966,-17.885424,-21.507462,-26.041004,-27.87897,-26.272509,-23.984175,-17.901003,-18.724125,-16.580856,-16.27742,-22.256435,-23.1151,-23.430101,-24.637774,-25.937216,-26.867264,-26.255112,-24.919468,-22.348,-21.617926,-23.653078,-26.779911,-28.891693,-28.652725,-21.474327,-9.915816,-9.583874,-15.882051,-19.61149,-20.48086,-21.754364,-22.209057,-22.045376,-22.99997,-23.563606,-22.815065,-22.06908,-21.323416,-23.516294,-23.864737,-23.795994,-24.48217,-23.597378,-24.30073,-26.210857,-27.574451,-29.009142,-30.173634,-29.839672,-29.977694,-29.713514,-31.2278,-29.081455,-24.702805,-24.299885,-26.262924,-28.150759,-27.762327,-13.210909,-11.043127,-15.62501,-15.828872,-10.029671,-7.400099,-11.513982,-14.936611,-15.586171,-12.214754,-14.224949,-20.548086,-20.143967,-19.952625,-22.197865,-23.977936,-23.164871,-18.777187,-18.5442,-21.824535,-24.83528,-26.465107,-27.465017,-28.321383,-28.329876,-29.433792,-30.27137,-29.32192,-29.297298,-31.20264,-33.591103,-33.61972,-33.847984,-21.032043,-11.379119,-11.908499,-13.800022,-14.19195,-14.116114,-12.156019,-14.380578,-13.25013,-16.410055,-16.108837,-15.192547,-16.209785,-15.515221,-18.423683,-17.819052,-20.621296,-21.456047,-20.32631,-19.074709,-19.239614,-22.486755,-20.99828,-23.727015,-22.612148,-22.06398,-24.12756,-22.663517,-24.520863,-19.821241,-17.313885,-16.866468,-18.05946,-18.886467,-19.05664,-16.976833,-12.157769,-10.004844,-11.975706,-14.872092,-12.072313,-13.990232,-19.62228,-19.399263,-20.898235,-18.635008,-17.671938,-18.507559,-20.758793,-21.38075,-19.38564,-19.218956,-21.324093,-18.655355,-17.359217,-22.572292,-26.25016,-23.220005,-22.047846,-24.249722,-24.55883,-25.326672,-28.728798,-31.408731,-34.915474,-28.901527,-26.408989,-26.238438,-24.418583,-13.433681,-9.178948,-10.435767,-10.334751,-12.356977,-12.093183,-13.281618,-12.137396,-11.609226,-16.053635,-15.052348,-15.591884,-18.343199,-17.980936,-16.225025,-16.506695,-18.946987,-16.538723,-15.252747,-19.754187,-22.855679,-26.76247,-27.801275,-28.21442,-24.2296,-22.237818,-23.784336,-26.530807,-21.915363,-20.451283,-23.26979,-26.166805,-25.46261,-26.527422,-26.979494,-20.281399,-16.497295,-14.20546,-14.6141615,-18.890684,-17.914074,-18.7274,-24.020027,-23.775814,-22.566053,-20.202341,-20.137432,-20.476818,-21.578934,-23.8962,-23.396929,-18.706827,-18.520756,-22.371504,-23.788383,-25.52347,-26.703098,-28.262135,-30.939678,-34.54833,-35.487587,-32.390587,-29.316738,-29.40463,-31.364527,-32.388336,-33.869644,-34.991394,-29.53687,-16.764467,-11.093496,-11.874104,-15.32057,-14.715315,-17.462599,-18.29598,-17.791813,-17.059023,-15.83923,-17.062237,-18.107693,-18.014376,-20.911732,-24.749287,-21.617603,-19.398685,-20.491405,-22.045124,-23.633232,-25.236721,-25.546753,-26.326715,-24.097252,-23.833687,-24.888418,-25.455048,-27.448805,-28.979305,-30.653755,-30.002995,-29.91517,-31.330462,-28.106121,-26.182667,-15.699709,-11.6251745,-10.972095,-13.558088,-18.821453,-16.178728,-15.8994465,-13.090982,-13.15916,-12.09786,-13.301659,-17.006687,-16.94614,-16.630348,-15.918218,-17.667126,-20.592705,-20.869257,-21.486446,-22.73989,-23.145412,-21.601292,-23.64588,-27.043402,-27.494038,-26.705025,-25.927277,-27.436735,-29.905989,-31.519478
-20.74755,-21.544209,-22.287312,-22.448511,-23.509111,-23.488544,-25.412941,-26.508636,-25.734396,-25.023432,-27.054901,-28.73397,-30.474081,-29.332438,-22.137188,-21.364622,-27.109146,-32.711502,-38.97359,-38.783894,-37.59784,-39.00606,-41.366123,-32.767555,-23.815887,-21.912106,-24.533346,-26.77301,-26.885384,-28.494814,-29.481125,-18.543,-15.5477915,-16.335127,-18.331455,-21.847954,-23.837784,-22.093376,-24.448986,-25.781147,-24.654324,-25.939457,-26.440222,-27.771187,-27.083042,-27.535297,-30.26445,-23.790522,-18.373755,-19.409483,-24.044847,-30.696968,-29.95401,-30.074766,-32.154034,-33.740753,-34.74851,-36.4077,-36.5821,-37.86841,-38.75339,-40.070755,-40.604076,-42.88414,-37.308117,-20.549639,-13.53075,-14.253975,-15.461956,-18.560516,-20.408613,-20.357798,-21.524593,-23.009396,-23.62478,-21.858898,-18.049566,-19.821358,-21.54156,-23.057297,-27.292776,-28.389902,-27.19691,-23.221207,-21.23952,-25.953747,-30.055115,-31.290012,-32.832558,-34.377274,-34.887943,-36.13511,-33.164783,-29.599524,-29.600332,-31.35251,-34.751858,-37.451023,-36.3861,-20.062151,-12.971676,-13.783631,-16.488117,-19.204954,-22.8209,-23.288181,-24.261654,-26.670904,-27.683012,-28.585646,-27.722834,-24.048923,-24.602753,-25.919655,-27.56235,-29.48851,-28.260939,-23.83937,-22.524807,-27.099571,-35.6875,-34.045517,-31.695915,-31.685068,-32.9985,-31.904316,-31.231365,-31.057037,-32.073154,-34.876522,-38.55904,-41.630054,-36.844627,-19.53841,-11.151474,-12.703195,-16.48656,-21.83007,-23.082449,-23.93529,-26.21833,-29.515186,-28.537468,-31.141546,-31.78499,-29.914337,-26.818068,-27.772488,-33.13528,-34.77494,-33.042248,-26.350138,-25.226044,-28.418112,-34.062702,-37.467617,-38.57871,-34.69519,-34.27027,-36.832245,-40.232014,-41.19433,-43.19471,-40.91697,-41.14973,-44.09137,-43.193813,-29.91316,-12.2533655,-10.345391,-15.226368,-16.90559,-16.060223,-14.118563,-16.667793,-19.989946,-21.813995,-23.810127,-26.911726,-26.767729,-23.184378,-24.560717,-27.837488,-26.620243,-28.544003,-23.575113,-19.404919,-20.755617,-25.17743,-29.10618,-29.188078,-31.909828,-33.67126,-36.54743,-35.01882,-33.18017,-34.082153,-38.401863,-36.14777,-28.658863,-26.934288,-29.3608,-21.162743,-15.464352,-17.058279,-17.91491,-19.906092,-20.167667,-20.77485,-24.785816,-25.73924,-25.408518,-26.662264,-25.79564,-23.541866,-23.571272,-25.972706,-27.08555,-27.869833,-25.138758,-16.784073,-17.12954,-24.494831,-28.85653,-30.345562,-30.47901,-30.960218,-30.315796,-30.49652,-29.06743,-27.201166,-24.949663,-23.452005,-27.695625,-32.13799,-32.291065,-20.883482,-14.363726,-15.946826,-20.647366,-20.30155,-22.35774,-24.674011,-24.950916,-26.767117,-27.221054,-25.047453,-24.649733,-21.528051,-20.683949,-21.923122,-23.335028,-24.09972,-16.1215,-16.000156,-22.755442,-28.643742,-29.455349,-30.485086,-30.05832,-29.099464,-30.477694,-32.41424,-32.44854,-32.266308,-32.86875,-32.126663,-34.48835,-37.470947,-28.416843,-15.734634,-13.296098,-13.016317,-13.180579,-14.531832,-15.633956,-13.899049,-14.036705,-15.420937,-15.218791,-15.695915,-17.135489,-17.359425,-16.90325,-15.567326,-15.093661,-16.413033,-18.359936,-16.522484,-17.606556,-19.967434,-20.107857,-20.936775,-20.608437,-21.944756,-24.170998,-24.025074,-22.85456,-21.806396,-23.827568,-26.32865,-26.387459,-28.516863,-27.824726,-13.059658,-6.777354,-10.29235,-15.360499,-20.235264,-21.326494,-18.742086,-21.551807,-21.73383,-19.71122,-22.060196,-23.360756,-21.59153,-20.08287,-22.46965,-24.582485,-24.495895,-25.119934,-23.067898,-22.012976,-24.391947,-28.88905,-29.054688,-31.401093,-31.338615,-30.47504,-31.504654,-31.234741,-33.257603,-34.136665,-34.652092,-37.110207,-36.466763,-32.95319,-22.774178,-11.548094,-9.994206,-12.081236,-15.768505,-19.80391,-19.542192,-17.90872,-14.899605,-15.365561,-14.300524,-13.108616,-16.824911,-18.806658,-22.27149,-24.17028,-20.654312,-19.841002,-15.174223,-14.344248,-17.552073,-23.761595,-27.641819,-27.611761,-23.0873,-23.015593,-25.686031,-25.03656,-25.017525,-27.626945,-31.539343,-34.018963,-29.858883,-26.929653,-24.268618,-17.813156,-15.095525,-17.69774,-21.895348,-22.974176,-20.800217,-20.057428,-22.93797,-25.805552,-21.86229,-23.180285,-27.766453,-24.88693,-22.745014,-24.521503,-22.10062,-17.452206,-19.600239,-22.962986,-23.83673,-24.727558,-27.944866,-27.85716,-29.151508,-30.99119,-33.522743,-36.151146,-34.383427,-30.599348,-29.626848,-29.318096,-27.593811,-26.366892,-19.553755,-13.002281,-12.433082,-14.308019,-14.246286,-13.719065,-17.31003,-21.061695,-21.744053,-20.62787,-16.465322,-16.546576,-15.585831,-16.089695,-19.478992,-19.705349,-20.895641,-21.05602,-20.759666,-19.058784,-19.512447,-20.487936,-24.123495,-26.209366,-25.323475,-28.264385,-29.261387,-26.83732,-25.603859,-27.125305,-29.894482,-29.368397,-30.221994,-26.910954,-22.876537,-17.055405,-13.918553,-14.847736,-19.401451,-17.472542,-12.892423,-12.176695,-16.781727,-19.91933,-18.303875,-19.523376,-21.517096,-21.479673,-20.888077,-22.94984,-21.403088,-20.682396,-19.39863,-18.935253,-23.555157,-25.140099,-22.554768,-24.41407,-28.978317,-29.301662,-29.674282,-27.63294,-26.887968,-29.402184,-30.018929,-29.637894,-31.010586,-32.14541,-24.7557,-13.902244,-11.697884,-13.147097,-15.399432,-16.239601,-20.331936,-22.463669,-17.613241,-17.072937,-20.519695,-22.800507,-21.778612,-22.399635,-22.540909,-23.999176,-21.494633,-20.640968,-19.199364,-16.904057,-19.692348,-25.464481,-32.503803,-29.950962,-27.788198,-27.25009,-26.82882,-25.9709,-26.4731,-27.096071,-27.49114,-29.828482,-31.96912,-33.37246,-28.963017,-11.335897,-8.352824,-12.338077,-18.045315,-20.074062,-17.428503,-15.915528,-18.819977,-19.027737,-17.682419,-19.633196,-25.627405,-22.17318,-20.855532,-21.85662,-21.489382,-19.387762,-17.311733,-16.597673,-19.225685,-24.219501,-25.11754,-23.384018,-24.10912,-26.007128,-26.041992,-26.563744,-23.14209,-24.299356,-30.309425,-32.14248,-30.46761,-29.461334,-26.287306,-19.317053,-14.183234,-14.3308525,-15.826291,-17.14631,-18.715343,-20.26943,-18.304436,-20.23467,-18.671997,-17.041319,-20.11599,-21.635433,-22.754177,-21.562286,-17.903309,-17.810019,-17.585833,-16.412842,-15.26272,-17.145077,-22.019894,-28.129702,-28.920559,-30.601074,-30.338062,-29.057182,-25.562805,-23.280807,-24.737816,-28.601555,-29.828985,-30.6445,-29.694975,-24.08329,-18.380377,-13.466121,-14.637145,-18.769815,-19.315296,-22.206833,-21.978642,-22.378702,-19.002531,-18.548986,-19.974615,-22.797888,-25.194414,-22.90909,-23.801388,-24.301908,-22.075884,-21.755669,-20.738745,-21.553137,-23.271072,-26.183918,-30.257074,-30.539762,-33.199,-31.332626,-30.41713,-30.02516,-29.69495,-30.660294,-27.701626,-19.01863,-14.637885,-14.378708,-18.401802,-15.112496,-15.320477,-18.04448,-21.019888,-22.480566,-23.184887,-27.04652,-25.134499,-24.645061,-28.055868,-29.12381,-27.764769,-25.546154,-27.258131,-27.079508,-25.026157,-17.782948,-15.1820965,-17.98,-25.888575,-31.317211,-32.560184,-31.362144,-33.808517,-32.527348,-30.309093,-32.352074,-33.10558,-31.790812,-32.205467,-30.89331,-29.388031,-28.422272,-20.18011,-15.77527,-18.883165,-23.56186,-23.793182,-23.667187,-24.567982,-26.767702,-29.450352,-32.72023,-32.270283,-32.480934,-31.299505,-31.191141,-30.907124,-28.874704,-17.028812,-10.011681,-13.972363,-19.735823,-20.424763,-26.328943,-28.43433,-30.56383,-32.17532,-31.82533,-30.581936,-29.258125,-31.169312,-34.29302,-36.46867,-36.1252,-37.235893,-37.48812,-26.892502,-18.259531,-15.628066,-17.524487,-23.651775,-25.670177,-24.878874,-23.55214,-24.868526,-25.828379,-26.332283,-27.273071,-28.293211,-28.292042,-26.149044,-27.594564,-33.210674,-31.63879,-21.873089,-20.233543,-23.98042,-29.12799,-32.63951,-33.205536,-33.910236,-35.186363,-34.948097,-35.797066,-37.463493,-39.639412,-42.204174,-42.10189,-43.203053,-41.655407,-26.964247,-16.307861,-13.993128,-14.949522,-20.435984,-25.183731,-24.607916,-24.743534,-24.839622,-25.959204,-28.664452,-29.558777,-29.311512,-29.213634,-25.756836,-27.365484,-31.74999,-29.895859,-22.9578,-20.125446,-22.720816,-28.958916,-30.354313,-33.76525,-36.346325,-39.116127,-39.849495,-40.54055,-42.327877,-40.83935,-41.5282,-42.580612,-43.1017,-37.491913,-23.543503,-11.40772,-10.661146,-16.98869,-23.007677,-25.85436,-26.803532,-27.927078,-27.077305,-28.112757,-31.049948,-31.425552,-34.235428,-32.842926,-26.137371,-26.86832,-34.257645,-28.335411,-22.25401,-20.64978,-22.026064,-30.652494,-36.253887,-38.345173,-36.388237,-37.232464,-39.1072,-35.543526,-33.037262,-34.77401,-34.939323,-34.154312,-33.3718,-27.265093,-15.497366,-13.9168215,-17.27458,-19.763319,-22.465002,-22.79248,-22.337162,-24.684032,-30.446941,-34.120068,-35.142025,-34.18689,-34.63963,-35.797993,-37.543026,-35.069016,-27.662764,-18.654596,-18.365234,-24.349052,-29.151575,-31.457472,-34.15562,-34.642414,-33.2966,-33.083244,-34.098328,-30.474703,-28.126955,-26.281946,-25.655632,-27.567026,-28.91507,-28.373415,-20.334724,-8.843637,-8.657843,-13.455997,-14.274641,-15.340208,-15.247785,-15.078502,-17.541426,-19.66645,-22.310751,-19.652771,-19.405062,-22.892448,-22.200468,-20.998344,-18.647259,-17.130854,-18.293226,-19.394264,-21.810291,-25.985016,-26.386005,-28.626688,-30.411865,-31.809242,-29.46109,-30.265125,-31.46196,-32.280003,-33.05689,-30.376293,-20.278214,-15.832716,-14.849748,-14.277325,-13.418325,-16.164707,-15.551031,-18.089458,-21.692005,-23.8288,-23.448078,-21.936203,-24.630028,-26.276402,-26.50281,-25.857794,-22.550947,-20.208559,-22.780766,-28.93837,-25.172176,-17.354677,-16.318954,-18.769508,-18.527395,-18.29203,-22.20504,-28.25906,-31.460897,-30.828514,-32.333168,-32.75321,-30.362804,-30.919643,-33.463696,-34.254906,-34.512283,-27.332134,-16.4707,-14.4210825,-17.00995,-21.957644,-23.45699,-22.793686,-23.912247,-27.162079,-25.283787,-25.573002,-28.955559,-23.537788,-18.264614,-22.239346,-27.393284,-28.540672,-21.983429,-16.679314,-21.264704,-26.712618,-26.734146,-28.599512,-31.271873,-33.746834,-32.72131,-33.80368,-34.61645,-33.40383,-32.77464,-31.021328,-31.55067,-33.03824,-30.140991,-22.32682,-13.586586,-13.689924,-18.8863,-22.741156,-24.178097,-24.52447,-25.733742,-28.176775,-28.691626,-29.792255,-30.498318,-29.973013,-24.790495,-24.861423,-29.156296,-30.522697,-30.67858,-22.92674,-20.666258,-22.104935,-25.632,-29.77438,-33.362694,-34.36732,-34.148354,-33.54199,-32.51683,-32.78869,-31.855877,-32.730747,-33.627354,-35.13405,-36.924385,-28.243538,-18.403948,-16.922531,-18.25801,-21.475126,-22.539778,-23.275795,-23.802588,-25.91466,-26.61443,-25.460608,-26.359568,-27.16295,-21.791035,-19.918907,-25.746538,-29.360271,-28.901178,-27.618912,-21.848206,-19.641788,-14.791236,-12.601066,-11.402418,-13.609543,-13.074016,-15.608264,-21.274155,-22.69067,-23.767342,-25.267086,-26.039026,-26.282776,-25.435255,-24.638077,-21.424648,-14.838895,-15.750105,-18.556698,-20.37004,-18.766132,-16.86892,-19.331356,-22.81868,-18.466698,-16.974594,-22.208424,-26.551344,-27.626705,-25.844524,-22.511223,-16.732828,-17.741428,-19.468002,-18.568937,-21.663063,-23.007061,-25.836756,-25.804615,-25.328125,-26.498339,-28.21307,-29.180462,-29.353876,-29.3923,-29.477985,-29.108387,-31.893503,-33.070873,-20.990543,-8.100706,-7.888669,-15.184569,-20.018906,-19.39733,-20.422234,-21.729982,-21.177715,-22.752861,-23.7446,-23.070278,-22.453993,-22.454775,-24.377155,-23.749866,-23.957405,-22.129719,-19.277294,-23.194838,-25.75597,-26.940514,-28.161184,-29.629765,-29.796883,-30.39983,-29.930183,-30.16022,-27.234802,-24.418789,-23.68232,-25.520306,-28.535765,-27.960224,-13.384496,-11.02366,-15.60934,-16.015692,-10.461132,-8.556091,-12.318499,-15.864769,-16.92947,-13.482431,-15.976372,-20.033169,-17.474407,-20.43512,-26.529253,-27.081585,-26.352043,-20.322742,-19.840794,-22.414745,-27.07493,-30.13609,-30.245556,-30.585026,-32.457233,-32.870422,-34.1718,-33.33035,-32.786755,-33.572517,-33.403515,-32.758106,-33.399647,-23.18304,-14.319991,-14.569784,-14.22827,-15.30327,-15.351596,-13.197575,-15.580311,-14.563288,-17.122606,-16.70744,-15.901033,-16.78156,-16.237108,-18.858797,-18.70051,-21.521664,-22.183722,-21.391642,-20.478325,-20.430939,-23.441896,-21.947826,-24.446419,-23.29956,-22.785927,-24.662058,-23.72835,-25.991823,-22.9917,-21.443796,-20.212172,-21.631365,-21.952831,-22.435434,-18.904556,-14.836802,-12.664543,-13.101213,-15.106902,-12.911051,-15.011992,-21.044226,-20.519398,-21.64642,-19.255692,-17.776379,-19.665121,-22.987318,-22.667637,-20.427992,-19.79935,-20.551216,-19.728153,-18.526577,-23.219625,-26.983318,-24.068977,-22.931421,-24.81307,-25.112764,-25.849306,-28.875332,-31.900208,-35.078438,-29.55563,-27.008213,-26.514921,-24.869793,-15.446731,-10.78773,-12.0573225,-11.88883,-14.177673,-13.929802,-15.243111,-13.796789,-13.015839,-17.277828,-16.463112,-17.623167,-21.191269,-20.110798,-17.784472,-17.668404,-19.58782,-17.043982,-15.686575,-19.150608,-23.4498,-27.766855,-28.878145,-28.840214,-24.515995,-22.703419,-24.121973,-26.442575,-21.124468,-20.829744,-25.684633,-22.223213,-21.395039,-26.579695,-23.843555,-19.574972,-18.811457,-16.396847,-16.574959,-20.067808,-19.110847,-20.069729,-25.655405,-25.857052,-24.401077,-21.249588,-20.55859,-20.905256,-22.062214,-24.672144,-22.684845,-13.674851,-13.970299,-20.895134,-22.304195,-25.691013,-26.873758,-28.157518,-30.865831,-34.324795,-33.02395,-31.266434,-30.899967,-31.688297,-32.387897,-31.19503,-29.970568,-30.343395,-26.437458,-17.99477,-12.880708,-12.824584,-15.724944,-15.359521,-18.28433,-18.961823,-18.429846,-17.594889,-16.47363,-17.669287,-18.569952,-18.610504,-21.634575,-24.850254,-22.246798,-19.82504,-20.354902,-21.455994,-21.245922,-22.70205,-23.738632,-25.394526,-24.466305,-24.076815,-24.647696,-25.35748,-26.970211,-28.63433,-29.157597,-26.930584,-26.895132,-30.299755,-28.267965,-25.198772,-13.6293545,-10.81399,-11.6706705,-14.587963,-18.954325,-17.543207,-19.94186,-22.542416,-19.950705,-15.061828,-16.302412,-18.411997,-16.818655,-17.659723,-17.116032,-19.139917,-22.260122,-20.320013,-20.31439,-23.19256,-24.744041,-23.29336,-24.825209,-29.307262,-28.85308,-27.288914,-27.105703,-29.37565,-32.236256,-31.9394
-27.36005,-26.687544,-27.068283,-29.132545,-29.810429,-30.720528,-31.06408,-33.680466,-30.84174,-25.97541,-30.226818,-34.667366,-31.799786,-28.502346,-18.707584,-17.998594,-27.728722,-34.77527,-36.738014,-38.65372,-40.032005,-40.251026,-40.2067,-35.83854,-26.98072,-24.717701,-27.640104,-29.56729,-29.09769,-30.895288,-28.271118,-18.1208,-15.136595,-15.030893,-18.594505,-25.946201,-27.850569,-31.890388,-30.389631,-29.387451,-31.456856,-31.289522,-32.779644,-29.153147,-27.741219,-31.695406,-33.280827,-25.851557,-21.718548,-22.316917,-26.501808,-33.4788,-35.637115,-38.04237,-35.807163,-35.650703,-39.161648,-40.02719,-39.38928,-41.390648,-44.6995,-46.4344,-43.45925,-44.470207,-38.508347,-20.798183,-12.089534,-12.592831,-15.223899,-17.035887,-20.08912,-21.110878,-21.949593,-23.926422,-24.714127,-25.980808,-24.973545,-23.471296,-23.543991,-24.921661,-28.729145,-31.290257,-29.546669,-24.26779,-22.46986,-27.192945,-31.57362,-34.566174,-34.40384,-35.776413,-37.006016,-38.970448,-35.594444,-31.143381,-29.828209,-29.07585,-33.509018,-39.89243,-38.100224,-20.0109,-11.446438,-13.066382,-17.700865,-20.656574,-23.756159,-24.419672,-26.205711,-28.689062,-29.887714,-30.37273,-31.023983,-23.510706,-24.170637,-32.39847,-35.69498,-34.881184,-28.12807,-20.838161,-22.550198,-29.794579,-36.316742,-37.674755,-39.035717,-39.526283,-38.13021,-36.913666,-36.020035,-36.86602,-40.944862,-41.35128,-41.90537,-43.815437,-43.233208,-17.926315,-9.426093,-11.432614,-16.721073,-21.702446,-24.791086,-27.217295,-29.407051,-32.34738,-33.60607,-36.452938,-36.130558,-35.127266,-26.010838,-26.859877,-34.804237,-36.593815,-35.483734,-32.277645,-26.2237,-28.243893,-36.548813,-40.420822,-39.91313,-39.84551,-40.40619,-42.010883,-44.5702,-45.479275,-44.239822,-44.511684,-44.716988,-46.555485,-47.423737,-31.964025,-13.87748,-11.89138,-15.7920265,-17.837107,-15.288055,-15.007513,-18.410397,-21.555643,-25.252153,-28.202646,-28.171646,-29.373705,-27.996738,-26.580074,-28.911938,-33.19939,-35.175377,-28.074572,-22.306866,-23.21103,-28.48973,-32.8623,-34.697464,-38.741814,-38.90733,-39.245827,-38.74085,-39.54087,-41.410084,-40.287052,-39.429173,-34.09169,-32.39524,-33.768818,-16.020817,-10.266413,-13.648826,-18.116587,-23.485792,-27.331017,-30.20833,-31.093664,-30.826118,-30.863531,-32.08689,-31.822412,-30.689018,-26.032906,-27.312477,-31.316301,-34.148537,-26.542349,-16.109226,-16.184305,-23.110296,-31.99956,-36.006878,-36.553093,-37.420364,-37.564804,-37.137806,-34.78209,-29.997452,-27.987394,-26.50172,-30.340252,-36.62374,-37.86195,-20.008808,-13.393355,-15.491229,-18.48187,-22.66072,-26.35817,-29.544697,-32.917168,-35.044384,-35.39074,-37.125397,-35.123047,-24.936722,-23.67439,-29.469742,-35.860104,-28.94809,-19.983675,-19.183842,-24.781292,-32.360855,-35.874714,-37.98183,-39.45382,-40.795883,-42.02538,-43.08948,-43.664455,-42.425087,-42.164196,-42.337196,-43.49508,-44.95955,-28.157127,-13.835049,-12.146478,-15.4465885,-19.724295,-22.16943,-24.253418,-25.532997,-27.843914,-29.332378,-31.454142,-31.669937,-30.98007,-24.995865,-24.51843,-32.00399,-36.7679,-39.07026,-28.287178,-20.470062,-21.83302,-30.671803,-39.29383,-40.09842,-40.22066,-40.644775,-42.03052,-44.410763,-37.672882,-30.499537,-30.569248,-33.800854,-35.662884,-36.77425,-36.09798,-12.98801,-6.8381405,-11.588794,-19.593851,-21.702139,-24.776756,-28.432014,-29.947443,-30.82052,-32.99249,-32.915726,-32.97897,-29.442003,-26.896633,-26.862865,-30.908995,-34.590954,-24.203869,-19.948551,-20.060957,-25.815002,-33.531715,-38.242325,-38.840565,-38.260876,-41.598137,-43.5531,-43.284294,-43.899418,-43.055782,-45.29581,-46.649223,-45.92562,-34.0878,-25.242329,-19.118074,-16.533356,-17.20195,-19.144905,-21.464756,-22.801186,-24.963547,-26.743658,-28.018543,-29.431238,-31.658302,-30.301239,-22.97594,-25.912258,-35.63978,-39.68563,-29.749022,-19.291492,-17.532497,-22.786766,-33.212696,-37.357327,-37.571278,-37.785137,-39.574677,-40.33846,-38.258224,-33.027668,-31.503227,-33.192814,-36.54962,-37.76309,-38.195374,-23.232763,-16.16763,-15.304913,-15.962357,-18.529146,-23.043348,-25.373632,-27.982988,-28.99885,-28.431501,-28.22037,-29.528837,-33.108513,-35.4863,-35.32104,-35.040108,-24.674145,-17.890648,-19.600594,-25.796913,-28.424904,-28.631304,-29.93165,-32.043243,-31.527994,-34.421425,-37.66131,-36.803516,-35.503796,-33.725037,-32.16375,-27.193233,-23.166353,-20.866676,-17.732674,-13.972767,-14.630586,-19.307663,-23.19582,-22.322351,-25.622618,-28.49968,-26.970968,-27.877638,-27.350933,-25.784866,-27.632744,-25.377844,-21.982388,-24.97934,-28.059574,-24.11324,-22.090424,-18.614576,-21.891716,-29.437016,-34.255062,-34.886635,-36.29605,-36.708447,-34.858204,-32.939667,-30.107483,-28.350733,-28.153988,-28.334034,-28.092062,-28.94428,-26.77252,-16.291157,-14.105363,-15.539517,-16.455452,-14.867212,-11.524335,-11.39724,-15.73674,-22.877007,-26.478594,-25.327152,-22.855446,-18.953655,-18.921349,-22.856972,-23.699568,-21.724335,-18.452265,-17.650112,-22.696125,-28.951748,-29.552546,-32.138977,-33.42446,-31.589035,-30.99693,-32.054565,-31.018333,-31.539875,-32.92841,-32.987835,-35.980053,-38.478077,-23.575869,-13.347515,-13.068973,-14.980713,-17.071815,-20.407545,-24.093933,-26.047287,-27.607449,-29.143618,-32.469257,-34.87972,-33.75185,-25.424307,-23.804405,-29.923342,-36.412727,-36.987186,-23.415594,-19.730345,-23.368254,-31.954126,-36.449272,-32.877457,-33.611053,-36.578556,-40.046303,-39.20384,-35.63522,-31.153297,-31.245693,-34.22187,-37.438343,-35.686836,-30.397388,-15.78829,-12.405247,-15.409399,-19.93729,-23.021809,-27.01195,-30.195208,-31.629196,-34.23449,-31.521978,-29.545984,-31.524845,-24.943138,-24.676859,-29.961126,-33.51248,-25.055122,-18.317095,-17.418793,-22.346926,-26.48154,-27.371002,-26.839914,-28.242758,-28.295507,-30.286072,-30.093477,-30.254925,-29.82137,-33.077667,-37.38906,-34.992836,-32.407978,-29.092253,-21.021286,-16.444185,-15.662042,-17.012032,-23.214039,-25.502558,-27.314901,-32.28045,-32.960197,-35.860756,-36.350803,-31.544254,-32.08095,-32.681557,-28.024155,-26.234024,-25.872559,-23.222294,-21.51188,-20.136654,-24.06443,-30.33264,-35.574596,-36.711014,-35.782295,-36.33285,-37.951294,-30.258743,-25.864716,-27.259617,-30.441618,-33.11096,-35.43213,-33.23374,-25.566479,-16.770956,-11.535381,-14.721831,-21.126564,-23.82819,-26.06662,-28.685476,-31.8026,-32.627693,-34.871628,-33.95949,-34.01645,-33.025734,-27.793545,-27.965435,-32.19337,-24.187784,-22.656546,-25.291542,-25.247183,-27.581396,-31.568306,-33.492683,-32.90648,-33.89919,-33.70957,-36.15947,-37.61114,-37.08863,-34.81015,-25.151129,-18.385271,-14.302061,-13.057835,-17.35345,-14.338698,-12.819115,-16.888897,-22.198046,-24.701357,-25.548977,-27.679455,-29.19036,-29.775164,-32.854885,-32.89929,-33.53729,-32.083347,-34.025467,-35.73163,-29.908314,-14.066067,-12.238806,-18.081858,-26.181763,-34.02332,-35.28357,-34.62857,-36.963516,-39.48772,-38.432537,-38.160103,-39.1421,-40.654945,-40.73352,-37.49928,-36.931747,-28.040741,-16.47809,-13.530058,-15.975599,-20.662952,-24.80624,-29.87631,-32.618267,-34.222385,-35.61116,-36.77516,-39.967937,-36.898354,-34.31475,-36.848804,-34.449886,-33.933456,-15.929402,-9.243869,-14.214857,-24.996395,-28.040287,-30.793861,-34.021152,-33.566265,-32.87433,-32.88985,-35.43649,-35.45842,-36.010082,-36.572926,-40.16858,-42.01859,-43.118633,-40.356964,-24.112137,-15.1292715,-15.229249,-18.169327,-21.101433,-23.033241,-24.706406,-25.54492,-26.217281,-27.979202,-28.882603,-29.351875,-28.804451,-26.183626,-25.580408,-27.941828,-32.90805,-31.573826,-22.167042,-19.92411,-23.712955,-30.28741,-34.02643,-35.150257,-35.053913,-36.046463,-36.04502,-37.963516,-40.201447,-41.724323,-43.037827,-43.48556,-45.383648,-44.703693,-29.293682,-19.173187,-13.974806,-14.346019,-20.168049,-25.35307,-26.686222,-26.492138,-25.872635,-26.013086,-26.739595,-27.765234,-29.557827,-27.940634,-25.290491,-27.561237,-31.855288,-29.230946,-24.774931,-23.812668,-23.86363,-28.680435,-28.791714,-32.26994,-34.5577,-36.673496,-39.147373,-39.663044,-40.68335,-39.156227,-39.675415,-41.57888,-41.485256,-34.038975,-21.746672,-9.908939,-9.917783,-15.915164,-19.16937,-22.70067,-23.911055,-24.15506,-25.413467,-26.492136,-28.922194,-29.287804,-28.839369,-26.492088,-23.41785,-26.95604,-34.03241,-28.310734,-21.007,-18.656702,-22.019634,-31.326292,-36.04107,-37.6888,-36.83966,-37.32618,-40.131004,-37.55332,-33.807003,-34.5927,-37.42887,-38.121964,-36.601196,-30.615911,-18.20953,-15.545538,-16.690485,-19.516493,-24.61234,-26.123514,-24.928951,-24.465008,-25.041843,-27.171926,-31.595003,-35.365005,-36.344448,-38.581284,-38.341953,-37.34722,-28.825476,-19.534859,-18.346256,-24.2742,-28.676224,-33.792835,-36.201164,-35.647728,-34.80246,-35.30671,-36.867393,-33.369278,-28.915445,-27.761353,-27.337357,-27.228794,-27.181635,-29.370152,-22.422113,-11.654871,-12.174406,-18.650053,-24.59835,-26.866135,-29.114706,-30.976412,-31.66208,-30.806938,-31.965773,-32.781075,-34.68356,-27.060402,-22.74272,-28.071117,-32.851112,-29.49047,-24.423222,-23.198116,-26.738348,-33.070908,-35.923355,-39.241024,-39.607018,-38.483112,-39.37609,-42.021873,-40.82747,-39.22029,-40.617203,-29.886726,-20.052671,-15.95096,-13.540625,-14.56996,-13.791521,-16.286963,-16.803032,-18.129492,-21.46386,-23.863697,-25.59738,-28.010483,-30.71642,-30.101685,-30.91336,-33.654354,-28.380817,-24.825134,-28.733511,-34.313187,-23.868359,-18.506378,-18.61784,-16.422888,-16.184875,-19.2852,-25.350409,-30.931738,-30.505993,-31.613018,-34.00935,-33.017612,-34.32631,-34.408974,-36.31415,-36.48415,-36.769703,-29.172024,-16.443102,-13.272401,-15.527545,-20.537086,-24.323141,-27.603241,-29.50922,-29.217411,-28.545963,-30.256435,-32.83999,-24.701004,-18.611406,-22.228853,-27.411058,-35.748444,-26.40825,-19.851345,-22.748682,-27.204275,-28.263416,-33.10616,-37.44531,-40.002514,-39.12349,-40.370483,-41.196537,-39.53868,-34.160835,-29.228615,-30.06053,-33.977543,-32.15999,-22.782776,-14.577023,-14.06978,-17.789577,-22.032377,-24.773666,-26.085798,-27.789639,-29.12043,-29.918411,-31.725418,-33.95667,-33.106983,-25.058159,-24.854282,-31.070196,-37.21189,-34.977104,-22.324226,-20.825424,-24.991955,-30.071527,-34.818184,-39.522053,-39.607063,-40.10869,-40.685295,-37.25199,-34.28677,-33.682915,-36.75982,-39.44844,-41.1652,-41.201607,-25.006874,-15.524921,-15.156264,-17.975285,-23.5019,-25.731585,-27.34886,-28.630886,-29.597782,-31.541218,-32.492714,-33.331505,-32.638103,-22.700943,-20.144855,-26.087358,-35.95498,-35.26428,-32.17126,-25.753744,-20.039066,-13.546986,-12.336258,-12.516154,-13.602104,-15.027918,-17.978123,-22.720764,-24.880846,-25.631895,-26.265968,-27.734821,-30.200275,-29.50134,-28.597317,-18.579735,-10.935917,-12.979642,-18.726336,-21.281641,-18.246738,-16.963867,-19.650223,-25.037579,-21.32329,-20.0893,-25.303822,-29.278236,-30.910208,-28.828363,-23.272818,-19.315279,-21.28248,-18.598778,-18.635956,-23.534735,-28.60334,-30.550552,-31.978588,-32.397167,-30.27349,-29.840015,-32.12423,-32.29196,-32.988407,-34.433907,-36.9515,-40.770973,-38.196053,-21.66951,-8.413704,-8.225278,-16.176786,-20.72686,-20.03494,-21.652327,-25.554125,-27.922754,-30.258625,-30.72338,-29.890959,-29.456022,-26.667395,-26.675674,-30.011501,-31.792564,-21.70177,-17.214396,-22.477436,-29.689732,-33.03581,-34.603714,-36.385124,-39.93938,-43.091248,-39.22956,-34.752857,-29.812561,-24.407696,-23.420752,-28.996851,-37.04021,-33.713142,-16.879646,-14.629455,-19.329021,-18.747467,-12.357672,-9.595397,-12.656979,-19.391266,-17.875916,-13.696757,-16.294014,-19.744148,-15.868645,-20.348457,-27.052967,-27.933977,-25.926048,-18.594955,-17.49997,-19.526783,-25.366812,-31.306328,-32.07069,-30.31889,-31.021395,-32.776917,-33.83528,-34.84327,-35.167847,-36.9912,-37.45549,-38.311325,-39.23726,-26.326773,-16.297989,-13.971933,-16.204391,-19.27137,-22.513258,-23.35808,-24.619007,-26.922262,-27.827911,-28.542408,-30.809748,-32.608154,-32.009174,-29.08921,-31.531967,-38.375755,-38.20861,-26.685965,-21.086329,-23.271355,-29.121237,-35.73311,-38.23293,-41.85372,-42.31951,-42.935394,-39.26446,-36.66121,-29.565659,-24.885912,-23.461342,-25.792559,-30.767315,-32.016647,-18.960981,-14.238827,-17.469595,-23.621113,-28.915783,-30.756367,-30.191795,-29.73909,-32.233547,-35.661465,-38.16955,-36.16031,-33.419662,-24.025654,-22.357244,-27.808987,-27.36636,-25.50947,-20.38658,-19.10007,-25.166605,-35.342297,-38.14576,-39.10444,-40.356247,-41.448845,-42.62542,-42.193115,-42.39376,-43.4115,-44.752,-48.813545,-45.778774,-33.301025,-20.359346,-13.643904,-14.57045,-20.461206,-23.193052,-25.745384,-29.406052,-30.710789,-30.5894,-31.756218,-31.716534,-31.903427,-23.108974,-21.689558,-25.206978,-31.461185,-30.697407,-21.413406,-18.35449,-21.863976,-30.1852,-37.03011,-37.473587,-36.910103,-37.809914,-36.282406,-39.2337,-37.17633,-22.799011,-20.917418,-28.692858,-22.810556,-22.31549,-28.923819,-20.171757,-17.310135,-18.874777,-19.695055,-22.590355,-24.858074,-25.834295,-27.08688,-29.953747,-31.97853,-31.76407,-31.606703,-32.811783,-32.930157,-34.767193,-33.535233,-23.625935,-12.475298,-13.024488,-22.304457,-24.494402,-29.509624,-32.19441,-35.370975,-35.18239,-32.278923,-32.146385,-31.085743,-31.475409,-31.998558,-30.36562,-30.830578,-31.125086,-30.757563,-25.245098,-15.9295,-12.699738,-16.943302,-21.099068,-20.867134,-20.96401,-21.621208,-23.256533,-24.22462,-25.76231,-27.388622,-26.389652,-20.910189,-23.130896,-25.48182,-27.312288,-27.501862,-20.792969,-19.957315,-22.17042,-23.90762,-27.375324,-30.975761,-32.2418,-31.886904,-31.50853,-32.677902,-33.921177,-32.621662,-28.776592,-24.793608,-23.066751,-25.626606,-31.703129,-27.757397,-16.970993,-13.748238,-15.175856,-19.052586,-22.418928,-23.215588,-23.514435,-23.54847,-24.913034,-26.935669,-27.389587,-25.710115,-20.390234,-22.220367,-24.822447,-24.340729,-25.58453,-20.317638,-19.55828,-25.213264,-29.61082,-33.712307,-34.764713,-35.092144,-33.376175,-28.947247,-28.438017,-33.300743,-37.48181,-36.270596
-25.909376,-24.249035,-27.03211,-29.353363,-29.787518,-29.979658,-29.911198,-32.282246,-28.117584,-25.098257,-29.81638,-34.14921,-32.364204,-28.46085,-20.395226,-19.502613,-22.831953,-29.630016,-34.1845,-36.522957,-38.04782,-39.461086,-38.211464,-37.557495,-33.36898,-28.622448,-29.4128,-31.207907,-32.214214,-34.15112,-30.18402,-20.320215,-14.148406,-13.720306,-18.90104,-24.374802,-26.526594,-29.166134,-29.917969,-27.839893,-30.238628,-29.78033,-28.825262,-29.761696,-29.199694,-29.680637,-30.4144,-23.50178,-21.506205,-24.714823,-27.455128,-32.613895,-35.559227,-36.88171,-36.30214,-37.76641,-37.519917,-37.804832,-38.791,-40.03801,-42.047695,-42.7358,-43.4906,-43.698555,-39.416718,-22.999954,-12.66203,-12.383567,-16.5787,-18.677036,-20.701393,-23.827774,-25.206264,-25.745453,-27.694262,-27.88013,-26.18113,-24.946795,-25.099392,-26.406437,-30.555073,-32.0625,-29.885803,-24.041098,-21.16497,-26.057934,-33.19432,-33.76231,-34.223705,-36.16753,-36.28833,-38.462288,-39.497265,-35.55871,-29.528713,-27.499172,-31.415241,-39.649673,-42.30757,-24.39934,-15.722393,-16.221611,-18.50454,-22.77257,-27.414223,-28.44291,-28.81409,-30.917793,-31.965647,-31.693085,-32.233055,-24.40044,-24.369118,-30.74527,-35.122536,-34.753403,-31.47456,-25.529541,-24.373493,-28.333946,-33.730625,-33.971245,-36.50837,-37.065166,-38.446148,-38.893913,-37.243977,-37.108387,-39.98336,-39.880432,-39.747757,-41.25154,-42.36686,-16.80173,-7.8398266,-10.478771,-18.120195,-21.151207,-22.719156,-27.518053,-31.249092,-32.741463,-33.191887,-35.07405,-36.352367,-34.690674,-26.69697,-26.494576,-33.103558,-36.707787,-34.50197,-31.179882,-25.69001,-28.048485,-36.486176,-39.896214,-38.48611,-39.930172,-41.72058,-42.362892,-42.597862,-45.102516,-44.90444,-45.141735,-45.45418,-47.006493,-48.785217,-37.479214,-18.040848,-13.591142,-16.710495,-20.472584,-18.283817,-18.464733,-18.882566,-22.320992,-27.033371,-27.67729,-27.587711,-28.658514,-28.820084,-27.844162,-30.155676,-33.629948,-34.469234,-27.910547,-18.342941,-19.05803,-26.490572,-31.70679,-35.726227,-36.41727,-36.3111,-35.635456,-35.29612,-37.688496,-39.222347,-37.96449,-37.80316,-36.907734,-37.114555,-38.775402,-16.077976,-10.09284,-14.256876,-21.700207,-24.991419,-27.019718,-29.149246,-30.327301,-32.13353,-32.305313,-33.4309,-33.92312,-31.900232,-27.446508,-29.365627,-33.905098,-37.029907,-29.177921,-20.412796,-21.608093,-27.971664,-33.510445,-37.43779,-41.731834,-40.913803,-40.945667,-38.735157,-36.708748,-33.732178,-27.759495,-24.915934,-30.520233,-38.28046,-39.310402,-20.222624,-13.711845,-17.393108,-21.239117,-24.061079,-28.393324,-29.920464,-30.943336,-32.13657,-33.290527,-34.468277,-33.74005,-23.545103,-22.05442,-24.510973,-34.08984,-29.250383,-19.392956,-18.033964,-20.988781,-28.80378,-33.31326,-34.669846,-36.410244,-38.597485,-39.587738,-40.00986,-38.68554,-38.883747,-39.733807,-40.340885,-41.878555,-41.82394,-27.192152,-13.208929,-11.098366,-12.875053,-16.963127,-18.925049,-20.768797,-22.860239,-26.118767,-25.762852,-24.43779,-24.901278,-26.054798,-24.506777,-23.889301,-26.594444,-29.023762,-31.825964,-27.238733,-22.864666,-24.325703,-29.688831,-34.61318,-35.532555,-33.94611,-35.412613,-38.03973,-38.032116,-36.381027,-30.537994,-30.873562,-33.797432,-35.54825,-36.659367,-35.92501,-17.87218,-11.484606,-13.748241,-17.687832,-23.61272,-25.87183,-27.434835,-30.080526,-29.559202,-30.046368,-31.901745,-31.24253,-26.836086,-24.899166,-27.54401,-32.09806,-31.394865,-21.273317,-19.86477,-22.203209,-26.41536,-30.683832,-34.628452,-36.145023,-37.92517,-39.919353,-40.98408,-43.368195,-42.318073,-40.47513,-43.322342,-46.413788,-44.852524,-31.816662,-23.407774,-17.606865,-15.411044,-16.292542,-18.688206,-20.21204,-20.714687,-23.368624,-24.391611,-24.768274,-25.563726,-26.37011,-27.139587,-24.83569,-26.087215,-29.18831,-28.806267,-27.300777,-18.179506,-17.09576,-24.172554,-29.638166,-31.724483,-33.360836,-32.967648,-32.767643,-33.855713,-34.81953,-31.89788,-30.767174,-32.949455,-36.06487,-36.85058,-36.595848,-22.658009,-16.360178,-14.521937,-18.398455,-23.27169,-23.19031,-23.86871,-25.65522,-27.09872,-28.588469,-26.702118,-26.119923,-30.032593,-32.122616,-29.907059,-28.148972,-21.719133,-17.243279,-19.089705,-23.352448,-26.29761,-27.967985,-27.17654,-29.596527,-30.951088,-33.248993,-32.929825,-31.079073,-31.11437,-31.75319,-30.96162,-27.254826,-23.94274,-21.24311,-18.068521,-12.992249,-12.122398,-15.622723,-20.462952,-22.599186,-22.974754,-23.43858,-24.400606,-25.15167,-26.000158,-27.442036,-28.825989,-23.8898,-20.375893,-24.751043,-26.98145,-24.800024,-21.806631,-18.783062,-22.176073,-28.490894,-31.247097,-33.28923,-35.741882,-34.72626,-32.734245,-32.281204,-34.29236,-32.602642,-30.877905,-34.293083,-34.730515,-33.333527,-26.70673,-14.17807,-11.338912,-14.59609,-17.174946,-13.435299,-9.265628,-10.143177,-13.797527,-20.490257,-26.680296,-25.40718,-25.558712,-22.917831,-22.502863,-23.982622,-26.516026,-23.424513,-17.59973,-18.852743,-24.765266,-27.401705,-26.707535,-28.200464,-30.312357,-30.350101,-28.344763,-30.884083,-32.3342,-32.845436,-34.797726,-36.324745,-34.88993,-36.36319,-23.109993,-12.647234,-11.759117,-14.617315,-17.57128,-19.397642,-22.513418,-24.437397,-25.70617,-28.390495,-30.392902,-32.533733,-33.461636,-30.075436,-26.100695,-28.229208,-34.06044,-35.07458,-23.808537,-20.271723,-24.49486,-32.311558,-36.30717,-36.19024,-35.6921,-36.172184,-38.865303,-36.58882,-31.341803,-30.044977,-31.042057,-31.523201,-33.01074,-32.34845,-28.431644,-14.809752,-11.490486,-14.391781,-17.901876,-20.94986,-24.767942,-26.027424,-29.187658,-29.73574,-26.72216,-25.89322,-29.510185,-26.649017,-23.986973,-26.368195,-29.073357,-20.81115,-16.008614,-17.839668,-23.315203,-23.849287,-25.921608,-28.649937,-29.479792,-29.14138,-31.091326,-29.963566,-30.360668,-31.387241,-33.693996,-35.19704,-33.680527,-30.678186,-27.558395,-21.887146,-16.32561,-14.946355,-16.41787,-20.588665,-23.53041,-25.760965,-26.565435,-30.507816,-30.232769,-28.32371,-29.10696,-32.821808,-31.41687,-30.66366,-30.259512,-28.254442,-25.220793,-22.71531,-24.993124,-28.950024,-30.891869,-32.709373,-33.73252,-32.99037,-34.50916,-37.76289,-33.379272,-29.396593,-29.7929,-30.947168,-33.23682,-35.038597,-31.713406,-23.644392,-17.062557,-13.314547,-14.774839,-17.82552,-21.379244,-24.843702,-29.757454,-30.474087,-29.67899,-33.785122,-34.14202,-29.390396,-29.579714,-27.979738,-27.884666,-29.884321,-21.428862,-19.709406,-21.67585,-21.396015,-25.924183,-28.14151,-30.864498,-33.302666,-30.809223,-31.233244,-35.597107,-37.85457,-36.71663,-34.403534,-26.259554,-17.84069,-12.259203,-12.269879,-15.985723,-14.718493,-15.699066,-18.640095,-21.569902,-23.404972,-23.95336,-26.353745,-27.711737,-29.731266,-31.652372,-31.232243,-30.806828,-31.544542,-34.201504,-34.2483,-30.470093,-13.58719,-11.477195,-18.449549,-25.094501,-32.29724,-34.628174,-36.63053,-36.799732,-38.22776,-38.90304,-39.555237,-39.813362,-39.96156,-40.438522,-40.373306,-39.95865,-26.909945,-15.144792,-14.225683,-19.691027,-23.58424,-26.516142,-29.348728,-30.030685,-31.892147,-33.399654,-33.65276,-34.770226,-37.47081,-39.351498,-40.20198,-39.89363,-38.08635,-20.246775,-13.603488,-17.535398,-25.457916,-28.88889,-32.274845,-35.657738,-35.040558,-33.63589,-33.588287,-33.53943,-34.193836,-36.521423,-38.80978,-42.67519,-41.47986,-40.080643,-38.863613,-23.601065,-13.309528,-12.307171,-16.273169,-19.792866,-23.939198,-28.12375,-31.311642,-33.679825,-34.83082,-35.37064,-34.126766,-30.755503,-25.094042,-25.168613,-29.29592,-34.263233,-29.926296,-18.63501,-17.643774,-22.121069,-28.790941,-31.423578,-33.39361,-33.534336,-35.715088,-35.465237,-37.109734,-39.54791,-39.507874,-39.15702,-41.075092,-43.31265,-45.728813,-29.083717,-16.55755,-13.372883,-15.194691,-21.670746,-25.768364,-31.146744,-31.529396,-32.963333,-34.973904,-36.630444,-36.975082,-33.74906,-28.217167,-25.305527,-28.05976,-33.051956,-31.2636,-22.859018,-19.588797,-21.759584,-25.938953,-26.554,-31.46856,-34.956192,-36.22688,-38.36487,-38.858753,-40.129288,-40.361435,-42.00296,-43.98133,-41.485382,-32.50335,-23.38478,-12.224245,-11.6673765,-14.094402,-17.602272,-24.554375,-26.296911,-30.525877,-29.96811,-31.897022,-35.141945,-32.251106,-29.809765,-27.20273,-24.084303,-27.78997,-33.342377,-26.293686,-19.651688,-18.668478,-23.50756,-32.174347,-36.287903,-34.40644,-32.88961,-37.479847,-40.699085,-40.52641,-36.96258,-37.032288,-42.857967,-43.28807,-41.299168,-32.118725,-21.084059,-17.310354,-17.809572,-19.32569,-24.32146,-25.615568,-25.595612,-26.778173,-26.52679,-28.695072,-33.42441,-34.51504,-35.952076,-35.873383,-35.754547,-38.094994,-27.315159,-18.188232,-18.471111,-25.86475,-30.411358,-34.44018,-35.94436,-37.961437,-37.465,-36.904137,-36.325813,-36.469654,-35.369926,-32.80152,-31.324118,-29.988363,-28.804235,-29.08664,-25.164774,-16.102942,-15.373568,-19.7086,-22.812649,-24.9805,-28.236637,-30.60256,-30.026817,-28.88927,-30.214148,-30.571108,-31.887,-27.869114,-24.029427,-28.628525,-32.150883,-30.126917,-23.458405,-22.63938,-25.989986,-32.779266,-36.852615,-39.27697,-40.191227,-40.726097,-40.80101,-39.75454,-37.77366,-38.87522,-40.412827,-31.390669,-22.420225,-16.053305,-14.075985,-14.079498,-12.701502,-14.745011,-17.65772,-20.180779,-22.907913,-23.823792,-25.523472,-28.43747,-29.551514,-30.64621,-31.828384,-31.62945,-28.973238,-27.13048,-30.250084,-32.384106,-24.520508,-19.398357,-17.743643,-15.843237,-15.295616,-19.423317,-26.874168,-30.28318,-29.155842,-31.303036,-34.88616,-33.16654,-31.792524,-33.72651,-36.960518,-36.12195,-37.72036,-27.372574,-16.087,-14.517404,-18.191202,-24.345772,-26.868515,-30.437515,-31.655075,-31.00938,-31.498032,-35.031258,-36.006123,-26.771645,-19.985302,-23.870586,-30.763186,-36.26992,-32.311504,-24.216091,-25.421057,-29.198586,-29.06195,-33.2675,-39.719955,-39.50158,-41.025955,-42.51644,-43.032818,-41.744457,-34.768074,-29.577124,-29.210348,-32.78367,-33.40519,-22.858686,-15.965849,-16.55472,-18.599949,-23.379616,-28.551245,-27.264956,-29.108223,-30.58606,-30.190363,-31.458145,-33.277668,-36.005367,-31.53591,-30.359467,-33.925503,-38.3313,-36.286465,-27.525211,-25.151344,-26.908663,-30.67152,-34.812515,-37.667336,-39.687447,-41.903954,-40.520473,-36.76645,-34.62128,-35.007103,-38.985256,-40.497864,-40.823715,-42.049908,-27.825329,-17.68066,-15.553903,-17.437063,-23.12196,-25.974195,-27.749243,-30.32892,-31.835064,-34.8194,-35.454018,-34.479588,-34.743782,-27.836414,-25.998594,-31.929756,-36.982975,-32.120975,-30.96528,-24.331987,-17.202011,-11.329149,-8.502101,-10.8610525,-10.12973,-11.449606,-15.538477,-21.218124,-24.195942,-23.433685,-24.142418,-27.500658,-27.845411,-25.875559,-29.594496,-20.505371,-12.362499,-13.663376,-18.017529,-21.542683,-19.171185,-16.501348,-20.176949,-27.819841,-20.175638,-18.382599,-24.650995,-29.879457,-28.12162,-25.895947,-23.992357,-19.879171,-21.97362,-18.162838,-18.583939,-25.135458,-32.101112,-32.82682,-30.331081,-30.399511,-32.407383,-32.00915,-31.866333,-31.84999,-34.395267,-38.782314,-41.703766,-41.43828,-40.39911,-22.901508,-9.770009,-9.0873995,-14.508109,-17.914227,-18.240274,-20.44411,-25.368109,-29.69841,-31.8174,-28.6115,-29.16672,-28.807467,-25.625914,-26.53017,-29.334835,-31.479965,-23.709892,-18.417034,-21.95617,-29.256554,-33.950787,-37.13069,-39.341682,-37.465847,-38.82612,-38.630127,-36.025337,-30.3485,-23.265188,-21.573246,-26.867298,-34.045734,-32.84784,-20.605629,-17.042763,-19.284464,-19.120916,-14.546885,-12.129178,-12.782761,-16.46855,-16.432974,-14.569306,-18.69272,-22.212666,-20.068684,-22.395462,-26.449451,-28.89717,-27.629887,-20.197628,-17.99638,-19.344036,-23.970612,-28.030148,-30.433186,-31.249369,-31.848467,-33.71595,-35.671776,-35.48637,-36.99517,-38.628277,-37.372654,-38.578815,-40.948265,-26.242027,-15.001577,-11.17833,-13.257381,-17.985487,-20.110935,-21.463661,-23.10747,-24.378765,-25.082478,-26.041039,-27.384827,-28.655664,-27.695171,-26.668985,-29.509352,-31.586397,-31.87089,-24.316912,-18.983679,-20.655766,-26.003248,-33.09127,-35.26146,-37.331245,-38.1526,-39.310116,-37.03541,-34.46968,-29.655281,-23.718925,-21.675117,-24.290964,-29.916348,-31.21522,-20.266624,-15.0399885,-16.876394,-21.41895,-22.647102,-23.72013,-25.943256,-27.840918,-28.525928,-29.603117,-31.51356,-32.28926,-31.256907,-25.14285,-23.705921,-28.282604,-27.279095,-24.607224,-23.807594,-21.385956,-23.837393,-30.844782,-31.635288,-34.349014,-35.724495,-35.66952,-37.72191,-37.30621,-37.526535,-40.246624,-40.83798,-41.28704,-41.232037,-33.253956,-20.92203,-14.9189205,-14.348396,-17.329403,-18.643415,-22.702354,-24.07862,-22.705605,-23.91958,-25.061104,-25.995426,-29.996225,-23.761345,-21.87365,-24.63062,-29.005993,-27.999588,-22.045252,-19.862776,-21.681997,-24.226261,-26.256016,-30.639614,-31.105427,-30.42873,-33.504982,-35.03539,-32.36522,-23.767086,-22.625036,-28.288334,-25.284311,-23.914295,-29.264986,-19.167236,-16.246449,-16.339077,-17.4488,-21.447277,-23.636433,-24.647684,-26.497063,-28.496212,-28.367193,-30.25986,-30.376684,-30.798616,-31.034746,-32.405407,-31.41766,-20.212442,-13.036069,-14.257004,-22.108341,-22.38522,-25.127098,-28.080027,-30.383171,-32.02869,-30.167055,-29.610668,-28.760391,-28.326416,-28.709343,-27.976604,-27.56197,-26.307339,-25.198997,-21.998905,-16.643997,-13.608595,-16.430702,-20.138891,-19.066814,-20.404865,-20.70258,-22.283182,-23.829247,-25.205935,-25.084366,-24.130821,-20.72875,-21.185143,-23.705425,-25.798283,-26.68985,-23.814507,-21.539448,-25.060345,-29.652815,-30.570583,-31.027605,-31.526154,-32.447884,-33.735043,-32.549843,-30.456516,-29.182222,-26.153278,-23.445179,-22.510757,-25.794697,-30.918905,-24.79657,-14.765543,-12.766453,-14.341365,-18.383486,-21.900911,-21.159542,-22.03598,-22.190811,-23.634775,-25.602535,-26.105244,-26.627468,-20.508783,-21.626547,-24.654476,-27.197086,-27.178371,-19.566383,-18.725803,-24.046133,-26.677275,-32.175426,-36.37155,-36.517136,-34.622833,-32.786793,-32.669205,-32.797874,-35.36641,-37.847725
-18.869026,-16.636679,-19.188393,-22.374084,-22.7909,-20.8331,-20.13639,-23.811817,-21.859612,-23.288343,-26.442749,-27.123814,-29.129656,-26.635046,-18.109735,-16.611515,-23.257957,-29.496784,-28.956398,-31.415737,-30.701162,-32.809006,-34.03394,-32.61834,-24.77481,-23.961407,-24.086363,-22.76946,-23.720324,-26.101408,-27.070126,-19.75504,-14.647103,-14.071835,-16.319061,-20.584099,-21.048187,-21.774185,-26.092405,-24.63514,-26.300457,-24.054684,-22.141401,-23.79134,-22.781496,-22.755993,-24.592869,-21.15058,-19.176609,-21.854174,-24.58585,-27.0918,-28.780724,-29.245754,-29.776081,-30.684525,-29.682018,-30.85139,-32.62496,-32.827385,-35.110596,-35.71946,-35.652184,-35.784126,-36.13687,-23.419918,-14.399738,-13.318597,-14.508247,-14.531394,-14.531093,-16.11418,-17.327026,-17.43746,-18.317835,-19.45512,-19.334867,-18.876774,-20.184643,-20.856113,-22.794416,-24.16441,-23.860903,-22.915234,-21.578295,-23.401518,-26.388115,-25.717983,-26.35151,-28.578114,-28.360989,-30.534428,-35.74329,-35.037975,-31.280502,-33.005157,-37.03443,-39.308178,-38.186485,-18.723253,-11.3542595,-12.582256,-15.953983,-17.783657,-21.644753,-19.57417,-18.948856,-22.451275,-24.452335,-22.79913,-25.870506,-24.56977,-23.89083,-24.493095,-27.99387,-30.806305,-28.149023,-20.778172,-21.581558,-27.489681,-29.79348,-29.78259,-33.7586,-32.226665,-33.437824,-35.48803,-33.616684,-33.18911,-34.827793,-38.12052,-35.95373,-36.46753,-38.440258,-20.262747,-11.009911,-12.4478855,-18.11724,-19.204214,-20.177986,-22.046785,-25.645884,-27.910643,-26.176785,-26.994133,-30.266743,-29.00492,-21.807358,-22.343628,-29.846666,-30.602781,-31.997574,-31.773746,-25.82978,-27.254087,-33.75907,-35.147434,-33.761982,-34.93353,-37.146347,-37.530235,-36.943558,-39.118473,-40.958397,-42.336327,-40.59848,-41.986736,-44.246593,-33.433014,-16.632174,-11.611731,-12.984017,-17.911743,-17.329548,-18.003443,-17.444092,-20.291687,-19.92069,-20.813671,-24.539474,-26.242659,-25.230728,-25.345678,-29.721493,-32.975174,-28.926476,-24.124287,-18.841412,-19.502417,-24.994871,-28.54351,-31.78867,-30.982029,-30.148697,-31.374987,-33.93023,-35.024952,-33.41261,-35.188736,-37.209484,-35.633053,-34.282322,-36.67284,-19.747675,-13.281016,-13.766384,-14.951945,-18.564117,-20.792238,-21.937672,-21.089632,-25.218655,-27.596369,-26.586237,-28.11785,-28.682674,-24.263062,-24.473537,-27.590546,-29.891224,-25.773247,-20.47377,-20.385654,-24.38117,-29.114815,-31.630823,-33.581192,-31.221481,-32.7073,-34.673855,-34.3014,-30.435692,-24.643951,-24.163406,-31.206066,-35.65313,-35.518105,-27.707708,-18.891947,-15.502138,-15.982579,-18.44875,-19.874475,-20.619751,-21.38735,-23.212296,-24.24637,-25.381697,-28.71751,-24.427843,-22.686237,-24.945946,-32.100746,-25.799126,-18.508066,-15.063516,-17.434816,-23.73518,-28.969975,-30.252266,-32.356678,-34.5735,-34.93684,-35.20029,-36.052948,-38.78714,-38.68617,-37.39351,-37.574883,-38.078545,-31.811018,-17.186188,-12.80291,-15.392904,-19.183619,-19.474506,-20.244596,-21.955482,-24.31551,-25.329796,-24.544556,-24.15075,-24.875237,-25.013828,-23.85904,-24.367214,-26.773281,-29.118904,-26.33805,-22.316113,-23.671818,-28.256807,-31.641678,-32.903755,-32.403034,-33.603725,-34.9393,-37.083218,-36.504505,-35.893517,-36.806465,-36.62246,-37.376755,-38.077244,-34.88883,-19.96279,-13.583492,-15.06611,-19.052502,-21.80438,-25.555492,-29.76374,-32.19935,-32.25781,-33.281982,-34.082558,-35.232285,-34.576412,-26.455519,-27.03686,-33.5323,-33.943657,-19.900137,-17.530859,-22.06643,-26.286816,-30.913736,-32.972122,-35.54967,-36.510235,-38.890507,-40.865726,-43.287872,-45.71699,-44.475395,-42.714928,-44.322742,-44.340027,-31.888863,-22.922924,-14.320444,-13.805628,-16.147528,-17.402113,-18.228094,-19.717186,-21.997177,-24.16523,-24.311852,-23.409653,-23.55516,-24.541769,-25.933487,-25.802078,-26.073956,-26.250784,-26.46858,-19.477028,-18.411083,-23.014874,-28.900366,-30.609797,-32.303185,-33.301567,-33.970875,-35.17093,-34.043255,-33.099476,-34.52379,-37.538437,-38.905197,-37.832138,-38.18008,-23.431837,-16.076715,-15.310232,-18.697254,-21.661713,-21.517412,-24.668512,-26.514374,-28.698223,-30.680283,-29.68548,-27.11103,-24.36745,-26.042679,-27.738697,-29.706661,-19.2622,-12.572384,-14.724133,-21.022139,-25.292227,-26.205189,-28.920954,-31.941246,-34.47314,-32.23488,-31.316357,-32.177605,-33.152237,-32.096474,-27.022476,-24.661312,-23.131134,-21.677553,-19.284039,-16.827772,-15.34614,-16.415243,-20.670603,-22.948687,-23.271349,-23.896189,-24.430162,-23.34939,-24.038464,-25.69535,-25.701344,-21.586782,-18.57676,-24.321182,-26.397106,-23.828917,-23.016844,-20.277485,-23.438223,-29.205635,-29.953812,-30.029022,-32.38579,-36.04535,-34.77162,-34.47556,-33.759422,-32.890217,-32.630398,-35.24571,-34.51926,-33.864597,-25.920732,-17.721249,-14.321021,-15.964528,-17.728676,-14.525253,-8.58768,-7.76751,-13.200348,-21.4518,-21.579727,-22.650208,-25.782917,-23.401014,-23.153759,-24.593987,-24.55957,-22.96032,-16.806194,-17.094471,-24.386494,-25.448324,-25.10469,-29.128582,-31.714172,-29.930353,-29.032578,-30.01302,-32.431946,-37.244022,-35.985573,-36.439655,-38.82052,-36.417732,-24.15715,-14.623537,-14.530245,-17.548393,-20.527157,-22.276905,-24.498655,-29.221424,-33.055042,-33.274185,-32.821724,-31.562689,-32.17067,-29.23296,-26.11968,-28.676872,-34.862064,-35.506245,-20.095919,-16.660337,-22.666395,-31.623943,-35.291443,-34.33381,-35.056553,-37.953156,-39.633274,-39.13551,-33.10801,-32.47032,-34.464767,-34.377483,-37.167915,-37.277493,-30.470789,-16.21316,-13.469319,-15.303565,-19.210142,-22.867897,-27.31189,-29.842918,-30.131683,-29.656048,-27.947273,-28.221401,-30.057564,-28.513174,-26.961323,-29.890184,-32.125065,-21.919853,-14.861731,-15.061604,-20.18361,-25.894346,-26.72023,-28.149689,-30.442102,-30.980043,-31.639204,-32.68138,-32.340317,-32.48497,-36.473194,-37.77846,-34.477543,-32.328747,-28.73952,-20.934963,-17.192167,-18.54037,-20.955126,-22.040112,-23.983646,-26.08179,-27.771172,-30.22233,-30.02546,-28.776236,-28.526932,-30.342064,-28.302736,-28.43168,-29.957165,-31.438683,-28.362213,-23.89853,-24.201462,-29.05525,-32.444405,-34.606026,-37.072872,-36.202618,-37.248966,-38.56872,-31.509008,-30.042028,-34.556637,-36.940025,-38.44627,-39.88187,-34.99245,-27.898342,-20.716684,-14.518799,-14.248675,-17.968992,-22.608364,-26.847994,-28.895317,-28.03319,-30.323784,-31.32552,-33.08393,-34.59888,-33.90987,-31.047686,-29.879967,-28.42165,-18.680708,-17.003428,-20.213785,-21.887215,-25.779436,-28.124798,-29.71354,-30.72324,-30.104616,-31.803078,-37.178852,-37.611378,-34.664085,-31.153751,-26.156113,-18.47593,-11.977613,-11.885046,-16.724424,-12.79106,-14.603368,-18.381779,-23.886168,-26.940239,-26.345415,-27.211555,-27.109919,-29.58908,-32.346348,-31.363192,-30.653336,-30.200161,-30.007664,-29.599594,-28.28634,-18.755669,-15.489703,-18.411915,-23.695755,-30.501822,-33.205128,-34.893112,-38.285236,-37.77685,-37.70291,-40.062386,-39.16312,-40.10711,-41.27955,-41.114105,-41.05629,-29.969723,-18.439672,-17.03934,-19.703629,-21.04453,-24.247921,-25.912458,-28.249702,-30.550468,-30.332943,-29.876186,-29.965036,-31.232235,-33.764767,-36.347233,-38.07942,-37.966732,-24.67428,-17.473892,-19.629532,-23.665806,-27.420109,-33.205437,-36.462368,-36.592484,-35.41637,-37.71106,-37.50317,-36.934525,-38.616245,-43.45751,-44.733627,-40.62304,-39.31772,-34.796272,-24.383753,-15.017839,-12.79572,-17.647678,-20.578892,-22.880098,-25.922506,-30.126144,-29.325031,-27.97302,-28.256195,-29.21488,-31.64191,-26.571445,-25.668829,-30.122646,-35.141014,-27.975262,-14.773526,-13.130993,-17.745922,-25.48544,-28.482409,-29.015596,-30.651491,-32.007404,-33.94564,-34.12789,-37.84657,-41.953194,-43.902378,-43.111023,-41.415306,-41.18186,-26.439167,-15.019775,-13.578877,-16.709564,-23.149061,-28.031147,-28.255148,-29.47664,-29.958931,-33.056778,-34.21692,-33.029957,-33.81998,-31.246265,-25.787485,-27.369452,-33.34941,-32.752823,-20.398373,-17.142902,-21.486675,-27.47374,-30.068974,-34.056263,-37.991844,-39.184765,-38.083004,-39.801105,-42.80199,-44.831993,-45.075993,-43.560253,-43.28975,-32.246014,-22.276596,-11.420846,-11.32885,-15.489513,-19.090006,-23.240433,-24.577827,-28.213245,-31.524792,-31.409922,-31.258194,-32.072548,-34.984318,-29.364557,-24.545311,-27.973368,-34.53217,-26.308363,-20.197542,-19.906746,-24.052095,-33.66526,-37.581997,-33.38582,-32.02664,-38.022797,-42.145992,-40.285015,-37.030674,-36.95321,-41.29288,-40.447315,-38.708397,-30.570715,-17.144615,-14.288099,-18.487803,-21.543438,-25.374035,-25.954752,-28.465672,-31.558874,-33.620056,-34.47596,-35.677906,-38.034214,-41.46163,-42.473236,-41.036697,-35.57651,-23.885292,-15.342339,-17.238884,-25.229414,-29.835655,-34.54268,-38.67238,-39.044197,-38.644955,-38.91542,-37.06334,-35.75111,-34.426685,-32.616978,-31.636698,-31.469105,-31.236359,-31.557686,-22.929602,-12.522063,-11.714696,-14.177629,-16.563484,-18.256796,-20.787525,-21.941738,-22.59145,-22.726078,-23.426886,-24.236677,-25.012691,-26.242428,-25.25499,-27.36296,-28.88624,-26.873997,-20.798527,-19.20699,-23.251057,-28.928488,-32.56094,-33.95679,-33.32789,-36.683346,-37.158157,-37.466934,-36.046917,-37.232006,-37.623,-30.643955,-22.819536,-15.916857,-13.631775,-10.57799,-8.750676,-13.185423,-15.043337,-16.11633,-18.764849,-22.564144,-22.982065,-23.597803,-26.020735,-28.505266,-27.235569,-25.506031,-24.117744,-24.815504,-28.103493,-28.865288,-22.778131,-17.203417,-16.71602,-16.849014,-15.466621,-16.456953,-21.765348,-27.19421,-27.104166,-28.077671,-31.305754,-34.485664,-33.19975,-33.170017,-33.75832,-34.527103,-37.0251,-26.252401,-15.470377,-14.866785,-17.054548,-19.135765,-19.856289,-24.118935,-24.1838,-21.846725,-23.245237,-28.842459,-27.596096,-25.096762,-23.118603,-26.67794,-27.901905,-30.075838,-28.739643,-23.147106,-24.811422,-25.246237,-25.334011,-29.713696,-34.353,-35.200638,-35.582752,-36.05745,-40.146465,-40.067184,-34.57639,-32.4218,-36.48232,-36.105106,-31.631496,-20.908005,-13.284002,-13.731774,-15.989225,-19.282713,-21.378077,-19.717659,-20.86382,-22.901543,-22.097694,-22.885101,-25.402596,-29.001875,-26.354202,-27.141264,-33.196186,-35.635635,-30.832054,-25.347328,-23.414995,-27.998436,-33.393738,-36.825233,-39.889626,-40.16971,-38.16463,-38.278812,-36.321426,-34.953064,-35.831215,-40.48685,-41.666103,-41.251835,-43.0056,-31.558147,-19.033083,-15.726639,-17.483404,-20.202103,-24.269222,-26.664133,-23.276636,-23.177418,-28.252878,-28.222265,-25.691683,-27.058598,-29.120924,-25.975752,-26.614363,-30.223074,-32.041893,-29.568785,-24.16155,-18.895391,-10.8636055,-7.8227334,-10.26739,-11.218922,-12.9962845,-14.983687,-17.797297,-21.549824,-24.433659,-25.738049,-26.939175,-28.030394,-28.173283,-29.980648,-19.53596,-11.651787,-12.895653,-13.67777,-17.075981,-17.427513,-13.618584,-16.378622,-22.322714,-23.133905,-22.617884,-25.621824,-28.319511,-25.091667,-22.589216,-20.981123,-14.992181,-17.592943,-20.00078,-19.56962,-24.491014,-29.334408,-30.99738,-32.553127,-32.744583,-33.48519,-33.43837,-32.49551,-32.922573,-33.668327,-35.72908,-38.79291,-39.5638,-39.491394,-25.749699,-13.703554,-11.752819,-17.243204,-19.40966,-16.022509,-15.136631,-16.88424,-21.167152,-23.497463,-18.157488,-18.190907,-20.93418,-24.37651,-23.336924,-21.298187,-22.382061,-23.621256,-20.018631,-21.686543,-23.309175,-27.07835,-33.08498,-34.117172,-29.318386,-29.757833,-32.242065,-27.707958,-25.554184,-24.011908,-23.002728,-26.673317,-26.925774,-25.966833,-18.748592,-14.0205,-14.828967,-13.39609,-9.944539,-7.6976633,-10.211234,-17.285103,-15.016251,-11.376322,-14.955197,-20.936823,-20.177422,-23.150532,-25.518133,-26.508982,-25.10868,-19.907824,-18.45182,-17.305836,-19.899532,-25.393219,-30.941357,-30.627777,-28.96969,-30.411598,-33.430965,-35.428898,-35.70221,-36.774555,-35.60002,-36.871754,-40.79126,-22.971107,-12.748538,-11.982563,-15.450124,-18.508755,-20.723797,-22.158318,-22.937624,-23.169651,-24.291075,-25.729603,-25.670883,-26.145708,-26.074883,-24.817522,-25.490505,-28.68988,-29.4394,-23.77487,-18.615295,-20.044014,-25.7448,-33.711884,-35.140774,-35.998047,-36.398006,-36.42646,-33.82821,-33.341408,-31.342773,-31.110792,-30.889122,-31.305218,-31.26426,-30.009872,-20.276814,-15.171694,-17.19751,-22.196209,-25.357935,-26.3253,-27.38511,-29.378925,-29.902418,-30.582912,-30.635437,-29.584251,-30.841805,-27.997236,-27.138264,-28.54045,-24.716293,-19.298603,-19.8629,-21.921213,-25.209246,-30.609028,-31.349058,-32.867455,-35.21398,-36.023506,-38.46544,-39.359554,-39.190193,-41.585766,-41.30195,-41.874447,-40.57271,-33.009895,-20.54467,-15.63838,-15.932466,-18.996279,-20.553787,-23.512672,-25.626104,-25.489752,-26.61433,-27.988407,-28.847832,-30.968357,-24.766348,-23.010653,-26.365187,-30.447418,-29.635155,-21.120737,-19.280458,-23.868773,-27.09515,-29.032946,-32.180656,-33.171314,-33.68248,-35.608932,-36.37465,-34.93583,-28.47605,-24.30624,-24.50724,-24.661274,-24.097706,-29.84587,-19.045694,-15.678873,-17.157333,-20.359009,-21.67179,-22.681095,-23.977058,-26.111422,-28.82668,-28.48299,-29.072073,-28.638016,-29.381172,-31.671501,-33.249737,-31.856392,-22.31209,-14.042121,-14.284386,-17.52442,-18.512743,-22.171604,-26.052593,-28.543474,-28.44156,-27.46953,-25.030718,-23.049192,-20.765156,-22.78863,-22.869978,-20.875265,-20.284924,-20.475643,-17.97306,-14.562688,-12.387132,-14.953106,-17.792027,-19.69262,-21.607887,-21.408325,-20.064642,-20.405905,-22.600716,-25.802889,-26.372105,-25.743362,-26.075094,-26.974257,-25.573408,-24.851086,-21.194723,-19.303143,-21.129555,-25.178413,-28.784239,-28.364101,-29.791906,-30.452255,-30.24059,-30.457037,-27.675278,-26.890377,-24.83847,-23.026972,-22.944748,-25.730486,-30.342695,-28.275536,-18.752062,-15.554481,-16.16585,-19.876717,-23.552542,-24.827667,-26.048058,-26.785667,-28.023323,-28.80627,-29.300425,-29.799717,-24.009314,-23.514864,-27.517265,-29.67342,-29.38723,-20.58665,-19.501495,-21.230478,-22.38754,-28.638094,-33.91537,-35.957867,-35.73069,-34.765003,-33.564163,-34.435883,-37.535454,-38.9016
-27.932663,-30.15359,-31.540804,-32.824917,-33.806286,-34.06263,-35.286747,-37.566715,-30.914364,-26.814419,-32.13028,-37.53303,-38.94509,-32.385406,-19.850323,-19.44165,-27.347729,-33.716194,-40.64456,-40.76316,-42.47155,-45.871044,-44.80339,-38.923748,-32.29477,-29.3977,-27.87965,-30.325644,-34.114235,-36.12742,-30.385324,-18.25175,-15.124074,-15.76683,-18.390442,-23.01571,-24.910156,-28.786547,-31.561592,-31.306002,-33.63932,-32.21125,-33.658535,-32.264847,-30.030998,-34.194763,-36.854126,-28.801834,-24.597704,-24.11128,-27.127777,-35.087616,-39.29459,-39.301003,-40.81208,-41.76863,-41.6918,-43.566242,-45.69732,-45.00494,-44.27308,-45.1231,-47.747353,-46.942818,-35.590076,-19.739037,-12.495985,-14.090709,-16.702042,-21.876764,-26.673872,-29.70539,-31.040678,-34.129158,-33.28932,-30.97478,-27.878128,-26.881042,-25.794542,-28.634544,-37.957565,-38.32717,-35.353073,-29.483585,-25.587585,-27.26494,-34.195213,-43.87023,-43.77741,-45.564426,-45.888733,-40.919,-38.5154,-37.648964,-34.98654,-35.086826,-38.75174,-41.885635,-46.06524,-15.366334,-8.468899,-11.818001,-20.55361,-27.205196,-29.199074,-32.321323,-33.316555,-34.910084,-38.657692,-36.499863,-34.040485,-27.11645,-27.12925,-33.339123,-37.530823,-38.563423,-31.266422,-24.125084,-25.40652,-31.375904,-38.245132,-39.03644,-41.18165,-41.102997,-41.869564,-40.623936,-39.544384,-39.81426,-41.580128,-42.565517,-43.900017,-45.186256,-44.833878,-20.403149,-10.789503,-11.4834795,-17.294834,-21.452543,-25.97843,-30.585125,-33.84306,-37.08442,-37.255592,-37.922596,-39.223362,-37.588963,-26.401777,-25.876886,-33.459545,-41.29433,-40.03192,-29.330544,-22.49381,-25.967312,-35.734943,-39.1752,-42.1893,-43.751656,-44.31894,-47.523987,-47.838634,-48.7236,-48.998077,-51.0149,-51.0149,-51.0149,-50.166794,-29.090057,-11.434311,-9.478565,-13.641375,-18.430082,-17.48515,-16.241928,-19.33956,-24.058796,-26.882881,-29.259394,-30.020716,-32.28008,-30.066816,-29.19759,-33.176243,-33.733086,-34.591576,-30.317038,-23.057358,-22.720165,-29.339146,-33.456722,-35.70611,-37.474884,-40.09124,-40.456978,-41.799385,-42.804283,-42.543716,-40.35903,-41.154892,-40.894157,-38.25205,-38.564754,-20.975458,-14.19809,-15.981884,-20.029076,-22.977057,-23.519592,-28.898434,-30.490953,-31.317434,-34.56926,-37.92419,-39.568314,-31.563381,-25.614975,-29.325756,-38.2863,-41.515118,-26.664505,-18.230085,-20.170544,-28.492659,-36.65499,-38.977154,-40.9441,-40.566734,-42.393303,-41.832333,-36.52637,-32.30309,-24.501495,-23.107069,-29.977066,-37.842136,-38.125626,-27.160799,-18.286459,-17.336008,-20.770798,-26.530193,-30.418034,-32.623207,-34.184517,-36.3409,-37.78158,-39.305843,-34.98334,-24.633224,-23.832314,-27.751362,-36.044403,-26.89365,-20.082123,-20.498579,-26.811005,-34.155365,-39.348938,-40.673065,-43.90438,-44.43212,-43.9641,-43.615364,-43.792152,-43.819878,-43.41854,-41.365005,-42.361336,-43.05708,-34.87918,-18.894112,-14.463375,-17.447653,-19.715797,-22.353115,-23.070732,-23.96166,-25.63201,-27.07914,-28.136251,-30.041487,-30.793915,-27.890915,-27.228798,-30.59514,-33.102535,-33.248276,-30.298864,-24.96918,-25.401766,-31.33066,-35.989677,-37.59275,-40.094685,-39.585953,-39.258915,-37.40693,-34.736706,-36.70098,-37.86304,-38.732227,-41.132225,-41.876987,-39.89918,-21.214743,-14.423698,-15.879931,-20.62931,-23.343433,-25.144197,-27.33186,-29.323008,-30.982523,-33.018044,-34.550354,-33.925816,-32.839622,-27.310741,-29.275408,-35.86906,-35.892273,-27.523037,-26.524445,-27.534723,-32.256687,-38.07515,-41.35201,-42.434235,-42.192616,-43.320892,-46.60374,-46.748444,-46.37188,-46.042843,-47.348362,-48.76747,-46.1215,-32.808815,-23.603746,-17.755083,-13.900256,-15.603258,-20.09977,-23.476154,-28.625546,-32.22482,-31.749537,-33.400864,-34.157623,-34.60652,-31.744537,-26.789387,-28.104685,-34.083656,-38.728348,-28.48325,-20.642902,-19.98175,-23.55836,-31.23968,-34.5626,-38.640743,-37.78484,-36.850845,-36.54735,-36.40149,-35.159462,-35.526344,-38.056435,-39.27481,-39.6821,-40.744225,-19.356209,-13.505753,-15.729368,-18.282213,-20.411144,-23.064068,-25.53709,-25.201954,-26.86475,-29.541817,-29.569044,-22.32147,-20.118225,-24.546661,-27.795376,-29.441547,-23.372019,-14.904034,-17.505384,-26.345137,-29.224895,-30.139744,-34.13965,-34.156414,-33.544605,-32.873016,-33.308,-34.739563,-34.294575,-31.5904,-26.961973,-24.632704,-23.458496,-22.518541,-20.052794,-15.570595,-16.249134,-19.51551,-20.597054,-22.172144,-24.696234,-26.450155,-27.116024,-25.407318,-25.126867,-26.272228,-26.758347,-23.301838,-19.890516,-25.90271,-26.443594,-22.072515,-24.835625,-25.681862,-26.658195,-30.389545,-31.199268,-30.131207,-32.16637,-36.080803,-35.719547,-35.000908,-32.04489,-31.88795,-32.264904,-34.244274,-34.372223,-32.053173,-25.791151,-13.506127,-12.3903675,-16.056915,-16.953062,-14.636298,-9.63071,-7.7065783,-11.820419,-21.28167,-21.127987,-23.554691,-23.473831,-22.62862,-25.46217,-27.285221,-25.344927,-23.007511,-21.787498,-22.705343,-27.73043,-28.300488,-26.973497,-30.0083,-32.454323,-31.22075,-31.71665,-33.571373,-34.661907,-34.0929,-36.545025,-37.27612,-36.26843,-30.038612,-22.421427,-15.493222,-15.483552,-18.618546,-20.58545,-21.329796,-24.328224,-28.982546,-30.639862,-30.705353,-31.188095,-31.108845,-30.970646,-28.999556,-27.772045,-31.571062,-37.171604,-35.640022,-23.410362,-20.842009,-25.729723,-32.349937,-36.886486,-32.99703,-34.015255,-39.07349,-40.118645,-33.84929,-31.197609,-31.810362,-34.139355,-35.297085,-38.183014,-36.42009,-32.121395,-17.36373,-13.755072,-16.586447,-19.586212,-23.035904,-25.96239,-28.490646,-29.541483,-30.776852,-30.422037,-31.916733,-31.233828,-28.8121,-28.780361,-31.015938,-33.65674,-28.304873,-22.636969,-22.456974,-26.208258,-29.2481,-31.821056,-32.62157,-33.712315,-34.452564,-36.791454,-35.853466,-35.16504,-36.981415,-38.098976,-37.563026,-33.671333,-30.845163,-28.629847,-20.869549,-13.923174,-15.684782,-20.08973,-22.438343,-23.940676,-27.153164,-29.236715,-30.445255,-31.719313,-33.609417,-33.216442,-33.090828,-26.177837,-25.454855,-30.618742,-34.33742,-29.372562,-23.045618,-22.281857,-27.564163,-33.90727,-37.008656,-38.88676,-41.130775,-41.576084,-39.183098,-32.64683,-30.475254,-34.310127,-38.022076,-40.58349,-41.785385,-35.00312,-30.356236,-24.07822,-17.677717,-18.129333,-21.139814,-24.54417,-30.154972,-31.374807,-28.425907,-29.253674,-29.830797,-31.619919,-32.311844,-29.707893,-23.293917,-25.702179,-30.520596,-26.030481,-22.245579,-23.454773,-25.008904,-25.458378,-24.926369,-23.979548,-23.970436,-23.460674,-23.48122,-24.754831,-30.037811,-27.85013,-21.0264,-17.903547,-15.871466,-12.553265,-15.042526,-15.518072,-10.317785,-13.348218,-19.06627,-22.43428,-24.987879,-25.13978,-26.855453,-28.79911,-30.528467,-28.617308,-27.001266,-29.943598,-28.009531,-25.821764,-23.323814,-23.310112,-17.2449,-16.660658,-19.733746,-21.923658,-28.220587,-32.378174,-33.459408,-35.12814,-35.16652,-35.423386,-36.10451,-38.393642,-39.376408,-40.97471,-40.863655,-39.67984,-27.681412,-17.485733,-15.443753,-17.810902,-20.24578,-24.424679,-27.559216,-30.880447,-33.468174,-34.535213,-36.987633,-37.216244,-35.1543,-33.074917,-33.97694,-37.220043,-36.98505,-23.45958,-16.016605,-18.262146,-24.159573,-26.539951,-32.209423,-35.92612,-37.462814,-37.390778,-36.86213,-36.496258,-38.469925,-41.712307,-45.49655,-43.33722,-39.847813,-41.154026,-36.122322,-23.712875,-14.677507,-13.353066,-17.36237,-23.282013,-22.586134,-23.157423,-24.3177,-24.52467,-24.637146,-24.764872,-24.375664,-21.884577,-21.63403,-21.8992,-23.813282,-24.519804,-24.67141,-20.079346,-19.89814,-24.35755,-27.183617,-28.967897,-30.950888,-31.884394,-33.419357,-34.47526,-36.030853,-39.967117,-40.69441,-42.29634,-42.587734,-43.088955,-42.399487,-25.037308,-13.005249,-11.408138,-15.197374,-21.924574,-25.67746,-23.722145,-24.6953,-24.719944,-26.95595,-27.864006,-26.485764,-24.489052,-25.533827,-25.231878,-26.467497,-26.914822,-28.648018,-26.45651,-25.649883,-25.921192,-29.385927,-30.687172,-33.077885,-33.30128,-33.18992,-33.99904,-34.35774,-35.32634,-37.12333,-37.148666,-36.67092,-36.975853,-34.943546,-27.1688,-15.706852,-13.257284,-14.678486,-18.039696,-21.939428,-22.523458,-24.205877,-26.095757,-26.724092,-25.435238,-24.58146,-23.00603,-24.888008,-23.36594,-23.06783,-28.40187,-27.786427,-20.657104,-20.13797,-26.374645,-30.004456,-29.426418,-31.12656,-32.506897,-36.308537,-37.534447,-33.606564,-30.84652,-32.84707,-37.801308,-36.345444,-36.05474,-31.939428,-20.18882,-17.127922,-17.823418,-18.135393,-20.33089,-22.051954,-24.815193,-27.678415,-30.44619,-30.655373,-30.002941,-28.624285,-28.589514,-30.763008,-30.97292,-31.97779,-26.151857,-17.58427,-18.986868,-25.159159,-28.631378,-32.455738,-36.62449,-36.62782,-35.1108,-37.956673,-36.735123,-33.376823,-30.922241,-27.772913,-27.18214,-28.551155,-28.42572,-29.991266,-26.079187,-16.913967,-15.830888,-17.912443,-21.575672,-25.148552,-29.001234,-31.64552,-33.859154,-33.658733,-34.695908,-37.76524,-40.10982,-31.361664,-25.257633,-27.02549,-33.328205,-32.169403,-23.333313,-19.169617,-21.920227,-27.540878,-29.940641,-30.36665,-29.842743,-32.08309,-36.637856,-36.63763,-36.516094,-36.82344,-31.59216,-25.636309,-20.989967,-15.127543,-11.96857,-12.104099,-12.57366,-14.566267,-15.661083,-19.814882,-26.39061,-27.959541,-28.385052,-29.011494,-30.61438,-30.759813,-32.110695,-32.724365,-23.384676,-22.940676,-29.661634,-34.315556,-27.616596,-21.292728,-17.401901,-17.606485,-18.404104,-18.33025,-23.011541,-26.048244,-27.986021,-30.04589,-31.640476,-33.274673,-34.38191,-36.05556,-36.66409,-38.021835,-39.94645,-24.5937,-14.043755,-14.072003,-19.607393,-23.153076,-26.93016,-29.905394,-31.35764,-33.818825,-36.423412,-38.495216,-39.808456,-31.479858,-24.543905,-27.137802,-32.404602,-41.82117,-29.104492,-23.319237,-26.1311,-26.232803,-25.772306,-30.25164,-38.783485,-41.537178,-42.00266,-42.61589,-42.75717,-44.651108,-36.987293,-34.791477,-38.640934,-38.154205,-33.894264,-22.551521,-13.821721,-13.602757,-17.000801,-22.422592,-29.069307,-32.064384,-32.12278,-34.186672,-36.03255,-39.249237,-38.031082,-33.772766,-29.035166,-27.588737,-32.70554,-41.011585,-39.70432,-26.643927,-23.820303,-29.036602,-34.64246,-38.603394,-41.69312,-40.506435,-39.652092,-42.71824,-40.12659,-38.847366,-40.393238,-43.54226,-45.039936,-46.120506,-46.76369,-31.255428,-20.350714,-18.331932,-21.240341,-24.781591,-26.014175,-32.190014,-35.71959,-35.70413,-37.40703,-39.13052,-38.85785,-39.53208,-27.761381,-25.681498,-33.928493,-41.97708,-36.426056,-32.084396,-24.208176,-19.665276,-12.720099,-10.235262,-13.155193,-12.753364,-13.574274,-16.807524,-18.486294,-19.46946,-22.743351,-26.149357,-28.258982,-29.512386,-30.688786,-30.588787,-17.209375,-9.470063,-11.786978,-16.01363,-20.632591,-20.474354,-15.761247,-18.701004,-27.401373,-21.752201,-20.944191,-26.36821,-30.70649,-28.875664,-25.64745,-20.138172,-13.99407,-16.924828,-21.443062,-21.360992,-23.902088,-27.541246,-28.930042,-31.415981,-33.132713,-35.001007,-32.56732,-30.344666,-26.567905,-27.092314,-31.387913,-35.572098,-38.49793,-38.93894,-27.042131,-15.437508,-13.559146,-18.21278,-21.587387,-21.121386,-22.563072,-28.806551,-33.927902,-34.87591,-35.49798,-35.35348,-29.67096,-24.793642,-28.264875,-32.43009,-33.240456,-23.4321,-20.176785,-25.347345,-31.859783,-37.154938,-40.334816,-41.621246,-43.437828,-45.826637,-40.997505,-35.648758,-33.158928,-26.683834,-26.207579,-33.09819,-36.713642,-34.055565,-18.46041,-14.78282,-17.648092,-18.1031,-10.518227,-7.675052,-12.3377,-17.8993,-15.466208,-16.655527,-19.438665,-23.0442,-21.297571,-24.37452,-27.638218,-28.936867,-25.240519,-16.28368,-16.012835,-20.67609,-28.471146,-30.045273,-31.803104,-33.090168,-34.37927,-36.496357,-35.62344,-35.83764,-37.702084,-39.21724,-39.77964,-41.331482,-41.72233,-19.780518,-10.5385895,-11.553192,-15.803116,-19.186138,-21.765938,-23.691105,-24.254108,-26.166399,-28.288113,-28.678883,-29.283401,-30.180082,-28.529768,-28.345066,-33.71864,-38.90953,-39.08956,-33.547497,-26.557905,-26.740522,-33.9549,-42.20905,-40.821667,-43.476353,-47.393425,-44.90198,-38.00359,-34.02408,-30.162952,-32.72175,-34.44391,-31.94525,-29.869823,-29.061804,-19.520523,-14.361039,-15.689172,-20.104713,-23.12632,-24.54173,-26.126862,-27.584476,-28.769608,-30.543724,-31.884756,-32.14483,-33.04935,-28.720009,-27.043522,-29.04453,-26.153728,-26.137894,-20.458622,-19.743229,-26.66523,-33.262398,-35.50708,-38.74732,-42.838093,-43.72278,-44.63166,-45.15221,-43.567814,-44.043312,-45.622467,-48.011974,-43.15767,-31.199434,-20.459827,-16.062443,-15.910059,-18.68155,-19.478197,-21.03594,-23.377438,-24.619968,-26.944103,-27.937319,-29.154339,-32.17319,-26.732414,-24.176666,-28.285236,-34.894928,-34.23437,-21.178947,-18.256514,-24.762486,-31.745987,-33.622925,-34.696735,-35.817787,-38.10278,-38.66092,-39.02278,-37.679325,-26.350964,-25.186834,-28.730595,-27.785336,-26.67339,-31.003624,-21.66092,-18.623499,-17.851126,-18.7975,-20.487795,-21.673729,-22.126217,-23.584007,-28.523407,-30.840733,-30.316698,-28.047768,-28.179955,-30.046688,-33.543083,-34.218098,-25.257751,-16.160135,-14.557506,-16.567383,-18.747948,-22.54617,-27.320356,-27.72881,-26.901752,-25.672234,-25.10227,-22.35418,-20.316446,-19.984613,-20.515053,-21.19162,-21.399445,-21.03656,-18.808899,-13.387142,-12.219826,-14.113987,-16.716116,-17.881338,-20.266754,-21.492165,-20.079586,-19.738138,-20.618412,-22.036491,-25.705664,-26.588232,-26.174442,-25.85997,-23.892128,-21.636765,-16.819288,-15.719191,-19.337662,-23.702808,-24.566807,-26.18149,-27.876598,-27.115135,-27.972677,-27.469135,-26.411322,-28.153944,-29.149237,-29.395731,-29.451077,-29.244198,-33.988167,-27.64498,-17.673439,-14.557493,-14.94752,-18.698792,-21.428185,-22.88393,-25.12617,-27.318733,-28.102884,-30.15443,-31.316435,-28.873674,-22.19675,-22.56381,-27.521427,-30.111826,-30.096495,-21.437786,-20.578732,-27.158201,-35.268436,-39.391552,-40.516693,-40.114155,-40.429016,-39.836697,-40.03267,-41.409283,-43.13986,-40.351673
-26.845198,-28.445406,-30.35107,-31.445429,-34.065098,-35.14377,-34.967144,-35.363422,-29.390385,-25.001633,-30.58111,-37.487064,-37.945026,-34.286697,-23.110584,-21.239231,-26.210077,-33.787018,-40.50434,-41.8321,-42.511528,-43.090263,-42.716164,-39.89393,-32.55981,-29.772655,-28.46836,-29.72025,-32.785793,-35.03653,-30.467422,-15.653097,-12.185627,-14.691853,-19.37535,-26.096745,-29.844807,-31.86691,-32.255375,-34.90011,-34.39969,-30.067518,-30.640717,-30.34603,-28.148386,-30.95722,-32.989353,-30.31176,-27.224648,-27.602806,-28.833366,-32.26625,-37.35943,-40.09611,-42.225433,-41.69284,-42.541084,-43.268208,-44.22297,-44.553017,-44.40376,-45.73494,-48.573265,-47.3235,-38.068054,-23.312672,-16.140493,-16.147438,-16.893047,-20.306253,-24.803057,-31.35558,-33.141712,-33.853985,-34.35771,-33.783173,-35.837227,-35.439053,-28.945055,-30.28306,-35.366856,-37.25688,-35.105007,-27.155376,-22.600176,-26.226818,-36.90027,-41.082806,-42.38682,-43.036385,-44.48726,-41.008488,-35.323357,-32.199615,-33.762592,-33.98815,-37.14042,-40.924515,-40.05516,-18.688124,-11.979266,-14.872494,-20.169827,-25.200787,-30.166178,-32.804104,-35.492634,-38.504967,-39.116188,-38.586193,-35.43545,-27.032108,-26.591434,-33.075703,-37.936768,-36.645798,-32.719845,-28.86877,-28.268347,-33.051476,-36.93622,-40.052856,-41.335545,-42.25885,-43.042473,-43.53329,-41.705547,-42.090664,-43.202633,-44.22696,-46.477642,-45.789448,-43.979317,-20.281712,-10.080057,-9.414892,-14.393724,-22.56446,-27.40915,-30.541506,-34.28707,-34.409714,-33.986515,-35.623135,-36.224255,-35.201344,-26.612425,-26.095257,-34.08033,-38.505367,-38.73627,-28.022232,-22.294292,-26.145638,-36.006847,-40.381107,-41.537827,-42.598907,-43.584408,-44.549866,-46.83129,-47.184406,-48.276752,-49.811672,-48.706238,-47.475628,-47.284542,-26.671677,-8.428743,-6.8904686,-15.455166,-21.596966,-20.358458,-17.744444,-18.533142,-23.116667,-27.676147,-30.231495,-32.221954,-33.018375,-24.493124,-23.398293,-29.831469,-32.744328,-33.94794,-34.321995,-26.006811,-25.063812,-30.36659,-35.391724,-36.381447,-37.11152,-39.535526,-39.940865,-40.23123,-41.954212,-42.49104,-41.117664,-38.382675,-34.18422,-30.509598,-31.695183,-25.42419,-17.382496,-18.314476,-24.755774,-26.385649,-28.171389,-29.952375,-32.03949,-34.707283,-35.40464,-36.99792,-37.93428,-28.616076,-22.636652,-27.343302,-36.945164,-39.435875,-26.107296,-16.600561,-17.615273,-25.266415,-35.99263,-36.958748,-38.32444,-40.501083,-41.98983,-42.80652,-40.202793,-34.70295,-27.521793,-24.972994,-29.714403,-35.05583,-36.004276,-31.064264,-22.32728,-20.259588,-23.620394,-27.624634,-30.47601,-31.87722,-34.631092,-36.015156,-35.636868,-34.25024,-33.073864,-26.691732,-26.30624,-30.505459,-37.2523,-28.768333,-20.315289,-18.670269,-23.946676,-33.30421,-35.60399,-38.303505,-39.306305,-40.877384,-45.453247,-43.410896,-41.38095,-42.4886,-41.130768,-39.881004,-41.482872,-43.719727,-32.87311,-17.039722,-13.822962,-16.513449,-19.825415,-23.776789,-22.690962,-22.407892,-21.999245,-22.244207,-22.99908,-24.557491,-24.869446,-22.471483,-22.659283,-26.346722,-25.766758,-25.494005,-24.684711,-20.459217,-22.116817,-28.364534,-29.093372,-30.645802,-33.65909,-32.37385,-31.948355,-32.27693,-31.04359,-34.365772,-36.02562,-34.84765,-37.646706,-39.33658,-38.617207,-21.511772,-13.253102,-14.311924,-20.092928,-22.961498,-24.61929,-24.629192,-25.420246,-26.336596,-27.239906,-29.676575,-30.554132,-27.721804,-23.71241,-25.893867,-31.323912,-32.890198,-27.361496,-25.770737,-25.168306,-28.441078,-34.28248,-39.044888,-40.220108,-38.86456,-38.473965,-40.761627,-40.45225,-39.539974,-39.408264,-41.712692,-43.602097,-40.440674,-32.79988,-24.63279,-19.148798,-17.244226,-19.277632,-19.455778,-21.629902,-23.988773,-24.29939,-23.157137,-24.696266,-27.375362,-31.0065,-28.22599,-23.919,-26.42003,-33.391747,-33.178955,-26.890018,-18.714489,-18.445293,-23.898037,-28.90235,-29.61323,-31.376663,-31.07931,-30.102415,-30.35985,-29.854452,-28.577595,-28.707579,-30.730854,-31.553127,-32.129192,-33.81661,-20.268448,-15.203076,-16.389055,-19.757227,-24.307938,-25.520384,-25.126055,-27.41914,-30.219818,-32.302467,-31.676891,-23.534239,-18.6797,-21.40036,-26.645956,-28.864985,-23.44334,-17.252764,-18.3711,-24.606754,-28.356686,-29.761236,-33.109356,-32.697716,-34.1289,-33.39932,-31.677002,-30.190039,-27.958515,-27.71848,-26.184498,-24.29576,-21.886246,-20.473362,-20.620947,-15.551108,-15.909785,-17.428724,-18.670288,-18.433311,-20.531977,-23.417427,-23.51846,-22.52513,-22.094742,-23.52992,-24.640226,-23.946589,-22.619421,-24.730417,-24.581146,-22.483921,-22.16689,-20.63432,-22.983093,-26.835108,-28.928202,-29.924631,-32.73174,-31.06448,-30.93377,-31.58909,-30.378597,-29.778019,-30.901117,-32.76084,-32.566345,-30.320591,-25.82836,-16.04255,-14.198937,-16.513142,-19.4316,-15.204977,-10.460114,-9.261667,-13.953239,-22.501572,-26.501965,-28.386288,-28.936377,-28.02143,-27.84467,-29.692976,-28.476665,-26.511318,-24.79191,-24.516766,-26.609657,-28.10047,-28.657778,-32.224243,-32.04969,-33.28719,-33.61084,-34.450623,-34.584507,-34.809196,-34.84617,-34.09818,-31.58617,-27.653702,-21.37166,-13.457945,-13.1083765,-14.8786545,-18.803875,-23.418678,-25.302994,-25.732475,-26.622307,-28.128633,-30.057999,-32.11805,-35.215244,-27.617624,-25.394812,-30.558529,-35.180286,-33.05484,-23.577496,-20.43088,-24.993753,-33.280033,-35.917946,-31.757137,-33.018326,-35.5607,-36.600624,-31.28832,-27.279222,-27.030275,-31.519169,-32.09244,-33.111652,-31.859356,-28.254805,-14.093544,-11.414424,-15.979724,-17.91573,-20.382137,-20.280285,-21.63882,-24.279202,-25.120546,-25.890621,-28.99747,-28.115685,-26.839146,-24.315588,-25.126057,-29.013626,-26.454002,-22.923029,-22.973225,-24.733274,-24.661905,-27.18148,-28.834898,-28.475727,-28.929802,-31.674496,-30.558683,-29.331158,-30.618546,-30.812246,-30.732412,-29.011108,-27.473318,-27.360916,-19.388412,-12.311445,-13.198408,-17.015982,-19.56657,-20.668257,-22.419445,-22.56517,-23.503134,-24.560709,-27.40084,-29.280891,-30.53671,-27.181725,-26.776869,-28.906918,-29.408102,-28.820278,-25.011581,-23.384668,-27.85412,-34.07648,-35.718006,-34.752033,-34.553482,-34.81528,-32.25348,-25.87741,-24.687153,-29.583284,-32.91966,-33.364567,-35.146805,-34.164642,-30.345602,-22.746353,-15.893951,-16.549225,-21.685093,-24.287712,-29.555458,-31.851406,-31.772413,-33.34715,-32.108448,-28.122644,-25.059538,-24.780544,-21.747372,-21.897026,-23.341385,-20.988075,-20.012024,-19.812798,-18.348051,-18.554031,-20.261967,-20.240112,-18.172657,-16.752047,-16.737288,-20.532724,-24.24044,-23.788946,-21.800983,-19.5834,-12.798351,-10.1913595,-13.592714,-14.824357,-11.187196,-14.755684,-19.770222,-24.15577,-26.951641,-26.14927,-27.753479,-30.184177,-27.868652,-26.975338,-25.941631,-27.537987,-25.361706,-23.73964,-22.348452,-24.652939,-20.262585,-17.651314,-20.765839,-27.087177,-33.56211,-35.60456,-37.580227,-36.83632,-36.942223,-36.315605,-36.34779,-38.88344,-41.32592,-43.093525,-42.57067,-42.352036,-28.359905,-15.637235,-13.513471,-17.462128,-21.317041,-24.164799,-26.31994,-25.747826,-26.66616,-31.27882,-34.279587,-33.04184,-31.4973,-33.05333,-35.181854,-35.06151,-33.51792,-21.379309,-14.65047,-18.040981,-23.472893,-27.938206,-32.346035,-33.84366,-35.320522,-36.1906,-36.37337,-38.167473,-38.678154,-41.831264,-45.22399,-43.990074,-42.116695,-42.14787,-37.59787,-26.49543,-17.109684,-14.759594,-18.121813,-25.925476,-28.245892,-28.957615,-28.459091,-27.711222,-27.844566,-27.807072,-27.247152,-24.64027,-24.965542,-24.79876,-26.052343,-26.836708,-26.14878,-20.312752,-20.130396,-24.201468,-28.656094,-33.095554,-34.185905,-33.150944,-32.753693,-36.28902,-37.95932,-41.20235,-42.29799,-45.143715,-43.66012,-43.287086,-43.021923,-21.787987,-9.628182,-9.568152,-14.9483385,-22.305656,-28.433529,-29.1898,-28.288267,-29.776287,-30.370703,-30.889627,-29.185875,-27.109844,-27.634708,-26.134102,-26.974733,-28.572405,-31.161266,-21.40216,-17.138544,-20.99707,-28.046696,-31.683996,-33.48361,-33.721355,-34.47358,-35.75826,-36.319626,-37.368744,-39.56098,-39.543507,-38.684685,-39.245678,-34.762207,-25.043156,-15.641335,-12.789194,-15.812878,-20.666561,-22.812836,-23.334827,-25.477655,-27.1011,-27.323132,-26.734276,-26.598799,-24.771587,-26.375654,-22.859741,-22.978518,-30.415546,-30.056236,-20.655323,-19.231585,-24.465982,-28.986576,-30.277187,-33.927883,-36.031822,-38.19122,-39.30824,-37.72516,-35.5045,-38.839005,-44.378643,-44.77495,-40.9636,-32.30572,-21.444876,-15.999719,-16.15497,-18.91791,-21.510448,-23.910696,-25.898273,-28.340946,-30.325016,-30.128126,-30.093782,-28.993671,-28.78545,-30.675985,-31.346224,-32.812798,-23.784554,-15.0301895,-17.111668,-22.094086,-25.538128,-30.97557,-35.07568,-36.263145,-36.13796,-38.156914,-36.375713,-35.047516,-32.344852,-27.61177,-26.783325,-29.704752,-32.349277,-34.21035,-27.943495,-17.014301,-14.834566,-18.244846,-22.946836,-26.747591,-28.795696,-32.067635,-34.210762,-36.339497,-37.83,-36.114418,-34.666588,-27.9623,-23.51379,-27.03687,-33.357426,-34.134842,-26.407528,-22.250402,-26.368837,-34.33301,-35.387306,-32.62198,-30.258842,-30.884499,-32.14153,-31.45049,-31.647434,-30.35749,-25.442705,-21.720695,-19.01426,-13.337366,-11.933224,-12.604822,-12.442127,-13.997212,-18.151958,-21.06981,-25.637217,-25.08621,-24.80049,-25.943186,-27.281227,-25.657549,-25.196098,-28.679276,-23.944761,-23.595715,-28.519972,-30.15495,-26.761696,-21.60112,-17.669851,-17.377302,-16.990927,-19.890032,-25.40163,-30.50935,-29.98763,-29.603657,-29.17186,-31.381367,-32.14954,-33.886993,-35.371124,-37.426872,-37.502815,-22.163757,-12.201104,-12.982425,-19.652094,-24.714067,-26.225246,-28.775013,-32.187923,-35.01628,-35.20967,-36.111023,-36.960007,-28.715328,-22.039536,-24.352123,-28.060375,-36.506847,-26.973377,-20.863676,-23.329706,-28.937363,-31.367039,-36.501,-41.351547,-41.415176,-43.075012,-44.21981,-43.78321,-41.80787,-34.39383,-32.645943,-34.9267,-36.05129,-33.725525,-25.336235,-16.984919,-15.8007765,-18.772781,-23.668423,-26.400646,-31.403711,-32.107285,-34.48579,-36.560257,-37.92213,-38.872513,-34.41135,-26.903543,-26.183064,-31.299173,-37.792576,-38.169067,-30.682278,-26.079586,-26.955639,-30.805763,-36.10991,-39.053112,-40.7787,-41.31178,-42.200146,-43.93371,-42.15416,-42.78677,-43.254642,-45.031544,-46.606407,-46.01803,-28.149729,-17.859951,-17.345318,-18.825184,-23.563648,-28.355522,-31.536766,-34.822727,-36.90406,-37.497456,-39.08132,-38.702057,-38.08008,-29.970524,-28.072336,-34.459312,-40.099148,-39.947933,-30.375866,-22.297253,-19.163057,-14.850485,-8.545609,-7.8246737,-8.273853,-10.123349,-14.144987,-19.36707,-20.726234,-23.445742,-25.175638,-26.69294,-26.345379,-26.614311,-27.74501,-17.862732,-10.018859,-11.989812,-16.533886,-20.653893,-20.490658,-15.976697,-16.496685,-24.632591,-21.448269,-20.392817,-26.474422,-28.679062,-27.826447,-26.14392,-22.052069,-15.725025,-18.068512,-19.996136,-19.946836,-22.85147,-29.095352,-28.698025,-29.94509,-31.332502,-32.49234,-28.892763,-26.934696,-25.338844,-24.138878,-25.846577,-29.68967,-32.05189,-33.39734,-25.380478,-15.071804,-12.32655,-16.132496,-21.583225,-21.134628,-23.77103,-29.330503,-33.24948,-34.875828,-34.490337,-33.641212,-28.87772,-24.540146,-26.914522,-30.736214,-30.93002,-19.512854,-15.107809,-20.801098,-29.29424,-35.315063,-38.16973,-38.041412,-40.496353,-42.339535,-37.731976,-34.362755,-34.00662,-27.671036,-26.43394,-32.936134,-38.01719,-34.314537,-18.035671,-14.206995,-17.37392,-15.991842,-9.85409,-8.423998,-12.608404,-17.981688,-11.7655,-11.513527,-16.857347,-23.040928,-22.478897,-23.114786,-25.85691,-28.108969,-24.784866,-16.71579,-16.06182,-21.151993,-27.76788,-29.552717,-31.323664,-35.049126,-35.791393,-34.22715,-34.963062,-38.36178,-39.809376,-40.681503,-39.715603,-40.945847,-41.150646,-23.201145,-13.874332,-13.739486,-16.236414,-21.664223,-26.274685,-26.153732,-29.511032,-30.09119,-28.807192,-28.980442,-30.697596,-31.50095,-24.038849,-24.373426,-32.14721,-35.560097,-35.852516,-31.764217,-25.237297,-26.881077,-33.09199,-37.988735,-40.100388,-40.659927,-40.837807,-41.147537,-34.21368,-31.882671,-30.541996,-31.5073,-35.00991,-38.259884,-39.73221,-33.783806,-14.272732,-10.0725,-14.277835,-20.289343,-22.579992,-22.198936,-24.859749,-26.728708,-26.490627,-29.14188,-29.917961,-29.558956,-29.230383,-24.643879,-23.316595,-27.47609,-27.565178,-22.430004,-19.060146,-18.878506,-24.90932,-33.019768,-33.32086,-35.23732,-40.039665,-38.898476,-40.42984,-42.112183,-39.271156,-39.154057,-42.63124,-44.62185,-41.658722,-32.089485,-16.590216,-12.897371,-17.330345,-20.758112,-20.35418,-23.42001,-24.15662,-23.953915,-28.171783,-26.835978,-26.03703,-29.27843,-28.434204,-26.760689,-29.118444,-32.522076,-30.34666,-22.691025,-18.481096,-23.527218,-33.903828,-35.249004,-36.039623,-36.386024,-39.062733,-38.46518,-37.146694,-35.610935,-25.206814,-24.253061,-30.101786,-27.25937,-26.36002,-31.470982,-19.382988,-17.416367,-21.197708,-24.059582,-24.426203,-26.744728,-28.234035,-28.851501,-31.094822,-31.26465,-32.17376,-33.02543,-30.989344,-30.289068,-33.243362,-31.641588,-23.210236,-12.045727,-11.8857155,-17.693989,-19.310272,-22.099014,-26.90841,-31.427973,-31.077682,-27.889635,-25.750551,-25.61013,-24.638195,-24.380419,-23.14655,-24.986277,-25.414076,-26.68409,-23.49628,-16.672684,-14.883282,-17.456343,-17.564789,-18.998444,-22.218418,-23.358004,-21.451569,-22.74433,-25.546492,-25.747587,-26.56215,-25.870132,-25.544855,-26.6309,-26.156052,-22.587158,-14.350343,-12.141656,-16.430412,-21.180141,-21.820305,-24.12369,-27.226686,-27.80727,-27.54095,-30.392914,-31.840195,-32.488438,-31.36557,-28.835754,-28.519,-28.591518,-32.763752,-26.415796,-15.081643,-11.758786,-14.291132,-21.683407,-22.889498,-23.52383,-24.72458,-27.658178,-28.551964,-30.648205,-29.790302,-25.724802,-19.595932,-21.229582,-26.94559,-28.841263,-29.500164,-21.188126,-19.615654,-24.232067,-29.490002,-36.491295,-36.92019,-37.897537,-36.46324,-37.429935,-41.471786,-42.18454,-43.484272,-43.079933
-26.399042,-26.234568,-27.835863,-30.175924,-31.322449,-30.473877,-30.192507,-30.623991,-26.726038,-23.12672,-28.103619,-33.97489,-34.257435,-31.677807,-21.521267,-21.001728,-29.651459,-36.54881,-37.56763,-38.378468,-39.1945,-40.638542,-39.141914,-37.392097,-30.991226,-27.883646,-27.24739,-28.788164,-31.950115,-34.570423,-30.538874,-17.100294,-13.89963,-16.261124,-21.947361,-26.213928,-28.612053,-33.657585,-34.51007,-36.517483,-37.18063,-32.19981,-33.127876,-29.941786,-27.738478,-30.644161,-34.499733,-28.542826,-24.618687,-26.639317,-28.732449,-32.852654,-36.926086,-39.03034,-40.754604,-41.936993,-42.31165,-42.194565,-44.170727,-44.54167,-44.883327,-46.04055,-47.201958,-47.4769,-33.91198,-25.135857,-19.692667,-19.395624,-19.060377,-22.378044,-26.476242,-30.18902,-32.10345,-32.31299,-33.481655,-33.92687,-35.339565,-33.276802,-25.007427,-26.592598,-35.278934,-37.46334,-33.50716,-24.579681,-22.413078,-27.906368,-36.794575,-38.63772,-39.52526,-40.185165,-40.856,-39.073982,-36.140522,-32.23563,-31.81035,-33.930912,-35.959496,-40.01451,-41.042423,-21.60821,-13.422385,-15.088706,-19.992722,-22.816675,-28.643478,-32.74605,-35.37818,-37.267956,-38.768143,-38.385765,-33.88712,-27.492771,-27.296307,-32.05968,-35.9517,-36.399788,-31.073515,-23.673779,-23.739832,-31.615982,-36.772125,-37.803776,-40.150963,-40.512856,-41.57892,-41.84565,-39.63635,-39.22463,-39.545063,-40.868492,-42.20976,-44.672733,-44.780937,-20.313068,-10.81376,-11.954325,-16.053968,-20.686672,-25.301096,-27.631891,-31.12193,-32.07416,-31.40753,-32.829285,-32.87492,-33.263218,-30.991196,-29.444925,-33.251793,-35.963905,-37.644833,-31.779537,-26.02062,-28.484098,-35.711884,-38.547905,-38.733402,-40.5371,-41.389122,-42.310738,-45.373493,-44.42695,-44.47876,-46.23845,-45.92679,-45.36427,-45.736294,-27.624165,-9.273624,-7.7673745,-16.490145,-20.598637,-18.632658,-17.271873,-19.259432,-23.996851,-24.198969,-26.898182,-30.104425,-30.396221,-24.088346,-23.014496,-28.900854,-31.54093,-32.562004,-30.746117,-21.91066,-23.060177,-33.05423,-36.01475,-35.452847,-36.24065,-37.92903,-39.512524,-40.245686,-41.604923,-41.66764,-39.30955,-35.317062,-29.744781,-26.179813,-28.482655,-29.305084,-19.383707,-17.911894,-21.33844,-21.91952,-23.840933,-28.076225,-30.194538,-31.97504,-31.665634,-32.457066,-34.076782,-29.12431,-24.752016,-28.102934,-32.85133,-35.928535,-30.242043,-20.523575,-19.699337,-24.614262,-33.8118,-36.31678,-35.889805,-38.36455,-38.749474,-39.4229,-37.993015,-33.35068,-26.530136,-24.631872,-30.861967,-36.02376,-38.697697,-28.907545,-19.581863,-16.356102,-19.04988,-21.105135,-23.981752,-27.399906,-30.480158,-30.955935,-30.833477,-28.92167,-30.018805,-26.194191,-24.90528,-30.049746,-36.54207,-31.421982,-23.006004,-20.766829,-26.080912,-35.199936,-36.40797,-37.518738,-36.771866,-37.329895,-43.991737,-43.45743,-39.87372,-40.394207,-40.623466,-38.948887,-40.556976,-42.743683,-30.728687,-17.360107,-15.234558,-16.907679,-19.409922,-24.143154,-25.146423,-23.63321,-24.112862,-25.458212,-26.799683,-27.299122,-26.208675,-25.304169,-25.76778,-28.045996,-31.019833,-33.80885,-30.352371,-21.320312,-21.808605,-28.398008,-32.436226,-34.229504,-35.14438,-35.593025,-36.621357,-38.081593,-36.251812,-35.215317,-35.359238,-35.42629,-35.682182,-37.467365,-38.41794,-16.24606,-9.342081,-13.155289,-20.696142,-22.448418,-26.498528,-30.53173,-33.93679,-36.09095,-34.302193,-32.16851,-32.486435,-30.965082,-25.25914,-27.088243,-33.13609,-34.015587,-26.588928,-23.353268,-21.23127,-27.692085,-36.712036,-39.070328,-40.9873,-42.611115,-45.085808,-43.868896,-42.560123,-43.895996,-45.465324,-45.144466,-45.70827,-45.2975,-31.069574,-24.812332,-18.91447,-16.107536,-18.467363,-19.686806,-19.985163,-21.670773,-23.48421,-23.852957,-24.685154,-26.03297,-28.54055,-28.108242,-23.142126,-24.837936,-30.226229,-32.642784,-27.886295,-19.347443,-19.379408,-25.203236,-29.859627,-31.999968,-32.983032,-34.900833,-36.166668,-37.293556,-35.26911,-33.333363,-33.89135,-36.879383,-38.09419,-40.771027,-43.38138,-20.987953,-15.117288,-16.283228,-19.17709,-22.549305,-23.984264,-25.225134,-28.464317,-31.160782,-31.06536,-29.292091,-25.343575,-20.861914,-20.350372,-22.728233,-24.873484,-21.636484,-16.453165,-17.022629,-21.175835,-25.593414,-28.276405,-31.800014,-33.72448,-34.27272,-33.20333,-29.601784,-26.49335,-27.287123,-27.626682,-24.568398,-22.586681,-20.623508,-19.13071,-18.996933,-16.57522,-16.397514,-17.243765,-18.396793,-17.347048,-20.53275,-22.686111,-21.618967,-20.562752,-21.77211,-22.578205,-22.597868,-21.875626,-20.966341,-22.676401,-21.92255,-22.0525,-20.70739,-18.54277,-19.726536,-23.623713,-26.120293,-28.301447,-31.900726,-33.653835,-34.510254,-31.988602,-29.773102,-27.517263,-24.307255,-21.847256,-20.41847,-21.465303,-22.322948,-16.961246,-15.686741,-17.71436,-19.911488,-15.650512,-9.707038,-9.250315,-14.167456,-21.843565,-25.790474,-26.961594,-25.949177,-22.51025,-21.850195,-24.986876,-25.553978,-24.323975,-23.38596,-23.904497,-25.783243,-28.50152,-27.173763,-30.00019,-30.627686,-33.956734,-35.533596,-32.409176,-32.62255,-32.137226,-32.60097,-31.381596,-30.141165,-28.636324,-20.846935,-9.651515,-9.619394,-15.158023,-20.785423,-28.167236,-30.402317,-30.109463,-30.23741,-28.39462,-28.295143,-29.731838,-34.470943,-30.867622,-29.732655,-33.873287,-35.75318,-35.517586,-24.097946,-20.952171,-24.361462,-31.709145,-37.09411,-32.175766,-33.752716,-39.5721,-39.229588,-34.647964,-30.589657,-28.066816,-29.012104,-29.999756,-30.785456,-32.090008,-29.847748,-14.406485,-12.054583,-17.373869,-22.15701,-26.667507,-27.692764,-27.936018,-31.868895,-30.750963,-27.815912,-28.1201,-30.663773,-27.67421,-26.02393,-28.03405,-31.534286,-29.114935,-24.633572,-23.950363,-27.484476,-30.312365,-30.452305,-31.009602,-33.832134,-36.717525,-39.23922,-40.73483,-35.87681,-35.079964,-40.631424,-40.63427,-32.482506,-28.639326,-27.54969,-18.493599,-10.470026,-10.584328,-15.2868595,-22.628794,-28.651073,-31.218777,-30.04669,-30.182545,-31.25962,-32.38799,-32.606422,-30.792618,-29.205719,-28.69396,-31.626547,-33.24785,-31.991892,-27.016659,-26.793497,-30.86187,-35.195297,-38.695168,-39.649323,-39.014965,-39.91284,-38.628597,-29.998722,-27.278746,-28.97182,-30.583593,-31.68587,-33.744465,-30.41824,-25.569117,-17.510452,-12.344556,-14.29784,-19.636253,-26.609468,-30.750332,-31.485197,-32.25441,-30.239346,-24.994358,-22.770864,-20.962025,-20.400946,-19.97424,-21.334803,-22.892967,-21.488638,-19.882557,-18.900785,-17.61385,-18.166767,-22.52577,-21.467571,-20.042124,-19.523123,-18.90575,-21.558321,-27.037777,-26.884457,-25.734047,-22.084019,-12.9302025,-10.735034,-12.589816,-16.502308,-15.242063,-16.295473,-18.634102,-24.101572,-27.48805,-28.552406,-30.159348,-30.658466,-29.736893,-29.801567,-29.71907,-28.708836,-27.515842,-26.846252,-28.393505,-28.905878,-21.458103,-17.418396,-18.166216,-24.691143,-35.00605,-35.95321,-34.026573,-35.207577,-35.86593,-35.95272,-36.588787,-39.577175,-41.34498,-41.12538,-41.0259,-43.128357,-27.13827,-13.647783,-12.68227,-19.651348,-23.612148,-23.614674,-24.75713,-25.691296,-26.814451,-29.670849,-30.65857,-29.02219,-27.536648,-29.790537,-32.86957,-33.67313,-31.430475,-23.167944,-16.085949,-18.814615,-23.667261,-27.539104,-31.54482,-32.86589,-35.19725,-35.38547,-34.81085,-35.91735,-39.297325,-43.4626,-43.196217,-41.047382,-40.821396,-41.09461,-36.877068,-22.030851,-12.972635,-13.0365925,-18.142832,-25.889843,-30.043089,-30.534342,-31.038496,-30.813646,-31.973442,-35.23148,-35.131184,-33.74481,-25.489645,-24.737606,-29.546995,-37.70108,-28.76047,-18.545734,-19.110682,-26.984097,-34.09044,-37.379562,-37.972504,-35.51926,-35.993965,-40.104298,-43.135307,-44.91787,-45.9267,-46.84506,-46.409065,-47.760666,-46.63056,-23.239403,-11.3884945,-10.896007,-13.781495,-21.735575,-29.162752,-31.417677,-32.496464,-34.004616,-35.349735,-35.609406,-35.485493,-35.36252,-31.82931,-28.419323,-31.657413,-36.4223,-35.69728,-21.922579,-18.237305,-22.804653,-29.487595,-28.632782,-33.7065,-38.087574,-42.499092,-43.093983,-42.99859,-46.00305,-48.687305,-47.74112,-49.716106,-49.937874,-39.05201,-27.153095,-16.022718,-14.486922,-17.110802,-21.32557,-25.431776,-28.470564,-32.525246,-35.92553,-35.740406,-34.07515,-35.016693,-37.416084,-33.196407,-25.07387,-24.051485,-30.311842,-28.420248,-20.38038,-19.915987,-24.007866,-30.025322,-36.109394,-38.445415,-38.368942,-43.16749,-43.81998,-44.169632,-40.222473,-41.183323,-45.79327,-47.26735,-42.37229,-32.45769,-23.072691,-18.390034,-18.46711,-24.837378,-30.45074,-33.001358,-34.81581,-35.515724,-35.232586,-31.994562,-33.89331,-39.52143,-41.3477,-42.018703,-43.82382,-43.45798,-23.28411,-13.241426,-15.030304,-24.542843,-27.274109,-32.365295,-35.574436,-35.205635,-36.078285,-36.41248,-34.50707,-34.716854,-34.098907,-34.55713,-36.368362,-35.837425,-35.718494,-31.295347,-24.483906,-15.283917,-13.138529,-16.547039,-20.25115,-23.05702,-25.68443,-29.481602,-31.728746,-32.939404,-32.3905,-30.78939,-29.996296,-28.167732,-25.021582,-26.948597,-29.890356,-29.926569,-24.012539,-18.51279,-21.958244,-31.065895,-36.193893,-34.229313,-30.396004,-30.212193,-32.032665,-31.989254,-31.363295,-30.072157,-27.531473,-25.133879,-18.43515,-14.476393,-12.186145,-12.226659,-13.157185,-15.086888,-18.039299,-21.564444,-23.632309,-24.136322,-25.079432,-26.214659,-26.873835,-25.326271,-27.093674,-30.139303,-28.841347,-27.566711,-28.831833,-30.82227,-24.27032,-19.55788,-18.924356,-16.79917,-15.234141,-18.787827,-25.587482,-29.908398,-27.742252,-27.628044,-28.131393,-28.139622,-29.547554,-31.338778,-31.748226,-34.29875,-35.41224,-22.732458,-13.007896,-14.164932,-19.924673,-23.550255,-25.01488,-26.208008,-30.176394,-32.307198,-31.84879,-31.793167,-31.554976,-29.773905,-24.910622,-24.508327,-26.447159,-32.929756,-26.024555,-20.21837,-22.831554,-28.970785,-31.24134,-35.45244,-37.62574,-38.64312,-40.75136,-41.062912,-39.47644,-38.65329,-32.072266,-31.168217,-34.801254,-37.081257,-33.284306,-23.895805,-15.53671,-15.9204855,-20.149889,-22.501858,-26.680517,-32.798912,-34.32449,-35.73811,-35.50163,-36.35689,-38.616264,-34.20039,-27.987259,-28.580364,-32.87019,-34.00471,-34.6189,-26.231396,-22.677938,-24.92495,-29.831335,-32.601826,-34.49355,-37.263992,-38.405865,-40.191044,-41.928196,-41.483616,-40.929565,-41.399536,-42.77142,-44.122143,-43.853302,-29.949116,-18.73695,-18.913704,-22.991217,-24.032585,-27.288933,-29.63873,-31.252584,-33.580307,-34.077602,-34.610897,-33.907497,-34.077564,-29.82269,-28.271122,-32.23661,-35.608776,-37.211414,-27.147133,-19.479141,-15.636391,-11.440344,-8.667127,-8.070129,-7.794593,-9.883243,-12.999015,-19.166344,-21.230705,-23.499926,-25.085,-26.728397,-25.427856,-26.037388,-27.409689,-19.113287,-11.004854,-13.213594,-17.95591,-20.661118,-17.580282,-13.796178,-15.336046,-24.489843,-22.55812,-22.00019,-26.074368,-27.912556,-26.787556,-25.145243,-23.740856,-15.989369,-16.433508,-15.38589,-16.125042,-24.330208,-28.023977,-29.420202,-30.959011,-29.898716,-29.92071,-29.555357,-29.59908,-29.60308,-27.409868,-26.988237,-28.613184,-30.21635,-29.760067,-25.575113,-15.855579,-10.179001,-12.76167,-19.87719,-18.80617,-21.281555,-27.14318,-29.582405,-30.650513,-30.608372,-30.10929,-27.57931,-23.529133,-26.184427,-30.422184,-31.670158,-21.410295,-16.852535,-21.907768,-30.766241,-37.621677,-37.63352,-37.260082,-39.105038,-38.67613,-35.879433,-34.514145,-31.382778,-24.121199,-24.933508,-31.265842,-36.997303,-34.001453,-21.692846,-18.146626,-19.295656,-14.712122,-8.47509,-7.6351404,-11.874544,-18.047482,-14.078221,-11.55108,-15.593972,-22.12985,-19.125353,-21.864876,-24.877113,-28.532364,-26.752016,-21.657694,-19.514622,-23.107033,-28.7883,-31.803114,-34.387623,-36.054047,-35.92948,-36.322716,-36.4635,-38.424717,-40.458485,-40.529057,-40.613613,-40.481163,-41.60084,-29.446543,-17.569002,-13.56861,-14.96292,-19.626657,-22.307215,-21.307598,-26.654305,-27.807304,-24.259016,-24.064884,-26.56985,-28.081379,-25.319016,-24.639736,-28.18454,-31.142002,-31.640568,-27.267109,-20.879066,-22.499826,-29.652687,-33.44382,-35.668163,-35.90442,-36.50621,-37.929157,-36.412903,-37.582428,-34.234097,-31.491673,-32.681007,-37.67796,-42.455982,-34.07944,-12.8879595,-9.260065,-14.622855,-20.318417,-24.791004,-27.924511,-26.343243,-26.582726,-28.028347,-32.265076,-35.461685,-32.05371,-31.56765,-26.45447,-23.652718,-26.340876,-26.910885,-23.983833,-23.191265,-21.600828,-26.064457,-33.75111,-34.416138,-35.712482,-38.95622,-41.625877,-42.577606,-42.35838,-41.56608,-40.67282,-41.985268,-44.103397,-40.945393,-28.900309,-17.01344,-13.082466,-14.907769,-18.116413,-22.096592,-27.070408,-34.76546,-33.427242,-31.49563,-28.32314,-27.376858,-27.036907,-26.324778,-24.982645,-28.671682,-34.52435,-31.66959,-22.162628,-17.438904,-21.661526,-32.003773,-34.103477,-35.92424,-35.93927,-36.648518,-37.14525,-37.547054,-37.31017,-26.89217,-24.394024,-27.434364,-24.651222,-23.921566,-29.788704,-20.687702,-16.68868,-17.577488,-22.746056,-23.27099,-24.342825,-28.696997,-30.685175,-28.997404,-28.71038,-29.84577,-31.607409,-32.05959,-31.150969,-31.71762,-32.86405,-23.612211,-12.266044,-12.19478,-17.431458,-18.258741,-20.029835,-26.097725,-30.50782,-30.831356,-27.420538,-24.599731,-25.787123,-27.464619,-29.428568,-28.13047,-28.071936,-28.450249,-28.570917,-23.90563,-18.242424,-15.889538,-18.959042,-23.035683,-26.494728,-26.93219,-27.70547,-29.607498,-26.12751,-27.842855,-30.113657,-29.196398,-23.18176,-22.57597,-26.616488,-25.542173,-23.312113,-15.33248,-13.24666,-19.247976,-20.182774,-19.34593,-23.763311,-28.603844,-32.665524,-36.25461,-34.84796,-33.0979,-32.316654,-30.187256,-27.252934,-25.741339,-26.355486,-30.81539,-21.476894,-10.866141,-10.528057,-16.170162,-20.143574,-21.699125,-23.458479,-26.935741,-27.500288,-30.790325,-31.396389,-24.526842,-22.269812,-22.577312,-22.598276,-25.259338,-29.30564,-28.107908,-20.853184,-18.87299,-22.823286,-30.067766,-34.63405,-33.994736,-35.710075,-33.245426,-34.082077,-39.166317,-42.282593,-43.001858,-43.011776
-25.9137,-27.666388,-30.376865,-33.38237,-33.638603,-33.041428,-35.452015,-35.959984,-32.54737,-29.999142,-33.830467,-35.62151,-34.911674,-32.01409,-22.461964,-22.22614,-31.650013,-38.056343,-42.517967,-43.13054,-40.431488,-41.543255,-43.181805,-33.650158,-25.089832,-25.39701,-26.597675,-24.895573,-24.679224,-26.036976,-26.82103,-19.697126,-14.6159935,-15.043136,-20.164034,-22.478458,-25.768726,-27.558414,-27.887226,-27.910088,-26.810387,-22.280619,-21.977375,-22.785656,-22.16515,-24.150621,-22.955784,-23.696024,-23.311455,-22.64227,-25.489504,-29.574463,-33.471977,-34.01793,-34.27493,-35.846405,-34.57377,-33.71969,-32.491367,-33.341938,-34.620422,-34.94943,-36.409916,-38.981598,-33.980717,-26.03613,-20.926973,-19.492327,-19.743,-21.786516,-23.833843,-24.336596,-27.309103,-27.531868,-30.949305,-28.679455,-30.014933,-31.681625,-24.757786,-26.538574,-35.643425,-33.697945,-33.24814,-27.174189,-24.002472,-28.708557,-37.729332,-40.988445,-41.9521,-38.98689,-40.340134,-42.04315,-30.516144,-25.90086,-25.872845,-30.388111,-34.640125,-32.722935,-32.200703,-24.294996,-15.976736,-17.086506,-21.709454,-26.298428,-30.904377,-33.15809,-34.415466,-35.540897,-34.32922,-35.66884,-27.50893,-22.748976,-24.960936,-29.658888,-29.45255,-31.558836,-30.44182,-24.60569,-25.614985,-31.213285,-35.270878,-36.382507,-34.92151,-35.636765,-38.791206,-37.34446,-35.869022,-36.77708,-38.222965,-39.533775,-40.49177,-41.119507,-41.620804,-21.967896,-12.094709,-12.982312,-19.005884,-23.71746,-29.711313,-32.81905,-32.657043,-35.789677,-41.168472,-38.351604,-35.148663,-35.603996,-33.833008,-30.851248,-34.34066,-38.73311,-36.56077,-31.31973,-26.787157,-29.46971,-36.150642,-42.40632,-43.869026,-42.691376,-41.010933,-42.60504,-44.065804,-46.691116,-45.997253,-44.522285,-44.649506,-47.68699,-48.81004,-31.184216,-12.12937,-9.537258,-14.239828,-17.283504,-17.36527,-16.627142,-17.62239,-20.18604,-22.309923,-25.62826,-27.666157,-30.236853,-28.336315,-26.087553,-29.116459,-30.616781,-31.551945,-30.286257,-23.127882,-23.925858,-30.470177,-34.52424,-36.666542,-34.26001,-37.140762,-40.992836,-41.31897,-43.661007,-42.004494,-40.027546,-35.23938,-29.565075,-26.387428,-28.116562,-25.093538,-17.203648,-18.150356,-21.635105,-22.16792,-25.313387,-29.906885,-32.279,-32.632023,-30.521852,-29.35625,-31.611195,-29.794128,-26.638422,-29.85912,-36.31765,-35.26949,-27.574842,-19.184986,-20.042982,-26.672049,-35.088825,-34.72031,-37.208115,-41.964664,-38.727833,-37.468372,-35.001335,-28.11065,-23.679121,-23.248463,-25.898106,-26.563736,-27.133858,-21.147738,-15.045584,-17.001722,-20.784723,-22.981457,-26.411053,-28.766705,-30.265865,-32.30936,-31.848896,-30.492868,-32.54397,-28.884438,-26.379349,-30.450085,-38.008583,-32.811684,-26.315796,-22.19721,-23.49576,-34.46157,-40.377487,-43.223686,-44.181595,-45.42687,-45.068897,-44.997715,-43.318886,-43.351864,-42.442497,-43.863987,-45.681004,-47.253685,-29.696901,-14.914427,-13.146578,-14.783125,-17.289257,-19.958118,-22.453533,-22.772278,-24.514235,-26.970222,-27.873419,-25.339691,-23.506365,-23.109413,-23.635313,-25.135212,-25.778297,-28.752857,-28.475924,-22.77126,-23.997717,-29.66815,-32.413616,-33.06353,-34.351673,-35.038662,-37.958042,-38.05758,-32.43236,-31.021605,-33.40298,-36.728294,-37.217735,-35.08522,-33.6876,-18.60594,-11.771956,-13.5356655,-17.899656,-20.721432,-23.43897,-24.847763,-26.728289,-28.556273,-32.05381,-32.78842,-31.016571,-28.79946,-24.5155,-26.769773,-31.518364,-28.071413,-24.771196,-23.959541,-22.293022,-26.071575,-31.091095,-33.628075,-30.94471,-31.500301,-36.346775,-34.180073,-33.88668,-38.986416,-43.48431,-39.432903,-39.22416,-42.84596,-34.36969,-26.301859,-18.413212,-14.416131,-15.199318,-18.429358,-20.550503,-20.423946,-21.627258,-25.771408,-29.710272,-26.894344,-26.413374,-28.436749,-27.819725,-28.08178,-33.032925,-35.128223,-27.038933,-16.297552,-16.559437,-24.101526,-28.849003,-29.569704,-31.91903,-33.121754,-34.88247,-35.173145,-33.581295,-32.457005,-33.82522,-33.44071,-33.672466,-36.057613,-38.125774,-26.148655,-19.335176,-19.002403,-19.746504,-19.332226,-17.74297,-19.077951,-21.09188,-23.789185,-26.22366,-23.791533,-19.901756,-20.309643,-19.929459,-20.392904,-21.852886,-19.402359,-16.218555,-16.526024,-17.416878,-20.159752,-24.104805,-27.526821,-27.936602,-28.837803,-30.350937,-29.436642,-28.832432,-31.358864,-30.076725,-26.232822,-23.322693,-20.31288,-17.910793,-17.037762,-15.8786955,-15.766173,-16.160831,-17.221874,-20.023851,-21.451523,-21.010487,-21.637184,-20.525667,-18.893438,-18.650011,-22.509579,-24.436987,-22.449884,-24.433546,-24.684467,-22.385416,-21.26689,-20.196213,-21.476086,-24.876196,-28.576715,-31.124582,-32.8234,-32.017418,-32.024406,-31.05544,-25.675848,-22.531576,-23.135948,-21.9543,-20.995766,-20.83421,-20.06069,-16.714495,-15.388035,-16.743725,-17.447556,-15.994286,-11.235696,-9.509977,-12.700676,-20.950043,-24.75631,-28.29814,-24.472744,-19.42987,-18.211687,-20.188892,-21.602798,-24.529873,-22.443808,-22.573254,-25.705215,-29.088768,-30.207975,-29.874634,-28.552254,-30.156475,-31.322021,-30.909863,-31.023119,-29.034235,-31.171026,-32.54976,-30.757885,-30.061304,-22.38884,-11.186932,-11.296344,-16.118858,-19.32906,-18.550198,-19.880474,-22.993746,-22.505226,-24.423458,-27.562735,-28.340225,-30.84394,-27.982828,-26.792639,-31.545221,-36.35768,-34.484924,-26.050869,-22.77679,-27.307026,-34.914673,-35.87804,-33.138298,-34.717075,-36.49441,-36.127167,-31.435345,-28.534681,-28.23032,-28.52845,-27.365688,-29.703163,-32.686176,-28.891325,-23.264023,-17.788227,-16.157848,-16.988897,-18.688807,-20.844463,-24.124186,-23.612137,-26.231777,-27.148169,-24.006605,-25.320614,-27.7234,-25.745869,-26.35866,-31.98698,-27.384575,-24.245495,-25.929127,-23.905262,-24.067204,-27.490974,-26.943626,-27.19918,-29.352406,-31.3997,-32.645306,-28.312843,-28.593504,-32.69144,-35.751003,-31.787663,-27.662848,-25.71502,-19.942442,-12.56653,-11.096235,-14.477398,-16.530407,-18.119694,-20.867607,-23.963173,-27.374228,-32.16891,-30.724756,-30.007551,-32.899784,-27.842892,-26.705761,-28.09823,-28.69251,-26.974335,-23.978874,-24.416264,-28.23139,-32.117702,-35.934036,-34.35392,-33.673176,-35.752792,-37.64534,-29.249584,-26.441624,-30.020374,-32.576477,-33.836792,-35.13987,-29.014387,-24.069687,-18.024174,-12.638901,-14.429895,-20.115469,-26.154432,-29.245653,-32.776215,-30.005898,-25.059282,-21.900269,-19.97431,-19.868496,-20.93002,-20.790485,-21.211329,-22.151443,-22.093243,-21.886375,-21.89009,-19.562637,-19.861675,-23.922653,-24.68042,-23.077175,-22.97986,-24.289616,-27.054794,-28.84896,-30.394993,-27.998146,-21.748642,-11.178072,-9.08229,-12.267338,-16.364782,-15.4391575,-14.449768,-18.015959,-20.15197,-19.084824,-21.217287,-22.655163,-22.88904,-24.524273,-23.39238,-22.563866,-20.651749,-19.713818,-20.774157,-22.737965,-24.397848,-19.59121,-16.889467,-20.625801,-24.850834,-30.136404,-35.17122,-31.895668,-31.99184,-33.09235,-33.85994,-35.298115,-37.69754,-40.059547,-39.399345,-40.0624,-40.181446,-28.608376,-14.906698,-13.35964,-18.131708,-22.992832,-23.65677,-29.683485,-27.706894,-25.100336,-28.400114,-36.42729,-36.969036,-36.43389,-34.068367,-32.97473,-35.85808,-35.668613,-26.174238,-17.85373,-19.155508,-22.718573,-23.95561,-30.741207,-31.049362,-31.930145,-33.23445,-34.4358,-38.388905,-40.9572,-42.03386,-40.566597,-40.028732,-39.42546,-39.542027,-38.35292,-24.649658,-14.789095,-14.5051365,-18.00961,-25.642487,-29.02774,-28.71725,-27.728922,-27.962353,-28.761864,-29.333097,-25.74871,-24.637383,-23.926113,-24.585344,-26.819073,-30.301662,-28.602219,-23.32762,-24.312126,-28.132984,-30.540146,-32.116974,-35.273327,-34.858902,-36.060287,-38.82602,-41.822224,-43.877987,-43.05094,-44.885147,-47.87284,-46.55104,-42.886345,-24.98193,-14.351477,-13.525381,-15.854137,-22.42503,-26.483822,-26.569782,-28.602882,-29.024998,-30.406036,-32.133656,-32.033646,-27.943382,-27.447296,-27.93027,-28.688004,-30.635374,-31.513731,-24.936367,-22.281807,-27.7022,-33.44912,-31.913807,-36.444427,-39.2841,-40.57047,-44.234413,-45.83357,-47.240314,-46.886734,-46.435627,-48.757507,-47.288506,-38.09418,-26.78062,-16.72791,-14.934799,-15.381732,-20.02792,-24.665968,-27.82994,-30.617636,-31.04955,-31.939846,-27.306917,-23.7277,-25.393505,-25.176167,-23.548012,-24.449028,-26.56788,-25.660238,-20.67984,-19.071201,-24.293133,-32.039993,-36.87276,-35.162167,-36.19906,-40.11074,-37.990932,-37.733257,-40.028465,-41.533325,-42.383057,-44.67901,-43.380028,-34.22148,-23.005438,-17.216944,-17.502705,-23.341225,-26.285183,-27.25467,-30.630905,-30.526037,-30.687563,-28.703564,-29.012188,-32.66094,-33.175194,-35.316628,-36.072685,-36.512367,-25.401325,-15.27101,-16.73311,-25.926535,-28.943268,-29.947502,-29.422838,-28.947123,-31.198608,-30.971336,-30.952532,-32.673218,-31.541502,-30.511648,-31.80022,-30.833076,-31.485426,-30.357265,-26.132832,-18.083721,-15.903179,-19.096106,-23.43618,-24.569557,-26.37592,-28.949434,-29.96304,-29.989174,-29.970516,-30.80551,-33.44834,-29.933712,-25.481342,-28.909138,-30.068535,-29.306261,-26.142467,-21.830433,-24.478283,-31.949501,-36.47444,-35.150776,-32.31681,-33.456432,-36.025616,-33.889954,-32.059757,-31.023996,-29.27408,-26.150377,-18.663408,-13.645316,-11.300612,-11.940236,-14.074999,-15.593295,-17.906954,-20.906715,-22.502937,-25.772402,-28.313938,-28.891745,-30.777618,-26.775097,-24.942005,-28.319815,-29.634232,-29.588614,-29.225876,-28.234194,-23.929644,-18.339207,-16.2332,-15.824508,-15.731778,-17.104534,-23.314436,-25.886322,-24.643686,-25.680199,-26.148005,-27.332487,-29.213165,-30.106724,-32.577637,-34.182972,-33.779495,-24.183826,-13.806601,-14.09258,-19.247923,-26.570433,-29.65787,-33.36212,-35.663155,-37.75789,-38.478382,-42.0019,-42.391533,-35.230816,-29.159643,-30.92358,-34.59366,-41.36734,-28.386011,-21.931057,-24.379784,-29.621618,-34.496536,-38.173122,-42.9596,-47.13685,-46.156788,-46.316605,-41.75891,-40.508987,-35.34103,-33.85073,-36.105434,-37.412758,-31.751509,-22.269056,-14.077176,-14.860729,-19.803865,-24.014732,-25.50416,-26.89351,-28.286016,-30.608868,-31.04815,-32.93615,-35.573887,-32.56384,-27.387913,-29.207436,-36.990574,-36.07499,-33.49676,-26.650425,-24.90493,-28.745146,-33.82194,-36.598175,-38.412666,-43.09116,-42.22261,-42.525295,-42.555206,-44.95056,-45.347374,-46.391396,-45.537514,-47.511196,-46.837463,-29.44768,-18.90677,-17.515776,-20.881025,-26.56945,-32.6293,-35.788315,-35.721573,-37.136543,-38.478878,-37.910095,-36.43967,-39.23106,-29.86876,-28.255968,-34.260788,-42.24674,-41.244843,-27.415266,-20.080002,-14.372026,-11.866421,-9.645098,-7.7272882,-7.7289114,-8.671879,-11.267094,-16.502844,-18.21044,-21.75329,-22.932302,-21.752953,-22.592985,-25.368362,-26.646994,-19.419764,-12.129097,-12.740629,-16.692804,-22.492435,-18.103994,-15.777894,-18.889994,-26.977406,-22.841381,-20.145147,-23.467817,-27.980888,-29.489614,-28.134735,-23.534348,-15.309553,-15.811743,-18.556198,-19.08667,-26.097832,-28.143845,-30.433123,-32.780506,-33.55755,-33.601894,-32.92691,-32.98882,-31.66689,-29.534237,-29.832703,-32.22667,-34.932373,-31.29534,-25.947594,-15.782375,-13.816853,-16.297527,-20.881798,-20.026693,-20.272198,-25.774927,-30.78419,-30.30648,-30.781796,-30.716763,-26.162083,-22.146923,-25.76662,-32.143036,-34.53891,-24.49924,-18.69261,-21.380642,-30.51407,-37.893593,-35.239872,-36.75301,-40.05384,-39.893135,-34.81376,-28.85641,-28.060608,-23.986626,-25.518822,-30.020779,-30.835247,-29.28572,-18.029821,-15.247305,-19.519,-18.838741,-11.513232,-5.211814,-6.497898,-14.160377,-12.225699,-9.031114,-12.521458,-21.166496,-19.241377,-22.9504,-27.194435,-26.738697,-25.310972,-23.579033,-22.01633,-24.130047,-29.819262,-31.201939,-31.167728,-31.793596,-33.581978,-35.24781,-34.39501,-35.380928,-36.96283,-36.843727,-35.951633,-35.577366,-36.475697,-32.089764,-18.037474,-12.35968,-14.862752,-22.960768,-29.839973,-32.45054,-34.207645,-34.316975,-35.485912,-38.341087,-38.400806,-36.905872,-29.272202,-26.395649,-29.69783,-40.82954,-42.786148,-26.058321,-19.883596,-23.342896,-34.05452,-38.34326,-40.415462,-43.492737,-44.22785,-44.907852,-37.064392,-33.81297,-31.540031,-31.77965,-33.663704,-38.85743,-41.41096,-34.134747,-13.205937,-8.935608,-14.396004,-21.012444,-22.983353,-26.507404,-28.017405,-32.043766,-35.265537,-33.76986,-34.70368,-33.31897,-31.195795,-26.566216,-26.175076,-29.935287,-27.580853,-23.291111,-22.315739,-23.517914,-28.897419,-34.929893,-35.945133,-37.962215,-40.514885,-40.47937,-39.845306,-42.393402,-43.62265,-43.036964,-45.895367,-44.488415,-39.013287,-28.756247,-21.611702,-17.102797,-17.576792,-20.018446,-21.602463,-22.600399,-26.678837,-28.925121,-29.198206,-32.96265,-32.399937,-31.879663,-26.706621,-24.269444,-28.257868,-33.71174,-33.05757,-23.277254,-19.564997,-24.766779,-32.95098,-35.14271,-38.28826,-37.051323,-37.304314,-36.479736,-37.426792,-37.92751,-24.622515,-22.445316,-26.235645,-25.720263,-25.080473,-31.89232,-21.734083,-17.41483,-15.503508,-19.550024,-26.564749,-25.459116,-23.464436,-26.307598,-30.466118,-31.316479,-29.764328,-31.76514,-35.603733,-32.924248,-33.45733,-35.12039,-26.754555,-16.399776,-15.702589,-16.879158,-17.553885,-19.922668,-25.123695,-29.287678,-28.84082,-28.928146,-26.75512,-23.916649,-24.733192,-28.153334,-32.388073,-31.450136,-31.955061,-33.0671,-26.36353,-19.059593,-17.77274,-20.815517,-23.55727,-23.6344,-23.244766,-25.950546,-27.324554,-26.24506,-26.74899,-25.284979,-24.998497,-26.371498,-24.446238,-25.238905,-25.780878,-23.894753,-19.33613,-16.850727,-19.963314,-23.444332,-24.632149,-27.45331,-29.797089,-30.754616,-32.89811,-33.604797,-33.575977,-30.808847,-27.756517,-24.707039,-23.138706,-23.362682,-27.963104,-23.430426,-14.174677,-12.6405945,-15.798182,-19.377796,-23.072197,-25.499336,-23.095362,-21.33753,-23.119923,-23.379246,-20.741673,-17.868252,-17.57282,-18.713634,-20.516071,-26.521166,-30.01167,-24.825066,-22.922508,-27.205477,-34.55134,-37.671524,-39.07402,-39.974247,-38.83995,-40.59688,-42.418633,-44.0591,-44.113518,-40.710987
-23.680271,-25.47658,-27.167725,-28.50084,-29.805923,-30.740406,-32.01484,-33.008064,-31.633663,-28.996078,-31.381968,-33.85383,-33.3889,-32.129433,-25.152903,-23.963022,-29.991604,-35.7088,-37.857574,-39.37965,-39.282013,-40.109753,-41.134613,-36.81747,-28.536373,-27.548218,-28.415945,-27.383814,-27.419281,-29.053194,-29.351807,-20.229767,-14.732896,-15.67581,-20.29927,-22.13173,-24.67674,-27.63671,-28.804884,-28.4299,-27.484816,-23.668978,-23.967442,-25.099522,-24.27285,-26.352692,-25.44067,-25.576614,-24.256117,-21.342712,-24.481285,-29.976511,-35.265457,-35.811695,-36.009365,-37.68157,-36.414215,-36.264687,-34.932526,-35.86883,-37.30805,-37.421803,-38.386158,-40.955715,-38.079277,-26.701633,-17.725021,-14.5906105,-16.422052,-18.829079,-21.815863,-23.758736,-26.007885,-26.618597,-28.727722,-28.379614,-29.498608,-31.721647,-28.574318,-29.681122,-35.447975,-34.411083,-33.40507,-29.093859,-25.86812,-29.500029,-37.668427,-41.912506,-42.542614,-39.596554,-39.98968,-42.549232,-34.566597,-29.551125,-27.82322,-30.924892,-36.213352,-34.86283,-33.87747,-27.29248,-19.2629,-18.30838,-19.14794,-25.321915,-29.195564,-32.446625,-34.05748,-36.077877,-35.68335,-36.391083,-29.838476,-25.367561,-27.473919,-31.250717,-31.454039,-33.28045,-29.538641,-23.84062,-25.92208,-31.203655,-37.094265,-38.157063,-36.526936,-37.22976,-40.346676,-37.62308,-34.586338,-35.314842,-37.892433,-38.88932,-39.00945,-40.355145,-40.258556,-27.111872,-17.319439,-15.639481,-16.564676,-20.061886,-24.951183,-28.854132,-29.934254,-31.537174,-32.762493,-33.266006,-33.30131,-33.463882,-30.727749,-30.487236,-35.11586,-37.732903,-36.220795,-29.869337,-26.368418,-30.057919,-36.609615,-41.100674,-40.893253,-38.358818,-36.72815,-39.435055,-42.767563,-43.064976,-41.679367,-42.44732,-42.221596,-43.945236,-43.855156,-32.85955,-15.363087,-12.591167,-15.96569,-17.541893,-18.491425,-18.695076,-17.757345,-20.805729,-22.80135,-21.246622,-23.833744,-28.422031,-27.07282,-25.451897,-28.660622,-31.224136,-31.59602,-29.49609,-23.33336,-24.532314,-30.4884,-34.18092,-35.29384,-34.942387,-36.882523,-37.239407,-38.348427,-40.191227,-40.952988,-39.77651,-35.38317,-30.418392,-27.467892,-28.946001,-22.915289,-15.221241,-15.856731,-18.678444,-20.819962,-23.400291,-28.433325,-30.118744,-29.73529,-29.159191,-28.909523,-29.017471,-28.536425,-26.608065,-29.476833,-33.853897,-34.06766,-30.282494,-22.325188,-22.624151,-27.54339,-34.415142,-35.048397,-36.585316,-39.512383,-37.643898,-36.682056,-35.6791,-29.418133,-24.706707,-24.574951,-27.867002,-28.437387,-29.238813,-23.06443,-16.196722,-15.607214,-18.79739,-22.178152,-25.67377,-27.836113,-28.81685,-29.252338,-29.505663,-29.318274,-30.673233,-26.549303,-26.517303,-31.010532,-36.129913,-33.634243,-23.418293,-22.248297,-27.207048,-34.688103,-37.783363,-41.329575,-42.293545,-42.151966,-43.208427,-42.779663,-41.155277,-42.467636,-42.89258,-44.926586,-47.42991,-49.956722,-33.61321,-19.324718,-14.770187,-14.79725,-17.181217,-20.997784,-23.468847,-24.49668,-26.170313,-28.0299,-28.583239,-27.247787,-26.11356,-24.649456,-24.53512,-27.513783,-28.564339,-30.899712,-30.145786,-24.77401,-25.907047,-30.975441,-34.269375,-34.929287,-36.16421,-37.667545,-39.53208,-38.920437,-33.32923,-29.26167,-29.692024,-32.181458,-33.712124,-34.648693,-34.678402,-25.545885,-16.321972,-13.895106,-16.68251,-20.524975,-23.940826,-25.007652,-27.396183,-29.45448,-32.131126,-32.59949,-31.882982,-31.894577,-28.715317,-30.062569,-33.529564,-30.355717,-25.390512,-22.688866,-21.33855,-26.91541,-33.33962,-36.329647,-34.17061,-34.86852,-38.76351,-37.236565,-37.21116,-42.000626,-45.724533,-41.964993,-42.212517,-45.100918,-32.64106,-25.464432,-17.33494,-14.260894,-15.011732,-18.068523,-21.859718,-22.23264,-23.408453,-25.73183,-26.92554,-26.600103,-27.236807,-29.252083,-29.016611,-28.627956,-31.60902,-33.214573,-29.191559,-19.696915,-20.084019,-26.293736,-30.130903,-31.45009,-33.738205,-34.961887,-36.183285,-37.057175,-33.174076,-28.61969,-28.766802,-28.646587,-29.871563,-31.904942,-33.443913,-23.15363,-15.977919,-16.047043,-17.082315,-16.934526,-15.5348625,-17.22098,-20.856155,-23.988663,-27.08209,-25.253153,-21.382416,-22.05923,-19.01556,-18.467463,-22.270042,-20.029484,-16.032597,-16.868881,-19.511047,-21.432606,-23.079412,-25.596712,-28.797249,-30.009323,-29.650974,-28.548637,-29.846323,-30.34339,-31.626125,-29.134233,-26.081253,-24.017527,-23.510345,-20.080242,-14.158469,-14.114581,-16.832026,-19.191277,-21.611355,-22.329334,-22.137346,-21.45533,-20.67519,-18.39271,-17.139843,-18.682816,-20.672306,-20.224354,-20.664064,-19.088627,-18.595795,-20.207027,-18.442608,-18.182455,-21.94499,-25.447952,-25.80118,-29.059122,-30.735382,-29.150448,-25.721745,-20.32108,-19.549805,-22.05451,-20.7843,-20.032764,-19.436304,-18.47176,-15.998041,-13.520068,-14.451256,-17.53957,-14.80527,-11.46027,-9.783271,-10.674145,-19.781311,-26.521622,-25.9399,-20.57596,-16.331423,-14.695293,-15.365206,-16.932278,-19.974743,-22.255575,-24.204796,-26.514847,-27.91096,-26.510946,-25.742847,-25.84414,-23.58585,-22.261848,-22.296078,-23.504253,-26.421577,-26.359482,-24.57399,-25.291813,-26.78983,-22.965528,-13.553522,-12.988033,-15.845154,-20.036583,-20.536821,-22.030754,-24.821043,-24.528786,-25.747192,-27.960083,-29.890617,-32.20682,-30.11615,-29.154774,-32.08819,-35.99943,-34.988968,-27.523127,-24.779587,-28.608215,-34.606384,-36.087097,-32.10914,-33.439552,-38.617332,-37.804085,-34.002605,-29.782188,-24.31044,-23.770565,-23.89271,-25.399246,-28.388645,-29.442078,-19.80504,-15.392097,-16.251701,-17.615164,-20.610855,-22.7934,-25.208061,-25.074505,-26.616371,-26.516619,-25.692558,-26.585705,-26.974552,-26.932516,-28.11914,-33.511482,-28.685974,-21.002579,-19.907627,-24.896076,-24.771679,-22.93338,-21.540802,-23.342892,-25.310894,-27.368193,-29.313637,-26.396772,-25.566767,-28.370651,-34.320007,-32.092583,-27.810877,-26.2167,-21.571524,-15.503192,-12.641449,-14.638825,-18.344913,-20.112755,-22.833626,-25.47388,-28.03523,-30.244404,-28.990234,-28.767979,-30.863092,-29.18664,-28.379356,-29.389889,-30.10829,-28.830078,-25.304539,-25.900246,-30.997713,-34.6651,-37.815174,-36.958256,-36.35738,-37.920807,-36.837196,-27.04226,-23.673382,-25.542744,-27.837313,-28.372849,-30.12318,-29.342236,-24.308403,-18.803116,-14.05931,-15.221195,-19.515804,-24.662466,-27.3604,-27.868595,-23.584656,-20.841248,-20.243378,-19.204212,-18.829493,-19.053762,-20.560114,-20.282295,-19.942192,-19.453821,-18.849371,-19.46227,-19.825876,-21.247356,-24.686758,-23.66885,-22.571985,-23.276897,-24.988823,-26.87258,-26.887539,-27.87025,-24.770878,-19.865273,-13.086381,-11.560922,-12.977119,-15.570688,-14.276688,-14.562081,-18.040007,-20.57868,-20.46812,-22.617863,-23.994919,-24.964266,-26.401726,-24.923323,-21.14207,-18.13668,-17.563276,-18.78271,-19.430573,-21.505596,-18.781506,-16.58508,-20.583479,-25.081789,-29.1431,-33.643738,-32.509445,-30.99364,-31.223867,-31.532246,-32.84944,-34.99585,-35.33787,-34.832,-36.89941,-38.957474,-30.51407,-19.128916,-16.796577,-19.112915,-22.293215,-24.234943,-26.963997,-26.216412,-25.534708,-27.575165,-30.876423,-31.801807,-33.24198,-35.17001,-35.681305,-37.84107,-38.33188,-23.697512,-16.671413,-20.139112,-24.983334,-25.451714,-29.872383,-31.187744,-32.93133,-34.51794,-35.935844,-38.54736,-40.39077,-38.448853,-38.077415,-37.232834,-38.319588,-39.01809,-37.045128,-28.520336,-17.18328,-13.246866,-16.075098,-20.088741,-24.448812,-30.430332,-31.464355,-31.401558,-31.658823,-31.684874,-31.612297,-33.44598,-28.277893,-27.58284,-32.327694,-35.734932,-33.383022,-25.774336,-25.767044,-30.453602,-35.905807,-38.226616,-40.193085,-36.549202,-37.593636,-43.489784,-45.897514,-46.442604,-48.095818,-48.36231,-49.415634,-49.836517,-47.831734,-27.691154,-16.86782,-15.178772,-17.206295,-23.19721,-26.638422,-30.371159,-33.533333,-36.340378,-37.02767,-36.800266,-34.881054,-33.891182,-30.242764,-27.512892,-32.82561,-39.657406,-37.39481,-28.162952,-25.57622,-30.122616,-32.231842,-28.91368,-34.536594,-41.828438,-44.45649,-47.309937,-48.239708,-50.94812,-51.0149,-47.806072,-49.179382,-46.417507,-33.64622,-26.431118,-16.615784,-15.262223,-17.104597,-21.281282,-24.93185,-27.101744,-29.381683,-33.715195,-36.113968,-35.61364,-33.985855,-36.87962,-33.04772,-27.128942,-28.571465,-36.329582,-32.91362,-25.26368,-22.74872,-25.44359,-34.327663,-40.83902,-38.94586,-38.900208,-46.324112,-47.8006,-45.45313,-41.724945,-41.44358,-46.044006,-46.76262,-43.19778,-33.904274,-23.671972,-15.348862,-15.047567,-20.320911,-24.114204,-29.460562,-31.857595,-33.25712,-32.51744,-28.390924,-29.974165,-36.836704,-40.09755,-42.68683,-41.000412,-37.153687,-27.478504,-17.767206,-18.354902,-23.423748,-26.078476,-29.318542,-30.662167,-31.448793,-32.902695,-31.425507,-30.796396,-31.057167,-29.125193,-28.049568,-29.361755,-30.930616,-34.574223,-33.56563,-28.018167,-18.717838,-15.854883,-16.794613,-19.355614,-23.097937,-25.18499,-27.610962,-29.00666,-29.5316,-29.450274,-29.963448,-31.525076,-27.172207,-23.268335,-26.884775,-25.769308,-24.680368,-24.830265,-24.092442,-25.062265,-30.84045,-34.30721,-34.266655,-34.988346,-33.955215,-34.158092,-32.640743,-31.461243,-31.500017,-27.990664,-23.843592,-19.2868,-14.028273,-12.15749,-12.509313,-12.891612,-15.489932,-16.977486,-20.62883,-22.324656,-24.135475,-25.785683,-25.705826,-25.931833,-26.87185,-26.027084,-28.023018,-27.599365,-27.203312,-28.89496,-28.597095,-24.19407,-19.164532,-18.671713,-17.759907,-15.260218,-17.425247,-22.550045,-22.902271,-23.963793,-25.681725,-26.488867,-28.663593,-31.033518,-30.217365,-31.04168,-33.606457,-33.893322,-27.287476,-16.915688,-15.110502,-17.424156,-21.661165,-24.2293,-26.378273,-27.08658,-27.980062,-28.486443,-29.460999,-30.74322,-29.271944,-24.907356,-27.165796,-31.276562,-33.473564,-30.07993,-24.136774,-25.582413,-29.336533,-30.714666,-35.032146,-38.154583,-38.572536,-39.978184,-41.204887,-39.24988,-36.64987,-34.82033,-34.540844,-38.07282,-37.637012,-31.901396,-26.222527,-20.031729,-17.17684,-17.875397,-21.094265,-23.892025,-26.306524,-28.170664,-30.53777,-31.052876,-32.98096,-35.581303,-31.945608,-27.72317,-29.336971,-34.57397,-35.70773,-34.58835,-29.107454,-27.446228,-30.988035,-36.471596,-37.94503,-39.597336,-42.7305,-42.314934,-43.017433,-42.990837,-44.188408,-45.840775,-46.393753,-44.79718,-43.76028,-41.176224,-33.185486,-20.735287,-17.947538,-20.066374,-23.476202,-26.23214,-30.317825,-31.999475,-33.212776,-33.658115,-33.431847,-34.053837,-35.368114,-27.880596,-26.296738,-32.272427,-39.663967,-40.811142,-30.1344,-21.277702,-14.778198,-11.305026,-9.2238035,-7.626712,-7.7830625,-8.990975,-11.333923,-16.79626,-19.487074,-23.244913,-24.09872,-23.02782,-23.723986,-27.954977,-27.460407,-24.037872,-17.765804,-15.686864,-16.819313,-19.391537,-16.020636,-15.501337,-17.664886,-25.005714,-20.8206,-19.73668,-24.590637,-29.78267,-26.958733,-24.535084,-24.54627,-19.250721,-20.895908,-22.996065,-22.996862,-26.471306,-29.932936,-30.93501,-31.753403,-33.40113,-31.581066,-31.397911,-29.976097,-29.244041,-28.138306,-28.894943,-31.28329,-33.908447,-31.978127,-26.808987,-16.292355,-14.915659,-17.401451,-19.801989,-20.677193,-19.768208,-22.887613,-28.162138,-29.333975,-29.903471,-30.459751,-26.25336,-22.320938,-26.609755,-32.60651,-34.660942,-24.975851,-19.909555,-23.920353,-34.147816,-37.377285,-34.835808,-37.1982,-40.628773,-40.13781,-37.363052,-31.38108,-29.993313,-26.59971,-26.064194,-30.339787,-32.245735,-31.095764,-19.877203,-16.65257,-18.924955,-17.511816,-10.9739895,-5.3527994,-6.244159,-12.901469,-12.995831,-10.373426,-12.576799,-22.2497,-20.630913,-21.253208,-23.446838,-25.506403,-25.775488,-22.841051,-21.956123,-24.7587,-29.081001,-33.606213,-33.258617,-30.851448,-30.270683,-32.440186,-35.04525,-34.657448,-36.55666,-37.8624,-37.918747,-36.284042,-37.90026,-25.89375,-15.238037,-13.149514,-14.942303,-21.595917,-24.95816,-27.181717,-28.76663,-28.606266,-30.812853,-32.650166,-33.153034,-35.491035,-33.714527,-33.33497,-35.96795,-38.70517,-41.080738,-23.728523,-18.22597,-22.875935,-33.00553,-39.243977,-39.768665,-41.124504,-42.241974,-42.80949,-38.075787,-34.249664,-30.71502,-28.59563,-28.98145,-33.34544,-39.064163,-32.507893,-16.71778,-12.463259,-15.900888,-21.2095,-23.213615,-25.189573,-26.2761,-28.918499,-30.773006,-32.349514,-34.395878,-31.071117,-29.672451,-27.15476,-26.30688,-30.092949,-28.876492,-26.156738,-24.634724,-24.69297,-30.121185,-34.529957,-36.82115,-37.116455,-38.29252,-39.442345,-40.03096,-40.85093,-41.548683,-41.137943,-41.570015,-41.95621,-38.362682,-28.701801,-23.36776,-17.885725,-16.448406,-17.396975,-17.882168,-19.46788,-24.578281,-27.453022,-29.212727,-29.735367,-28.46514,-27.249567,-25.211094,-24.41719,-29.462532,-32.866764,-30.854843,-22.585814,-20.509691,-26.834183,-31.7337,-33.82865,-36.579105,-37.805378,-37.894737,-38.083767,-39.42404,-40.58087,-29.231026,-25.944927,-28.73493,-28.780586,-28.192293,-33.43952,-22.065037,-16.600454,-16.451706,-20.497753,-25.016155,-25.89781,-25.906078,-28.377628,-30.222456,-30.244143,-30.452408,-32.768856,-34.43186,-33.297726,-33.8572,-34.428555,-28.672977,-16.319592,-15.860249,-23.068754,-22.077103,-22.207531,-25.026379,-30.579231,-30.103157,-27.310806,-25.1899,-25.58974,-26.464874,-28.927134,-28.73802,-29.470303,-29.39745,-27.731104,-22.636341,-17.483341,-15.319681,-15.007137,-18.652105,-19.684599,-20.80573,-22.523556,-22.589972,-20.703892,-18.39309,-17.230207,-19.152643,-23.287033,-24.193607,-23.023106,-22.108572,-22.043457,-18.279758,-17.02737,-21.033722,-24.745855,-25.924145,-26.536007,-29.8191,-31.945103,-31.248589,-31.007088,-28.023233,-25.270193,-21.264389,-18.515512,-17.479734,-18.854404,-22.862103,-22.923002,-18.627075,-13.949438,-16.64953,-20.04286,-22.60899,-23.420097,-21.45794,-20.345154,-20.379742,-19.582966,-17.20797,-13.033434,-11.705695,-13.307662,-15.434112,-18.463732,-23.108242,-24.19505,-23.569773,-24.537136,-26.193935,-29.187632,-30.07652,-30.296328,-26.715677,-29.221954,-36.171738,-36.510674,-36.559708,-37.45227
-21.430874,-23.34069,-23.930304,-25.235147,-27.323828,-28.424318,-29.43747,-30.085976,-29.599066,-26.963861,-29.52056,-32.497246,-32.50623,-30.764864,-24.552238,-23.674467,-29.305984,-33.504494,-34.033554,-36.009747,-37.46002,-38.007614,-40.29659,-37.1555,-28.811031,-25.541191,-25.84007,-26.344429,-25.224161,-26.669872,-27.486898,-17.976316,-15.06292,-18.118942,-21.724525,-25.017889,-26.196724,-28.431833,-29.65969,-31.210253,-31.949347,-28.17522,-25.486107,-26.279943,-26.476494,-26.241928,-27.452724,-26.203997,-24.865828,-23.283852,-25.639193,-30.936453,-32.13406,-33.97622,-36.993797,-35.586258,-35.33377,-37.558456,-38.61791,-37.935585,-37.961323,-38.513973,-39.05278,-40.335423,-36.794056,-25.010683,-17.187307,-15.2277565,-16.223337,-19.189806,-22.630108,-25.176756,-26.906366,-27.372135,-26.736748,-28.710146,-28.04398,-29.510921,-31.586063,-31.299492,-34.309628,-36.44939,-34.28414,-27.186518,-25.023691,-29.454992,-36.041504,-39.809254,-42.098785,-41.234406,-40.60531,-44.53414,-39.804848,-31.319492,-27.935795,-28.946402,-31.183926,-32.406445,-33.662502,-26.227797,-17.956154,-18.272612,-20.333351,-23.22784,-27.005157,-32.78848,-35.21542,-36.17439,-38.39256,-38.696075,-35.64606,-32.737053,-29.49775,-31.407213,-34.178444,-34.885605,-30.412252,-23.314465,-25.624445,-33.522224,-36.648308,-36.620384,-37.548615,-40.204544,-42.389946,-39.277885,-36.23398,-36.016464,-38.375175,-38.93066,-37.83711,-37.726162,-38.10425,-28.889124,-19.209106,-14.912053,-15.368929,-20.3698,-24.0177,-26.791868,-27.496187,-27.895754,-28.014732,-28.988884,-29.599188,-29.530104,-28.700092,-29.073183,-31.927443,-34.40207,-37.198677,-30.790129,-24.62694,-27.6903,-34.519802,-39.547737,-37.843773,-36.332096,-36.2762,-38.409035,-38.98478,-40.99208,-41.78526,-41.57616,-43.243137,-45.020237,-43.880306,-33.091087,-14.914836,-12.216131,-13.849962,-17.068123,-19.11991,-19.271168,-18.8927,-19.093792,-19.052593,-20.125713,-23.369057,-25.337551,-25.923693,-24.718159,-26.640577,-28.568323,-28.663559,-29.46371,-22.687141,-22.753033,-29.17414,-32.215836,-32.556847,-34.43814,-35.11517,-34.95609,-35.792652,-37.406162,-38.60969,-36.787827,-31.397522,-26.852299,-23.685112,-24.33738,-22.658485,-16.041378,-15.640897,-17.450882,-19.174406,-20.318163,-24.293774,-25.374752,-24.99279,-25.352945,-25.228264,-24.775743,-26.412678,-25.995964,-26.646116,-28.488503,-30.177668,-29.750273,-23.594185,-23.102873,-25.589745,-30.778347,-32.310837,-32.327618,-33.494946,-33.857967,-34.133907,-34.922005,-28.803652,-25.815681,-26.839172,-27.491808,-28.28173,-28.490904,-25.048946,-18.104662,-16.547218,-18.254864,-21.206291,-23.719398,-25.372566,-25.53562,-25.203562,-25.178692,-25.762402,-27.944468,-26.667728,-26.18423,-29.858751,-34.40149,-33.389736,-24.891777,-22.050602,-25.518248,-33.22978,-35.335716,-37.693794,-39.981556,-40.07046,-41.83514,-41.209103,-39.261234,-40.632637,-43.18436,-45.64814,-47.353817,-48.893814,-30.197083,-16.5438,-13.875513,-16.53558,-20.061905,-22.59926,-25.760841,-25.269508,-24.900064,-28.04455,-31.24714,-29.950832,-29.990223,-27.679726,-26.642136,-29.878462,-32.19795,-34.10832,-30.402525,-27.458473,-29.135418,-32.903496,-35.45006,-35.972736,-38.21923,-39.23379,-39.236115,-34.37003,-28.729017,-30.00301,-32.697872,-32.127796,-31.25113,-30.496128,-30.055544,-23.505945,-16.684628,-16.505157,-18.385265,-21.77206,-24.454731,-24.200285,-26.610023,-28.438316,-28.817982,-29.79809,-28.725864,-26.754324,-27.941269,-30.700119,-30.315218,-29.621744,-26.008385,-22.707165,-21.9449,-27.64074,-35.03286,-37.4868,-37.0205,-39.055996,-36.58423,-35.82209,-40.26859,-42.7803,-40.49359,-41.21117,-43.788292,-43.333935,-33.756165,-26.003178,-14.638925,-12.92735,-15.13919,-17.190247,-22.006927,-22.757559,-22.961555,-23.981705,-24.704779,-25.518036,-27.272032,-26.959755,-25.018385,-26.365196,-28.330746,-29.799225,-29.610268,-21.427252,-21.107517,-27.627726,-31.841516,-31.935978,-33.52738,-35.68688,-35.763153,-35.300606,-33.663677,-34.422768,-35.247543,-34.518867,-34.97144,-36.363674,-37.433533,-16.840355,-12.4588,-15.339532,-16.439041,-15.032903,-14.211482,-17.021141,-23.685661,-26.214657,-25.581102,-24.210651,-21.913197,-22.696362,-28.270567,-29.633438,-27.20978,-23.526745,-18.915546,-20.980259,-24.804222,-26.240494,-24.572586,-25.394888,-28.698566,-28.976612,-28.111927,-28.063192,-30.015211,-32.741417,-34.10127,-30.637405,-28.296722,-25.933899,-24.965008,-19.246693,-13.704939,-15.257454,-18.531734,-19.067608,-19.492107,-20.812412,-21.97702,-19.210318,-17.326353,-16.082937,-14.131117,-14.113926,-16.475468,-17.02111,-18.642715,-16.662558,-14.097819,-15.034367,-16.168407,-16.36929,-19.441116,-21.927898,-22.97155,-26.326296,-27.535915,-25.318415,-20.858376,-17.160286,-17.994642,-19.494612,-17.596996,-16.03354,-15.471266,-15.418109,-12.727003,-10.009336,-10.539885,-16.006039,-17.455673,-12.780303,-11.378578,-12.478508,-19.837488,-23.87447,-23.777952,-17.24518,-14.042883,-13.323576,-12.9755535,-13.627462,-15.986758,-18.737345,-21.466515,-26.547974,-26.662487,-23.228474,-22.122374,-19.167406,-17.55274,-15.89786,-16.212326,-17.016838,-18.994162,-20.649073,-21.614918,-21.028975,-22.2599,-21.036596,-14.325481,-13.434409,-15.5076885,-19.976307,-21.911219,-23.806023,-25.470486,-26.061323,-26.331066,-26.13734,-27.823076,-30.748322,-28.634684,-27.52302,-31.57063,-32.52665,-31.485575,-27.380863,-24.994898,-26.798904,-32.6839,-35.527542,-31.55984,-33.721264,-40.38231,-38.167023,-29.267942,-27.325441,-28.809837,-28.22639,-27.350979,-28.799267,-28.867256,-28.667746,-17.436216,-14.602873,-17.972256,-20.832117,-22.496372,-22.307705,-26.511505,-25.6396,-24.647161,-24.800665,-24.883095,-27.256031,-27.331356,-27.543858,-29.55532,-32.931053,-26.444847,-19.769918,-19.028381,-24.266895,-21.79885,-19.351929,-18.64331,-20.639772,-24.201283,-27.704037,-29.042862,-24.745722,-23.17849,-25.864723,-32.89324,-30.94847,-28.20402,-25.74111,-21.47441,-16.872747,-15.525857,-16.394402,-21.444412,-20.801268,-19.957907,-22.91439,-24.023302,-25.418278,-26.869543,-23.609526,-24.668545,-25.879686,-24.231176,-25.63652,-29.163649,-28.992922,-29.763336,-29.824654,-31.145601,-34.55608,-35.93124,-36.43619,-38.4005,-37.028362,-36.962353,-28.066427,-25.209415,-30.088257,-34.584023,-35.608418,-35.886963,-31.635563,-25.518185,-19.124542,-15.749897,-15.818279,-19.206345,-25.383432,-27.363998,-24.86462,-20.420212,-19.055313,-19.075085,-18.234922,-18.18547,-19.00729,-17.960196,-18.230713,-18.905752,-16.965351,-16.538658,-18.448042,-19.005575,-19.730875,-20.19269,-19.744541,-19.744457,-18.784157,-19.757067,-22.460007,-23.914799,-23.817326,-20.854656,-19.117388,-13.303131,-9.618352,-10.954905,-14.768007,-16.430662,-16.73704,-18.599398,-21.515926,-23.18055,-24.174261,-25.55783,-26.908546,-28.571615,-25.144085,-21.0464,-18.494999,-17.135857,-16.969204,-17.589954,-19.79919,-16.434134,-14.608366,-19.703281,-24.463875,-26.337608,-28.676601,-28.9059,-29.708586,-29.340277,-29.125147,-30.261824,-31.96423,-32.714035,-32.679,-33.914917,-36.08521,-29.705975,-18.832027,-16.851522,-20.858395,-22.824686,-24.30499,-24.918682,-24.773722,-26.490402,-28.260153,-29.601357,-30.206165,-31.90447,-36.095383,-39.673668,-38.54653,-37.767418,-24.215754,-17.483118,-21.403683,-24.01458,-25.431477,-31.968765,-33.549576,-35.337303,-37.125153,-39.285282,-41.30729,-41.87807,-39.63852,-39.2637,-38.79247,-40.024338,-40.622856,-39.186047,-28.210402,-17.394548,-16.049805,-18.948244,-22.412594,-25.541456,-27.262857,-29.49952,-32.398003,-31.76582,-30.003012,-28.883175,-27.699945,-25.831556,-27.790442,-32.242542,-31.166069,-28.690285,-22.698242,-22.117794,-26.860039,-30.910032,-34.915073,-39.29671,-36.47044,-35.02681,-36.52958,-37.290188,-37.682495,-40.611404,-42.656055,-43.353153,-44.551434,-43.37207,-27.124912,-15.654296,-14.786016,-17.487362,-21.706654,-25.102093,-28.378355,-29.647892,-31.389864,-32.604996,-31.577396,-33.581593,-32.386597,-27.38863,-24.310818,-28.997404,-31.724571,-31.631594,-26.858868,-24.278868,-28.347977,-33.088615,-32.384228,-37.097668,-41.043076,-41.100597,-41.02823,-41.043705,-43.222317,-45.02391,-45.564224,-46.149868,-44.103504,-35.458633,-29.817877,-19.525282,-17.330025,-17.544306,-21.030338,-24.69276,-26.458254,-28.885773,-32.52633,-33.49372,-34.643314,-32.148094,-32.012245,-30.659481,-26.264963,-29.211082,-35.298306,-30.592234,-24.869946,-23.409967,-26.622667,-34.801388,-39.480743,-39.481327,-39.334072,-41.524445,-43.311195,-44.837967,-42.632004,-43.175858,-44.617886,-46.66983,-44.60177,-34.241375,-23.256514,-17.296564,-17.615679,-20.982592,-22.701685,-25.653421,-28.069729,-29.423664,-28.401318,-26.284693,-28.04731,-33.0353,-34.684513,-37.919193,-37.820797,-34.999126,-29.105484,-20.429718,-19.372196,-21.498396,-25.769701,-29.43917,-29.762537,-31.234013,-31.903511,-31.31459,-29.295885,-27.751377,-24.202389,-22.452171,-23.361431,-24.456137,-26.58657,-28.563835,-28.151228,-21.568365,-16.73297,-15.5054,-17.587729,-20.578465,-22.98331,-24.734081,-26.501404,-28.673641,-27.531557,-28.102596,-29.77194,-27.5337,-24.293005,-26.82619,-27.215992,-26.924402,-25.365648,-24.837168,-25.436516,-28.125647,-30.620808,-31.057163,-29.604897,-28.783209,-29.627571,-27.803705,-25.990368,-25.110216,-23.74989,-20.617561,-18.929949,-15.627096,-14.000395,-12.204407,-13.024595,-16.456106,-17.6736,-20.87391,-23.837137,-25.848354,-26.074331,-25.444677,-24.567919,-25.686123,-25.80333,-25.638092,-25.050674,-24.312267,-26.83617,-27.067139,-23.445415,-18.960262,-19.104654,-19.649942,-15.965204,-19.049646,-24.78882,-23.555223,-26.342777,-28.13555,-26.364029,-27.818098,-29.11418,-30.182995,-31.116812,-33.04217,-34.059666,-27.147251,-17.964252,-17.75702,-17.760647,-19.81314,-21.037823,-22.003801,-22.630415,-23.51527,-23.870382,-24.28223,-25.455868,-25.99287,-24.141905,-25.345512,-27.56818,-28.414204,-27.270811,-23.465502,-25.89362,-30.127554,-30.676357,-33.059067,-33.748283,-33.67254,-34.894104,-36.081764,-35.028847,-33.506695,-31.856691,-33.003918,-37.81746,-38.05454,-32.59112,-26.081179,-19.058908,-16.989504,-18.220379,-20.50824,-25.01575,-27.641104,-29.452131,-32.105793,-31.518919,-32.385136,-33.895508,-31.953552,-29.68267,-30.819323,-32.871655,-33.442913,-33.53876,-28.41679,-26.336386,-29.794405,-34.249367,-36.309555,-37.583405,-39.874146,-41.41283,-41.964725,-42.553658,-42.05389,-42.35458,-43.320076,-42.480408,-44.54636,-43.507824,-30.19407,-18.247946,-15.7160015,-19.237183,-22.154139,-24.847607,-28.054108,-30.397587,-30.646809,-31.045757,-30.980495,-32.380135,-33.517857,-28.932388,-27.875744,-32.68452,-38.0098,-38.65483,-32.806892,-24.25708,-16.573898,-12.376513,-10.739364,-8.389105,-8.53571,-11.956426,-13.289555,-16.631104,-19.950174,-22.652523,-25.168678,-26.326065,-27.626421,-28.394663,-29.513943,-27.394444,-18.380835,-14.992233,-17.272413,-17.73303,-13.51145,-14.212725,-16.481812,-23.172415,-17.158075,-15.698289,-20.98379,-25.979702,-25.185425,-22.103102,-20.676641,-16.201515,-19.795465,-20.43498,-20.129478,-25.508408,-27.349834,-29.04476,-29.159958,-30.395422,-27.713543,-27.226717,-25.870554,-25.844349,-25.217886,-26.644144,-31.995687,-32.779766,-29.150171,-24.539677,-14.974428,-14.5366535,-18.97526,-21.916405,-21.511185,-21.320322,-23.765505,-27.470797,-28.769482,-30.625893,-31.70907,-29.802395,-25.911531,-29.070545,-32.096073,-33.67163,-23.34829,-18.98009,-24.682522,-33.682224,-36.24034,-36.745262,-39.12996,-39.062412,-38.20086,-35.870556,-31.908293,-28.454292,-23.584572,-25.955555,-31.864462,-32.873596,-33.544025,-22.760075,-18.568094,-18.45998,-15.711198,-9.334639,-6.2500525,-8.005728,-14.809852,-13.717489,-14.317249,-16.638212,-21.309013,-20.506699,-22.851925,-25.34831,-26.998615,-26.93947,-22.27193,-19.72104,-23.54992,-29.540121,-30.67066,-31.493729,-31.165316,-31.990898,-33.259262,-33.864017,-33.589912,-36.814434,-37.765377,-37.837566,-40.78297,-41.062042,-29.568398,-18.30551,-15.436665,-16.936106,-19.860626,-24.907452,-28.196217,-27.867155,-28.63375,-30.004465,-32.352516,-34.64073,-36.119698,-33.07646,-32.056087,-34.8787,-36.95603,-39.59747,-27.085686,-21.749088,-26.258518,-33.897385,-39.08325,-40.240078,-41.474648,-42.374237,-41.545128,-35.696793,-31.81898,-29.082872,-28.259676,-29.438011,-31.153162,-31.628986,-31.186457,-18.938745,-14.17767,-15.881924,-20.097857,-24.561783,-25.612007,-25.398396,-26.631401,-29.822628,-32.302315,-34.402992,-30.0301,-26.466705,-27.28699,-29.081596,-30.109995,-27.782259,-28.181595,-23.127325,-23.06084,-29.553726,-33.082043,-33.80673,-35.8761,-37.1789,-39.164593,-39.539654,-40.10757,-40.92662,-39.860703,-40.17498,-41.755848,-39.49603,-29.532402,-18.955145,-15.570641,-16.1667,-17.860947,-22.288515,-25.910007,-25.519653,-26.241436,-27.440147,-28.894403,-30.892527,-31.868517,-30.713633,-29.54943,-30.846426,-34.95215,-32.41569,-23.63616,-21.7053,-28.356304,-35.057472,-36.664814,-37.21576,-39.843513,-41.265125,-41.91183,-42.95083,-41.26947,-29.100613,-27.57545,-32.766876,-29.726503,-29.144194,-35.739178,-25.086432,-18.94436,-18.562347,-20.848106,-22.160984,-23.285112,-23.322622,-26.657753,-29.626038,-28.981865,-29.698336,-32.46232,-33.803806,-34.171387,-34.807644,-35.094345,-27.550877,-20.055944,-20.753925,-23.012173,-22.231398,-22.941875,-24.426424,-29.016811,-30.252434,-27.60463,-25.644222,-27.247066,-29.236938,-26.050644,-22.94411,-21.635853,-20.291996,-20.536404,-18.342476,-15.194434,-12.58996,-11.545056,-14.117264,-16.412643,-16.703342,-16.768805,-16.790482,-15.520172,-13.724174,-13.615583,-17.35835,-22.584793,-21.421871,-21.33521,-22.0275,-20.732426,-17.513779,-17.756277,-21.31573,-22.08986,-19.816483,-19.312002,-23.814346,-26.899208,-26.213865,-23.7322,-22.297876,-22.445316,-20.129778,-16.870678,-14.511127,-15.572019,-21.806324,-22.452477,-15.269913,-13.142067,-16.051794,-19.035292,-20.686749,-22.419144,-20.604656,-17.878675,-16.763874,-16.594164,-15.929718,-14.222579,-13.554606,-14.930628,-16.611458,-18.503403,-21.708956,-21.757784,-21.831577,-23.587337,-25.926788,-27.73058,-30.344715,-31.667242,-28.913754,-31.455107,-34.82592,-33.43554,-34.9192,-33.459515
-28.182495,-31.266163,-33.091133,-34.040016,-35.852085,-35.405964,-35.771427,-36.508476,-33.563942,-29.859573,-33.571575,-39.1134,-38.50418,-35.610527,-28.580454,-27.015017,-30.889166,-38.497433,-43.373608,-42.512733,-44.019073,-45.12545,-46.93378,-38.127106,-29.226854,-26.93979,-27.72009,-28.005884,-26.925968,-28.569588,-29.548939,-23.614174,-18.936916,-18.272976,-20.701025,-25.225838,-26.991022,-29.78891,-33.041264,-34.100002,-34.571537,-29.96304,-27.148516,-27.138578,-26.780748,-27.726622,-29.409246,-27.515118,-25.95149,-25.471695,-27.663458,-32.18991,-33.56085,-35.835007,-38.787045,-37.08547,-36.900196,-39.066124,-40.211926,-39.37783,-39.645428,-40.414413,-40.973038,-42.174335,-37.306133,-25.19717,-17.199495,-16.040874,-17.821468,-18.137331,-22.688236,-27.13668,-31.349447,-37.56458,-39.264397,-38.165737,-38.961876,-37.877514,-32.025036,-32.176212,-39.358856,-41.589523,-36.61197,-28.215984,-25.502594,-29.570679,-36.82702,-46.513,-47.596344,-48.43344,-49.974693,-49.7477,-40.808598,-31.531267,-28.86134,-30.516254,-32.814167,-33.588844,-34.390053,-26.1319,-17.847898,-18.31675,-20.805113,-24.38386,-27.4143,-33.193115,-37.815845,-38.342033,-40.54737,-42.08773,-37.102974,-30.35287,-29.138351,-31.331882,-34.586227,-35.351185,-32.875656,-26.391346,-27.420025,-35.14103,-36.257736,-36.65419,-38.24399,-40.757328,-43.334354,-41.074806,-37.636486,-36.916103,-37.845238,-39.615482,-39.361332,-38.676353,-38.115833,-25.745504,-16.571753,-16.082005,-18.75385,-22.026613,-24.959381,-28.445133,-32.376495,-32.798096,-34.536667,-35.12798,-37.017616,-37.62436,-29.858187,-29.534126,-37.780266,-42.017788,-41.725464,-30.30754,-23.598185,-27.546986,-38.053246,-43.70245,-41.83949,-40.661606,-41.34691,-42.865963,-43.64691,-42.954136,-41.930428,-39.836143,-40.78966,-46.06077,-45.777744,-34.667248,-17.284271,-14.316836,-17.410648,-20.479404,-21.734364,-23.381224,-24.744858,-22.117805,-20.433857,-23.22651,-27.015694,-28.852211,-30.30069,-30.069576,-33.73937,-33.185078,-33.72278,-30.291014,-19.839048,-20.44636,-31.001799,-37.88552,-41.930527,-42.940483,-41.213806,-42.582542,-44.522667,-45.236248,-42.29516,-35.452126,-28.696434,-24.935196,-23.251818,-24.410402,-20.973969,-15.232564,-15.45581,-16.861519,-20.997343,-25.784561,-28.792736,-30.451994,-29.76215,-30.185055,-29.241217,-29.418217,-27.8675,-26.510906,-30.854246,-34.100822,-36.07881,-32.79415,-24.97557,-24.418812,-27.250393,-34.92182,-38.08867,-38.204285,-36.064117,-34.748676,-36.024162,-37.053577,-30.566635,-27.956127,-28.614359,-29.605808,-29.68906,-29.825499,-25.050869,-18.384043,-17.671593,-20.618721,-26.026733,-28.88232,-30.752161,-31.829922,-33.54934,-32.847298,-34.22289,-36.815468,-31.487263,-28.416111,-30.39399,-39.453674,-31.107122,-22.109499,-20.616222,-24.804708,-34.438114,-40.368027,-43.071026,-46.203312,-46.153378,-46.136837,-45.546135,-44.702637,-44.708275,-45.584034,-47.104763,-48.025253,-46.973045,-26.82536,-13.686036,-12.82498,-16.447004,-18.323614,-21.864868,-26.974087,-25.645449,-25.047503,-28.847958,-33.258797,-30.30165,-30.146196,-31.24421,-30.555637,-30.605433,-32.417732,-35.87805,-30.254982,-27.213871,-28.490955,-33.580162,-36.16762,-36.680397,-40.392628,-40.218525,-39.66827,-34.201042,-28.304256,-27.92484,-29.60161,-29.616404,-29.092972,-28.541656,-28.406267,-20.938929,-15.074173,-15.203442,-16.08536,-19.6143,-23.031994,-23.24603,-26.17381,-27.721943,-27.595047,-29.120316,-28.954887,-25.711533,-26.957243,-30.631237,-29.329823,-27.896778,-23.476248,-22.280293,-22.71393,-28.054361,-35.16141,-37.093803,-36.39131,-38.67969,-36.145897,-35.36605,-40.117535,-43.304466,-40.265602,-40.93844,-43.88281,-42.227325,-31.443872,-26.32838,-18.939016,-15.424789,-14.620567,-16.279331,-21.441515,-22.599049,-22.526419,-23.828466,-25.189981,-25.88556,-27.593914,-26.758331,-25.812187,-28.362616,-28.658764,-29.963955,-29.402296,-22.871319,-22.973808,-28.546707,-34.046505,-32.063652,-33.237442,-37.366585,-36.662952,-34.46895,-32.245003,-31.306799,-32.013687,-31.618916,-31.890198,-33.250946,-35.441948,-16.1945,-11.572499,-15.051292,-17.007215,-17.806519,-19.10211,-18.93552,-23.680809,-27.348318,-26.174105,-27.264927,-23.457281,-23.139786,-28.505756,-30.131006,-30.445156,-24.814491,-21.002258,-24.816084,-30.670723,-32.899364,-30.120241,-29.394781,-30.767979,-30.47477,-30.248352,-33.2573,-34.033623,-35.360466,-36.56327,-35.90347,-32.81176,-30.236267,-27.098352,-19.949823,-14.8619,-14.62223,-17.445257,-18.242935,-18.357882,-19.496647,-20.5635,-17.358788,-14.95102,-15.590364,-15.413198,-15.0140085,-14.114324,-14.385857,-17.99695,-21.64804,-20.292274,-20.426105,-18.234219,-18.348257,-21.512651,-21.006557,-22.255424,-28.258505,-31.489548,-28.188835,-19.8302,-15.84058,-15.355719,-14.127289,-12.308113,-9.644376,-8.838586,-9.714198,-9.265752,-7.940546,-9.160127,-15.000081,-16.78614,-10.697919,-9.919719,-13.767811,-21.415308,-21.375856,-21.555002,-15.061345,-13.475573,-14.117334,-12.262925,-11.757088,-13.104028,-14.543085,-17.089216,-22.076529,-23.90487,-22.521454,-23.764917,-21.214293,-18.553154,-15.636992,-15.770007,-17.495895,-18.691189,-19.154964,-19.334114,-18.144253,-16.422081,-15.430957,-13.49208,-13.171941,-14.417287,-18.471691,-21.283836,-22.581104,-24.436043,-25.16119,-25.75907,-25.655794,-26.547142,-29.911762,-26.709774,-25.59753,-31.496319,-32.319324,-30.95972,-25.655548,-24.28787,-29.59933,-35.72866,-37.531437,-32.51246,-34.64724,-42.476994,-39.15844,-28.68023,-26.459488,-26.321087,-26.072695,-25.394556,-26.70514,-26.51606,-27.618902,-19.560925,-16.275187,-18.2176,-20.012817,-21.204863,-21.255121,-26.313402,-24.988764,-23.886707,-24.645445,-23.79919,-25.690117,-28.152729,-27.304054,-28.452488,-32.842396,-25.453732,-21.389828,-23.022003,-23.673607,-19.860714,-17.908857,-16.527946,-17.098867,-18.956913,-23.036814,-27.558933,-24.365637,-22.925404,-26.405083,-33.33312,-30.056095,-26.469362,-24.441431,-21.209936,-17.409798,-16.328262,-16.185581,-20.109756,-19.844934,-18.709042,-22.07301,-23.255613,-24.717422,-26.113487,-22.765602,-22.581367,-21.748188,-20.370346,-21.914904,-26.437782,-27.996462,-29.550205,-30.513418,-30.500675,-32.99079,-35.06217,-35.963627,-37.55345,-35.633007,-36.109837,-29.21051,-26.09962,-28.873903,-31.617882,-32.151688,-33.17229,-29.387333,-25.583057,-19.180227,-13.893166,-13.992066,-18.233126,-25.0087,-24.900055,-23.097488,-18.087587,-15.817314,-15.283752,-15.495581,-15.027718,-14.061577,-14.532027,-15.318481,-14.634033,-14.687725,-14.570641,-15.990876,-17.087757,-16.689074,-17.70807,-19.746994,-19.577827,-18.522055,-20.12306,-22.103214,-23.839285,-24.675104,-24.203365,-23.58252,-13.569174,-10.52106,-11.862621,-16.277306,-14.885769,-15.830878,-18.653656,-21.606976,-22.959204,-23.580969,-26.63021,-28.040636,-29.105343,-25.804436,-24.382189,-21.845192,-19.45025,-20.420218,-21.882347,-22.049086,-20.883749,-18.314224,-19.129036,-22.167427,-26.122818,-28.625229,-27.26675,-29.077198,-31.531647,-29.993362,-29.695435,-30.628164,-31.122847,-32.792065,-32.52054,-34.212715,-28.299683,-16.655964,-15.309984,-20.032034,-23.626148,-23.678644,-25.271082,-27.25871,-30.517424,-33.235477,-32.514183,-29.289312,-31.025343,-35.14688,-35.76245,-36.831146,-36.48507,-26.352146,-19.302994,-21.354258,-22.46806,-25.073597,-32.584385,-36.197403,-39.037357,-40.71643,-41.096626,-41.99955,-42.356018,-41.73305,-40.11484,-40.227585,-45.18934,-44.156403,-38.655655,-28.043953,-17.438852,-16.26169,-19.722933,-23.213398,-25.458765,-26.231846,-28.507006,-31.382732,-31.339165,-29.862642,-29.42611,-28.077013,-25.71805,-27.164371,-31.822422,-31.147396,-28.079298,-20.725164,-20.40571,-26.539022,-31.902676,-35.00579,-38.070473,-36.70449,-34.94321,-36.965054,-37.775482,-37.93632,-41.377647,-43.576015,-43.554554,-44.956013,-43.905334,-28.394695,-16.190311,-15.021167,-20.148726,-24.006653,-25.5215,-28.004898,-28.97132,-30.5097,-31.395126,-30.84471,-32.943913,-32.11692,-29.474709,-27.660671,-29.590876,-31.497105,-30.811483,-24.537008,-22.634533,-27.716667,-33.800537,-34.77366,-38.60929,-41.029747,-41.51443,-41.457733,-41.320587,-43.12668,-43.78795,-44.359898,-45.843246,-45.058865,-38.148373,-28.22835,-16.470535,-15.186527,-16.708881,-20.274889,-23.958984,-25.041912,-27.517775,-31.702116,-32.640453,-33.11979,-31.679659,-32.084835,-29.196823,-25.778238,-30.746647,-36.20415,-29.306194,-23.123,-22.515556,-26.561203,-35.455536,-40.359936,-39.336742,-38.752167,-41.91313,-43.562973,-44.674305,-42.26303,-42.518353,-44.11156,-46.572975,-42.86768,-33.874344,-26.237402,-19.513504,-19.075397,-21.168606,-21.642471,-24.354694,-26.68767,-27.564095,-27.697077,-26.198818,-26.264462,-31.41579,-34.008495,-36.823685,-36.808517,-33.95308,-29.985773,-23.5527,-22.673344,-24.130583,-27.903395,-30.900219,-30.497417,-30.2254,-31.57157,-32.064438,-29.312918,-26.123043,-21.76161,-19.736345,-18.995483,-19.118708,-21.32087,-22.266003,-22.862844,-16.690845,-15.111846,-17.346203,-21.59174,-26.407423,-31.39291,-33.787575,-31.1578,-29.099924,-29.366566,-27.954899,-26.354527,-26.894691,-27.797031,-29.084938,-29.60232,-28.185837,-25.853003,-23.667898,-25.273256,-29.54641,-29.674664,-30.273739,-28.649961,-27.196426,-26.628206,-24.17536,-22.006605,-20.314434,-20.807995,-18.351372,-17.537941,-14.674456,-10.307994,-8.387724,-11.310378,-16.847118,-19.063805,-24.008446,-25.393078,-25.993202,-28.14994,-27.46272,-29.76805,-30.96473,-29.869242,-28.859217,-28.10501,-27.836514,-31.476532,-32.54729,-28.413069,-18.498575,-15.996389,-17.632586,-14.7733965,-17.100342,-25.214596,-28.508394,-27.701317,-26.288284,-27.823734,-31.099455,-29.94894,-30.42344,-29.614145,-31.823217,-34.291435,-29.926985,-20.56077,-18.876623,-19.614477,-24.414337,-29.250555,-30.553577,-33.74539,-35.233185,-37.15051,-37.52282,-38.041584,-37.53058,-32.072952,-33.300602,-36.311764,-40.514206,-32.574173,-26.822521,-29.737484,-31.480047,-33.58812,-39.718266,-45.18311,-44.606396,-46.393837,-48.971687,-43.99425,-39.43936,-35.480988,-35.882,-38.601906,-38.947174,-32.032722,-24.240318,-17.920439,-15.620474,-17.894014,-24.103867,-26.805752,-30.754354,-33.098915,-35.50589,-37.283813,-38.20987,-37.76433,-34.64549,-29.350672,-30.339853,-35.06535,-36.862396,-35.908123,-28.759604,-27.811417,-31.169193,-36.30381,-39.46349,-40.228615,-41.53664,-43.43341,-43.70076,-41.806602,-39.254,-41.075386,-44.51359,-44.5326,-44.126045,-43.06454,-32.81668,-21.09583,-17.315474,-19.122274,-24.78422,-28.119053,-31.573313,-35.826794,-38.16217,-40.832172,-42.64427,-43.84925,-43.722214,-30.21074,-28.757238,-36.06783,-44.54786,-42.16948,-32.677456,-23.050444,-16.924149,-13.723422,-11.710264,-10.85778,-10.630497,-11.421778,-13.674791,-18.774097,-22.020432,-23.027847,-25.642042,-28.397429,-29.983236,-29.905844,-29.910212,-24.274609,-16.837835,-16.20124,-18.867313,-21.616438,-18.632935,-14.709128,-14.43541,-22.688276,-20.971071,-18.49588,-23.932331,-28.867739,-29.40832,-26.77616,-21.773394,-16.870071,-19.997122,-17.983032,-18.471449,-26.48729,-28.057884,-29.209412,-30.522865,-29.503593,-27.641994,-25.878885,-24.77332,-23.62295,-22.7474,-25.368116,-32.042137,-32.37636,-28.865173,-23.539406,-14.106066,-13.717328,-18.608622,-23.207674,-25.511896,-24.539856,-26.777689,-32.881268,-35.376526,-37.17504,-36.50499,-31.385448,-26.873959,-30.083939,-33.993984,-35.384453,-25.206432,-20.694292,-25.344198,-31.67062,-34.221336,-35.829464,-39.195084,-39.93276,-39.916557,-40.081497,-35.504852,-30.480686,-24.717422,-25.899027,-30.77032,-33.786743,-33.705273,-20.504082,-16.233839,-17.810623,-18.31327,-10.367796,-7.455191,-10.316092,-16.967491,-16.359947,-13.300428,-15.471981,-23.50339,-22.027985,-25.316317,-30.277613,-32.009537,-29.328897,-23.120768,-20.914845,-23.716007,-29.33001,-33.96851,-35.77248,-36.823734,-37.182957,-36.828686,-36.99062,-38.75074,-39.95685,-41.70304,-42.874916,-44.9641,-45.435005,-30.783537,-19.188015,-15.508138,-17.677313,-21.09664,-26.153744,-29.084322,-28.569687,-29.964981,-31.650375,-33.772194,-36.820843,-38.186256,-31.507214,-30.964632,-35.670033,-41.381283,-43.45517,-29.572866,-24.105286,-28.402174,-36.27031,-40.117985,-42.695637,-44.761436,-45.073524,-44.912903,-38.357803,-32.202103,-27.694424,-26.014969,-26.633507,-27.551718,-28.309822,-29.353056,-23.215458,-18.02914,-17.029898,-18.58044,-23.850967,-26.092697,-26.443235,-28.520432,-34.755962,-38.329704,-37.76309,-32.24131,-27.219713,-28.403786,-31.39451,-29.514658,-27.201618,-25.83154,-23.133125,-23.789175,-30.305758,-34.433327,-35.146748,-40.265205,-42.234245,-43.017456,-41.621956,-43.294853,-46.530617,-45.107254,-45.05629,-48.259544,-44.22558,-31.69342,-19.45005,-16.090065,-15.445324,-17.018967,-22.336372,-25.050966,-23.993984,-25.369144,-25.78904,-27.081913,-29.364729,-31.040539,-28.925993,-28.031797,-31.494186,-34.930805,-31.78197,-25.691814,-24.997787,-31.54264,-37.238575,-37.808567,-38.479004,-41.960888,-44.22111,-45.33793,-44.69966,-40.434628,-27.7439,-26.495287,-31.572884,-29.453571,-28.691315,-35.249027,-24.724817,-20.368216,-18.12232,-20.448368,-22.829517,-23.777702,-23.057068,-26.623213,-31.553211,-30.42447,-31.656433,-35.395596,-38.645298,-40.581642,-40.4014,-33.832947,-25.881044,-18.884022,-18.36292,-19.878252,-19.635723,-19.57234,-21.413076,-25.78146,-29.086933,-29.788334,-28.782347,-28.938377,-25.889088,-23.120737,-20.59428,-19.093437,-18.103958,-17.796272,-16.447123,-13.957118,-12.708926,-12.222987,-13.946348,-14.650438,-14.83808,-14.655739,-14.304493,-14.122433,-14.5618515,-15.297051,-18.46582,-22.64412,-22.953701,-21.396576,-21.626108,-21.564724,-18.003075,-17.412498,-19.231787,-19.018959,-16.329742,-17.950184,-23.190125,-23.725853,-23.976824,-23.792456,-22.642916,-21.007244,-18.871595,-16.25002,-15.574311,-18.337334,-21.046103,-19.928707,-14.862152,-15.751477,-18.623207,-19.248196,-19.8717,-22.854483,-21.43321,-17.065147,-15.887519,-15.774512,-17.238144,-17.687954,-16.990908,-18.87266,-21.134348,-21.72025,-21.673353,-19.211084,-19.477154,-23.818405,-25.748205,-27.205593,-31.04486,-33.17002,-31.031807,-33.51834,-34.94575,-33.70394,-35.22156,-33.722378
-15.675496,-18.196169,-20.38198,-21.416796,-23.05216,-23.494608,-22.37298,-24.560373,-25.402168,-25.565887,-27.155853,-29.403648,-28.907682,-28.512962,-20.558615,-20.300787,-27.78515,-31.99088,-33.033386,-33.848946,-32.68569,-34.215664,-33.780243,-31.515354,-22.04443,-17.538734,-17.974052,-20.209866,-22.526854,-25.210938,-25.167038,-17.864834,-14.89482,-15.097337,-17.46719,-20.069628,-22.073868,-23.620106,-25.10582,-26.011808,-27.509872,-23.924847,-21.439465,-20.922651,-21.020472,-23.05238,-23.983887,-22.461166,-20.993713,-22.77397,-24.307495,-26.727203,-28.291674,-29.13391,-31.476685,-33.601616,-34.260708,-35.163506,-35.623413,-36.401554,-37.728123,-39.634445,-39.983753,-39.966824,-37.980625,-22.35815,-15.898919,-15.866583,-16.97351,-20.043867,-18.93267,-21.259787,-22.861103,-23.991165,-26.94728,-27.384567,-25.23294,-25.10696,-27.021183,-28.287647,-31.233358,-30.811722,-29.213398,-27.305485,-25.258324,-27.827742,-32.84992,-33.634304,-34.73295,-35.52047,-35.217606,-36.220024,-29.03312,-23.096924,-23.357246,-25.815025,-26.847916,-26.653975,-27.915615,-21.411858,-14.991199,-16.531092,-17.515553,-18.165527,-20.316422,-22.100636,-23.437008,-24.856075,-24.552248,-26.186485,-29.216078,-26.50484,-26.286087,-28.49179,-30.227299,-29.849386,-28.658699,-25.85098,-24.392502,-27.538717,-32.919094,-32.704994,-34.412582,-36.361027,-38.22846,-36.20879,-34.818253,-37.00113,-37.250626,-38.47675,-40.16729,-38.440994,-38.334625,-28.87267,-19.413284,-16.340334,-18.080214,-17.7099,-18.561407,-23.48737,-24.36223,-22.95289,-24.563122,-25.269594,-26.275312,-28.830608,-27.30399,-26.70542,-31.385458,-31.499687,-28.910286,-28.147125,-25.050295,-27.18899,-33.476086,-35.011703,-34.00006,-35.39036,-37.658035,-38.288742,-38.842422,-40.84681,-40.55493,-40.66948,-42.596836,-41.97246,-43.090725,-35.19536,-17.653767,-13.532023,-15.043059,-13.64317,-14.873519,-19.216331,-20.152134,-19.540857,-20.668919,-22.10981,-23.78479,-27.241055,-27.090305,-25.862663,-29.424688,-32.16481,-30.117867,-28.216888,-20.329128,-21.08738,-29.214954,-34.9846,-36.37633,-35.72606,-36.689114,-38.79136,-40.202137,-40.1093,-37.107155,-33.72788,-30.59004,-29.474943,-27.927002,-28.436958,-20.366518,-14.713841,-16.80386,-15.219027,-14.285721,-16.52252,-19.299513,-18.73637,-20.033974,-20.637405,-19.951744,-23.416653,-25.257343,-24.704027,-24.900045,-25.896126,-24.35273,-23.228476,-18.772236,-20.849619,-25.596207,-29.512884,-31.388676,-31.527103,-34.058872,-34.32194,-34.74613,-32.687996,-22.01668,-18.712776,-20.123878,-20.502716,-20.142822,-20.506073,-19.53522,-15.735692,-16.37318,-19.267447,-21.391483,-20.444141,-21.800482,-25.400183,-26.161936,-25.740032,-27.836304,-29.72334,-28.20575,-27.60539,-29.633598,-31.63996,-27.385962,-19.941437,-20.128216,-26.885418,-32.063305,-32.713474,-32.892704,-34.463734,-35.75228,-37.9516,-38.75461,-38.385876,-40.070526,-40.83679,-40.42112,-41.19906,-41.29718,-28.485567,-15.836543,-14.532467,-16.014603,-16.758074,-22.04184,-26.018929,-26.287537,-27.72305,-28.335629,-25.731201,-26.25061,-30.05693,-31.104568,-28.819473,-30.255072,-31.997055,-31.897945,-28.71087,-25.333376,-27.902164,-34.022633,-37.94563,-40.874146,-41.585575,-40.783768,-42.903057,-37.64633,-30.478794,-29.841412,-29.3203,-30.058973,-30.371407,-33.621155,-33.371235,-22.313078,-15.09256,-14.948522,-17.823866,-22.498953,-21.644342,-23.831472,-26.521357,-27.116192,-28.545918,-27.2915,-25.656776,-28.690315,-27.681818,-27.68431,-29.04683,-27.316338,-23.468605,-23.544052,-23.741516,-27.787922,-31.614567,-33.079956,-33.82126,-36.635395,-36.958664,-36.15338,-38.54908,-40.58691,-39.39858,-41.046124,-44.320236,-43.309174,-31.864052,-25.68588,-19.79905,-15.116929,-13.483557,-16.347954,-18.206364,-22.424028,-24.936323,-23.028927,-23.645397,-26.314533,-25.333027,-26.256313,-24.414303,-25.529625,-28.104666,-27.794104,-26.49394,-24.628643,-24.664883,-26.121574,-30.439487,-32.018402,-32.02941,-33.839146,-36.28861,-34.937584,-33.62686,-32.6341,-33.797165,-34.591965,-34.983704,-35.73703,-36.912926,-22.517061,-15.914807,-15.410307,-15.432521,-16.507408,-17.992027,-19.625805,-23.246061,-25.160215,-24.125782,-23.304295,-21.65532,-22.06462,-24.978487,-26.657001,-28.155056,-20.803968,-18.10509,-23.215473,-28.069561,-31.019646,-30.71719,-29.745628,-27.068726,-26.839813,-28.418188,-32.4382,-34.002388,-34.433712,-35.08576,-33.281597,-31.728577,-32.71053,-29.245817,-19.70508,-13.425688,-12.500643,-14.707698,-17.720507,-18.184156,-20.41468,-19.652962,-17.246758,-15.112318,-16.187761,-19.808748,-20.664557,-20.8409,-22.202436,-23.42939,-21.569382,-21.764803,-21.847328,-21.218767,-25.290012,-25.14261,-24.351528,-27.50344,-28.619244,-29.578262,-27.99182,-20.628345,-14.825998,-11.753754,-10.240234,-9.05657,-8.046191,-8.97489,-10.773989,-10.15514,-10.570547,-11.478573,-15.619603,-16.496908,-10.649771,-9.322082,-13.118402,-22.258596,-22.871918,-21.978558,-17.76318,-14.712837,-16.408245,-14.078285,-12.650123,-14.915647,-15.785385,-17.664125,-22.854897,-26.706886,-28.963041,-27.796223,-23.095129,-21.321556,-19.847776,-20.51811,-20.608986,-20.626488,-21.194647,-21.607065,-21.340206,-22.893192,-20.70483,-14.759711,-13.62012,-15.150461,-17.573559,-20.58875,-20.788269,-21.958712,-24.983345,-25.280235,-26.346172,-26.294119,-25.508204,-25.77945,-25.25467,-27.390205,-28.989693,-29.086948,-22.61729,-21.669996,-27.736103,-29.984505,-30.473383,-31.307178,-32.801537,-34.39415,-34.181435,-32.00065,-28.80994,-26.905312,-28.49457,-29.746809,-31.351402,-31.80661,-30.79271,-18.941784,-15.056204,-15.627918,-15.522791,-17.22927,-20.959875,-22.48068,-24.166447,-23.945543,-21.96719,-24.258595,-25.852163,-24.007206,-24.289898,-25.890865,-27.212255,-25.118,-22.579117,-22.574383,-22.687006,-19.45491,-17.785131,-16.783669,-18.537924,-20.070244,-22.405895,-27.114761,-26.128525,-24.57624,-27.01372,-32.248196,-29.160728,-26.51361,-25.355387,-22.403522,-16.521914,-15.896386,-17.191479,-19.313555,-22.892754,-22.88047,-23.901854,-23.251347,-23.40569,-25.43,-23.866589,-23.36342,-22.498219,-21.003365,-21.32172,-24.351002,-27.06067,-25.823019,-26.36379,-29.375301,-29.606495,-30.246933,-31.007015,-31.523556,-32.156578,-33.381252,-30.709778,-29.615921,-30.42482,-31.918833,-32.491337,-34.54245,-33.27241,-29.279522,-19.719704,-14.218064,-15.910894,-21.48254,-24.511765,-25.854034,-23.558271,-17.469452,-14.482318,-13.019863,-12.838126,-12.674928,-12.537987,-14.102029,-15.5672035,-13.510785,-13.709511,-13.780202,-14.649749,-16.314896,-18.481882,-19.9763,-22.471882,-24.194462,-24.601583,-25.094069,-26.93886,-28.072765,-27.378117,-28.477795,-28.89067,-18.676197,-13.069831,-12.07386,-15.753364,-17.275333,-15.066526,-16.708338,-17.988071,-21.35595,-23.660372,-24.232792,-24.828915,-24.784918,-25.791204,-24.204046,-22.237932,-20.906275,-18.349861,-19.508383,-23.085178,-20.726938,-18.897064,-20.224077,-22.419884,-26.313505,-28.441217,-27.464539,-28.491049,-28.409496,-28.495201,-28.53997,-30.5838,-30.038177,-29.590466,-31.280968,-33.974754,-24.914057,-12.684998,-12.815076,-19.201874,-17.201752,-16.330843,-19.581814,-22.007828,-24.66222,-25.248852,-25.357555,-23.453754,-25.27817,-30.739725,-34.24664,-33.087906,-34.002792,-22.763205,-15.765129,-19.44814,-24.0733,-24.734125,-28.518867,-31.864254,-35.301178,-35.939526,-36.190315,-36.458366,-38.610435,-41.25685,-42.519936,-41.37211,-40.163364,-41.41662,-38.587456,-27.33194,-18.285656,-15.180828,-15.472541,-18.785511,-21.414206,-21.952345,-23.85642,-26.631155,-27.894476,-29.987228,-31.269922,-29.71769,-26.820581,-26.593094,-28.702822,-29.053717,-25.709772,-17.385042,-18.739235,-26.042501,-30.866894,-34.23602,-33.63382,-33.575138,-34.099792,-36.616997,-38.304565,-38.542114,-39.139862,-39.662415,-40.83952,-41.480446,-44.559803,-33.624043,-19.94944,-16.040213,-17.338919,-19.959581,-23.152428,-24.335348,-26.118237,-28.005024,-28.583384,-29.153091,-30.907066,-31.288399,-29.368639,-28.222322,-29.479706,-31.418758,-30.21642,-21.022762,-19.72218,-23.638975,-29.31677,-32.15567,-34.8531,-36.048782,-38.477234,-39.65512,-40.598488,-42.516575,-41.56446,-41.98345,-42.439415,-42.987694,-35.826714,-29.0987,-20.60265,-16.707512,-16.713552,-20.399332,-22.597513,-25.242865,-27.450844,-28.454681,-31.63604,-32.11533,-28.763546,-27.31828,-25.125061,-22.832973,-26.592062,-29.766766,-26.596392,-20.830687,-20.51453,-24.841427,-33.890408,-36.35492,-33.994965,-32.86675,-37.788277,-39.568764,-39.6377,-39.850113,-41.303257,-46.701046,-49.4911,-41.292362,-31.701986,-21.141254,-15.814825,-14.720235,-16.896784,-19.402405,-21.943626,-24.007349,-24.671028,-25.96637,-25.904963,-27.77421,-30.795591,-33.058563,-33.774673,-34.099384,-35.234833,-26.93089,-20.005047,-21.869566,-27.266693,-30.351208,-32.34697,-34.64917,-38.31357,-36.462395,-31.89787,-30.806015,-29.502846,-22.58088,-20.26524,-20.108227,-19.648907,-20.312408,-21.512325,-21.427082,-14.154073,-12.57093,-13.806992,-17.585236,-19.159948,-18.934376,-20.437881,-20.904911,-21.12141,-24.8221,-24.608082,-21.349499,-22.6678,-22.66572,-24.86277,-26.79945,-26.54837,-25.954494,-24.869173,-24.560432,-28.282106,-25.966904,-26.11474,-27.908438,-26.644037,-23.49028,-20.887585,-21.677376,-21.279858,-22.408169,-24.85085,-22.411566,-15.566956,-11.627813,-10.956868,-13.5508,-14.914483,-17.491661,-18.514198,-20.857822,-25.204185,-27.233656,-28.081617,-27.630129,-27.696154,-28.29119,-26.17563,-26.883924,-28.165815,-28.999594,-29.643818,-25.661987,-20.528069,-16.141273,-15.791422,-16.335047,-18.121174,-25.36995,-28.820831,-26.844917,-28.114735,-29.919569,-29.909285,-30.222008,-31.485826,-31.142523,-32.94826,-36.478302,-30.748417,-19.551579,-17.230204,-17.002325,-14.661999,-14.945926,-18.980171,-18.952488,-19.50993,-23.002712,-23.374369,-24.518967,-24.712673,-23.23369,-24.863125,-28.372229,-28.37191,-26.36078,-22.62222,-25.334566,-28.689556,-31.66203,-33.932938,-37.016823,-38.43764,-36.080765,-36.991486,-38.992542,-36.427128,-34.27953,-32.52133,-33.48341,-35.178444,-28.51995,-21.105068,-15.231535,-15.707161,-17.947691,-21.316818,-21.017427,-22.273846,-27.033516,-25.936771,-25.061142,-27.928331,-30.031872,-29.757273,-27.761639,-27.47257,-28.469267,-28.80493,-28.837984,-21.824966,-20.915129,-24.81281,-29.524803,-32.30032,-33.169075,-34.24912,-35.2157,-36.864468,-36.15739,-35.208393,-37.91817,-39.502842,-40.31726,-40.65676,-41.049072,-34.155823,-22.784607,-15.654784,-15.535307,-19.155003,-21.131647,-22.74373,-26.62188,-27.220772,-26.397303,-29.289272,-30.038872,-29.458704,-27.577549,-27.88619,-31.080776,-32.14798,-34.073624,-30.339735,-23.862093,-18.687336,-12.126723,-10.183772,-10.098391,-8.740883,-9.412838,-13.116079,-17.773785,-19.716705,-22.470406,-24.97255,-27.542494,-30.02634,-29.975292,-27.297832,-22.06441,-15.491662,-15.432592,-17.544825,-18.622034,-16.280983,-13.886148,-14.948198,-21.65773,-21.312502,-18.105349,-22.809904,-25.457264,-24.5144,-24.41717,-22.293348,-17.741665,-20.061432,-20.710943,-21.627598,-26.083866,-25.43261,-27.478825,-29.84287,-28.736942,-27.83495,-26.02128,-22.322964,-21.580439,-22.2387,-24.889841,-28.314106,-30.890324,-31.400137,-26.36649,-17.21708,-12.580667,-11.783098,-14.510713,-17.62482,-18.574402,-18.591152,-19.18085,-20.728924,-22.088882,-22.623318,-24.147264,-24.303444,-26.116623,-26.660746,-27.168095,-25.322056,-21.475048,-24.265146,-28.591473,-32.02495,-32.219433,-32.916187,-33.722534,-35.998158,-35.570198,-27.43745,-23.993986,-23.163345,-23.04657,-25.205622,-27.447884,-27.064741,-21.96398,-16.77575,-16.703766,-18.003014,-11.675703,-8.75241,-11.934661,-16.459694,-14.21145,-12.535223,-15.5967865,-22.706282,-21.353872,-23.161966,-28.292118,-30.317463,-28.284914,-22.459042,-20.317278,-22.37361,-30.570667,-32.099407,-31.574322,-30.763924,-35.62588,-38.111847,-36.650272,-38.280327,-39.149616,-37.322945,-38.716274,-39.456673,-39.60739,-30.53822,-19.78596,-16.31407,-15.039513,-16.927082,-21.07265,-23.631008,-24.72557,-24.859419,-26.841248,-27.648878,-29.1679,-30.431997,-26.532349,-27.413033,-33.50935,-34.73005,-36.501125,-31.16213,-25.759968,-27.673523,-34.45278,-38.482853,-40.436096,-42.606052,-43.1254,-44.08419,-37.66804,-32.92645,-27.675121,-26.784607,-29.53885,-31.067064,-32.646393,-31.382639,-17.465042,-12.595991,-14.838256,-18.345964,-21.479408,-23.907013,-25.110344,-24.527336,-27.09142,-27.89788,-30.366093,-31.017153,-28.51604,-28.536303,-27.774008,-29.141441,-24.108852,-19.534967,-22.816944,-24.94602,-28.979733,-33.153988,-32.808784,-34.272015,-34.781635,-35.846687,-37.726513,-35.709335,-35.195194,-36.80112,-37.541424,-38.35567,-38.621826,-30.68181,-20.873463,-15.958272,-15.590386,-19.173477,-24.100357,-25.125671,-25.486927,-26.251,-27.120657,-28.796772,-29.768478,-31.044075,-27.984419,-25.66322,-29.730015,-33.642773,-30.02193,-23.972551,-24.795158,-30.629597,-33.99945,-35.93305,-39.02857,-37.064392,-37.89823,-39.346653,-40.23488,-39.411095,-29.214874,-27.121773,-30.34585,-31.776628,-29.870531,-31.729105,-21.470352,-15.738687,-15.491869,-17.7142,-18.823587,-22.427036,-22.865425,-23.90154,-25.666672,-25.879534,-27.270454,-30.23896,-30.46876,-30.284023,-30.395458,-29.356318,-23.325455,-16.240376,-15.170498,-14.911507,-14.729864,-15.095882,-18.691496,-23.856895,-26.161427,-29.784214,-29.781109,-26.196173,-21.894033,-19.714643,-19.574997,-18.515324,-16.938604,-16.779377,-17.245,-13.276579,-11.634775,-13.651353,-13.79092,-14.021201,-13.42276,-13.709766,-14.426367,-14.028587,-14.1872225,-13.209619,-13.732803,-18.148262,-21.6473,-20.603622,-20.484379,-20.486317,-17.879196,-18.555449,-19.89686,-21.074978,-18.52951,-18.851677,-21.05212,-23.184317,-23.854763,-23.87375,-20.504484,-18.585775,-18.265783,-16.982933,-16.585918,-17.857931,-18.833282,-19.540716,-18.404383,-14.727682,-15.99332,-16.576567,-18.721432,-23.41193,-21.887257,-19.168032,-18.146797,-18.253826,-19.309107,-20.283682,-19.831947,-21.24863,-22.98372,-22.033138,-20.57947,-18.042683,-18.440878,-23.436337,-25.178442,-26.214561,-27.319725,-31.077305,-31.511993,-32.886997,-32.45677,-33.446617,-35.32836,-34.598812
-17.664175,-20.237614,-22.2534,-23.410122,-25.17827,-25.868929,-24.63779,-27.373135,-28.319134,-28.673607,-29.065834,-31.562614,-30.664196,-29.43042,-17.895473,-17.403955,-28.792782,-36.375366,-36.58392,-38.093597,-37.43883,-38.921894,-37.276627,-33.526302,-24.155693,-20.286234,-20.773561,-22.818129,-25.2542,-28.076138,-27.347553,-19.206871,-15.154316,-14.69754,-18.386724,-21.924887,-24.22985,-26.407272,-28.156666,-29.400595,-30.319954,-26.285982,-24.355217,-23.638754,-23.502645,-25.882137,-26.89706,-25.658798,-24.856304,-25.149298,-26.013912,-28.91962,-30.628922,-31.629398,-34.485794,-36.98529,-36.95581,-37.82661,-38.501915,-39.8021,-41.300854,-43.425022,-43.345676,-43.232708,-39.901474,-23.635435,-16.990854,-17.068226,-18.581484,-21.847315,-21.678402,-24.489527,-26.85418,-27.413523,-30.672516,-29.935093,-27.798002,-27.975693,-25.78375,-27.91824,-33.354935,-34.4527,-32.567688,-29.148882,-26.074888,-29.66261,-36.529774,-37.230774,-38.498505,-40.05931,-39.530556,-40.635906,-32.031677,-25.645382,-25.874508,-28.286636,-29.275778,-29.010803,-30.034323,-21.438713,-14.712907,-16.201164,-20.198334,-20.180252,-21.335918,-23.69635,-25.631401,-27.333193,-27.063606,-28.544338,-31.353342,-29.458485,-28.335373,-30.53404,-33.09966,-31.835535,-30.194912,-26.955252,-25.927332,-29.221645,-35.621536,-34.881493,-36.436962,-38.24291,-40.098694,-39.179035,-37.171482,-38.82069,-39.982784,-41.273224,-43.540848,-43.199444,-42.247272,-27.797356,-17.006239,-14.987098,-16.628044,-18.1331,-20.118235,-24.807041,-26.707611,-25.217,-27.481056,-28.031881,-28.679901,-31.840467,-29.178007,-28.685047,-33.639885,-34.50189,-31.817019,-30.73116,-27.227299,-28.630217,-35.946156,-39.62418,-37.7602,-38.277565,-40.419483,-40.909737,-41.83462,-44.48917,-44.768414,-44.123768,-45.6909,-45.788784,-47.20896,-38.77567,-21.99435,-16.900646,-16.1957,-15.184779,-15.937464,-20.542356,-22.259521,-21.684216,-22.37305,-23.7137,-24.946852,-28.669806,-24.378208,-23.930382,-31.319782,-34.676777,-31.990698,-30.415232,-22.438587,-22.845747,-30.346786,-39.0952,-39.667118,-39.50793,-40.262375,-41.161594,-40.993813,-41.805717,-41.008095,-37.488693,-33.199406,-31.236721,-30.353424,-32.747414,-17.401157,-11.693117,-15.507432,-16.49661,-15.533118,-18.40431,-21.933334,-21.2445,-22.7804,-23.25736,-22.383133,-26.358385,-26.92748,-24.206038,-26.705168,-28.670654,-26.785555,-23.055021,-16.16557,-18.868134,-26.68018,-31.360437,-33.540802,-33.67671,-36.36915,-36.964474,-36.78781,-33.38956,-23.856745,-20.884512,-22.176306,-22.744312,-22.26896,-22.724535,-20.993862,-15.2458,-15.419932,-18.917812,-21.931534,-22.081303,-24.526562,-29.080753,-29.180958,-28.518597,-30.665497,-31.592205,-27.694412,-27.655504,-30.838545,-34.42881,-27.04569,-24.020859,-23.786905,-27.259466,-34.849552,-37.071327,-38.437813,-39.662277,-40.79121,-42.33423,-42.42599,-41.30753,-42.10421,-44.231037,-43.937828,-43.480953,-41.769978,-31.488693,-19.818611,-14.422647,-12.584992,-14.961651,-19.337023,-21.592283,-22.636282,-25.025232,-25.397697,-21.77935,-21.600855,-25.189707,-26.295958,-25.278206,-30.084679,-31.500208,-29.098503,-28.027176,-23.499847,-25.519762,-32.986507,-35.536026,-38.318897,-38.17873,-38.019913,-40.116035,-33.957428,-26.783781,-26.565067,-26.332243,-26.57993,-26.865322,-30.184109,-30.16493,-25.207417,-16.119537,-13.672857,-15.117939,-18.060522,-17.35455,-20.419245,-24.926918,-24.322317,-26.14008,-24.42701,-22.587593,-26.901428,-24.474892,-24.31841,-26.828823,-24.87569,-23.705389,-25.312082,-23.538784,-25.964931,-30.194408,-31.696743,-31.078863,-35.10756,-34.34645,-32.93946,-37.13199,-38.898693,-36.49019,-38.595913,-43.848186,-42.859993,-33.76045,-25.11623,-16.947138,-12.897491,-12.290709,-14.6107025,-13.914448,-17.853943,-22.832985,-20.075191,-20.750134,-23.055683,-21.774319,-24.734362,-25.554409,-24.311089,-27.29924,-25.961878,-24.100227,-23.005867,-24.273052,-26.004908,-30.694628,-33.571697,-29.682081,-31.559284,-35.80833,-33.525665,-31.396162,-30.512274,-32.317146,-33.08106,-33.74846,-35.87536,-35.94783,-17.900414,-13.019758,-13.692857,-13.232528,-13.66614,-15.359241,-16.718256,-19.8747,-22.644882,-20.730766,-19.808977,-21.381395,-23.037298,-21.507668,-23.065798,-26.613792,-22.326754,-19.20267,-22.710072,-27.545197,-30.69183,-30.78225,-27.729595,-25.449131,-24.525986,-23.156006,-25.879099,-30.448196,-31.641123,-32.511414,-32.677883,-29.17778,-26.67366,-24.378061,-18.426605,-12.277439,-11.2066,-12.879581,-15.575661,-15.74998,-18.19735,-18.648155,-17.41434,-17.162178,-18.133877,-19.926722,-21.558716,-21.961979,-22.217276,-23.17405,-22.265585,-23.197851,-25.11132,-24.969631,-28.225052,-29.335266,-28.824032,-30.723297,-31.44539,-30.027533,-30.82616,-22.732565,-15.264229,-12.823362,-11.180277,-10.159516,-10.625387,-11.978506,-13.866598,-13.390812,-14.844569,-14.294452,-15.120464,-16.252253,-12.457353,-9.25072,-11.94748,-21.292366,-22.968872,-22.972275,-21.403908,-17.530384,-15.91222,-17.44459,-19.512379,-20.98089,-19.772814,-21.636341,-26.725883,-29.962147,-30.572334,-28.849403,-25.51168,-23.390997,-21.923115,-21.173508,-22.278812,-22.397928,-22.962555,-22.23527,-22.373297,-23.351719,-20.671444,-11.595002,-11.926077,-14.229273,-13.457455,-15.542598,-17.118881,-18.904575,-23.635101,-23.341494,-24.33163,-23.167267,-21.630264,-24.020903,-25.070517,-26.128403,-29.606905,-28.657364,-22.846832,-22.498571,-28.446522,-31.23853,-32.84393,-32.54828,-34.13335,-35.557034,-35.37946,-31.158237,-27.324703,-25.315739,-26.01881,-27.589647,-28.65981,-28.428574,-29.539907,-20.645206,-16.394146,-15.749458,-13.498981,-14.014414,-19.809397,-20.249538,-22.438484,-21.34805,-18.116796,-21.374514,-25.809658,-22.436325,-22.922934,-26.124191,-26.354416,-25.858376,-22.20288,-20.61953,-21.662117,-19.780775,-17.88478,-17.718561,-20.861034,-23.663177,-26.990892,-28.769854,-26.214066,-23.996548,-27.038029,-32.2483,-27.32071,-24.642809,-26.46261,-22.408846,-16.115519,-14.336781,-13.881274,-16.211033,-20.898512,-20.348204,-22.099552,-20.059284,-19.86882,-24.054615,-23.684208,-24.148226,-24.600916,-23.402832,-22.972013,-23.612541,-24.759695,-22.6741,-22.728477,-28.083012,-30.209019,-30.716175,-32.819523,-31.922941,-31.805721,-35.440094,-32.876022,-28.848522,-28.230124,-30.867434,-32.315228,-35.377544,-34.023148,-28.619402,-19.846237,-14.03764,-15.339283,-18.843943,-21.27534,-23.829706,-24.241259,-20.780394,-18.23773,-16.759506,-16.419943,-16.862215,-17.832127,-19.18504,-20.99789,-18.629477,-17.211882,-16.957193,-17.781752,-18.983028,-23.50425,-25.361776,-24.556824,-24.021605,-24.63121,-28.101034,-28.985836,-29.16992,-29.47929,-29.78664,-30.397814,-21.47137,-13.586035,-12.073207,-17.728952,-18.691452,-15.592756,-14.864386,-15.127282,-18.23581,-20.466114,-21.878279,-23.559172,-22.56692,-23.81093,-20.251238,-18.987755,-19.66183,-17.651293,-18.545628,-22.143723,-19.965906,-17.569016,-19.790293,-22.34644,-25.96132,-28.387072,-29.738934,-29.980696,-29.369251,-28.077238,-30.028982,-30.808804,-30.075764,-31.450153,-32.765984,-32.792267,-26.084793,-13.908312,-13.293738,-18.152851,-20.383083,-20.089762,-21.702461,-22.366999,-24.175945,-26.865639,-29.417688,-29.15007,-30.505331,-34.110096,-37.47963,-37.663933,-38.29476,-21.047913,-14.49974,-19.038086,-24.640629,-26.942024,-32.599293,-33.88184,-35.046276,-37.92705,-38.423317,-38.93294,-41.714737,-43.430885,-43.494934,-42.46917,-42.51543,-43.635597,-40.720848,-22.93421,-13.175407,-11.159659,-11.877328,-15.382546,-18.355558,-18.459776,-20.70087,-24.290983,-25.40675,-27.425726,-29.34396,-26.431253,-22.937328,-23.206903,-25.410612,-24.945553,-23.819874,-17.70894,-18.70404,-25.315256,-29.63275,-30.909367,-31.313644,-32.247234,-32.421703,-34.70648,-36.072784,-35.38343,-36.788795,-38.680584,-39.857777,-41.693214,-41.591114,-30.560999,-18.526577,-15.50455,-16.00698,-17.535963,-20.661083,-21.537035,-22.925934,-24.294909,-24.98046,-25.69763,-26.755522,-27.274685,-25.693548,-24.79827,-27.576172,-28.639187,-28.141495,-22.00254,-19.979225,-24.048597,-29.730034,-31.441986,-32.749763,-34.53461,-36.027225,-37.44745,-38.432266,-40.129524,-40.430626,-40.83248,-41.57394,-42.560783,-34.797646,-26.703579,-16.710941,-14.099246,-15.484189,-18.999958,-20.151161,-21.72178,-24.227066,-25.634937,-28.188515,-28.55043,-24.956257,-23.299524,-22.42647,-20.809856,-22.65918,-24.72127,-23.278553,-20.01869,-19.894335,-23.497673,-30.255836,-31.83632,-31.35027,-30.998531,-34.334957,-35.190086,-35.158276,-36.009834,-37.902683,-45.3194,-47.505375,-44.11337,-30.225872,-16.429974,-12.637502,-12.527953,-13.528689,-16.18046,-18.307919,-19.898302,-20.438147,-22.146496,-22.819866,-25.206066,-27.535345,-29.205452,-29.115507,-28.836536,-30.396736,-27.587646,-20.160082,-20.601053,-24.411255,-29.693592,-30.059875,-32.646614,-35.66809,-35.408314,-32.502533,-30.964314,-30.361954,-24.22759,-21.658533,-22.992638,-25.055182,-26.423752,-26.411224,-24.317322,-15.620447,-13.608857,-15.445689,-17.913671,-20.277447,-21.123636,-21.968706,-22.3638,-22.836899,-25.395958,-24.468708,-22.239925,-23.626762,-22.702152,-25.112936,-26.135033,-25.567877,-25.19164,-24.490232,-26.832876,-28.910553,-25.837584,-25.687723,-25.643326,-24.510601,-22.316551,-21.049152,-19.471268,-18.899984,-22.977665,-26.851772,-20.709,-13.721805,-10.9158535,-12.062183,-15.288511,-15.86149,-17.061674,-19.160305,-21.115372,-25.604265,-28.372622,-29.18863,-28.882578,-29.715397,-30.1832,-27.817745,-27.31983,-28.73885,-30.796755,-32.330055,-27.25648,-19.860907,-16.374474,-16.352942,-16.398071,-17.215115,-22.965887,-28.24912,-28.888674,-32.340347,-31.761723,-31.541567,-33.143715,-34.77321,-35.219845,-36.10123,-36.76325,-27.092236,-16.205296,-15.581652,-17.803692,-16.435867,-16.86207,-21.144917,-20.79375,-21.503197,-25.522041,-25.996992,-27.729439,-27.686237,-24.833239,-26.87098,-30.941408,-30.534098,-26.405102,-21.607513,-25.836147,-29.93385,-32.877563,-36.18965,-39.048668,-40.05329,-38.25867,-39.209114,-40.622997,-35.96402,-34.933178,-34.337383,-35.41882,-35.552277,-28.608952,-19.723011,-13.116866,-14.5766535,-18.634912,-21.367844,-21.535425,-23.209705,-27.617609,-27.716742,-27.05863,-29.965752,-32.28293,-31.721514,-28.138979,-28.327087,-30.584923,-31.10683,-31.408936,-25.998175,-23.522947,-25.194567,-31.555,-35.29673,-36.08802,-36.304554,-37.40517,-39.238274,-39.2522,-38.846622,-39.786774,-38.763298,-40.53783,-42.799603,-43.54621,-30.930254,-20.389376,-16.934671,-18.562374,-20.796314,-22.258316,-24.644764,-28.684814,-29.292454,-28.998375,-32.535637,-33.304363,-31.707462,-29.936111,-30.582113,-32.81965,-34.158005,-35.576454,-30.707676,-23.970612,-18.35518,-10.909948,-8.562786,-9.126798,-9.102516,-10.48655,-12.0984125,-17.417343,-18.37938,-19.38892,-24.63623,-26.939268,-28.847654,-28.868992,-29.135334,-22.068989,-14.180747,-15.518333,-17.164103,-20.916355,-17.559383,-13.139839,-15.50565,-23.806036,-19.771858,-16.644852,-21.770859,-25.022013,-25.50542,-25.960924,-21.836754,-16.04652,-18.353687,-20.040382,-20.843258,-24.694777,-25.975735,-28.601122,-30.345366,-31.894272,-32.2333,-30.412123,-27.506964,-24.62198,-24.751549,-28.829462,-33.547,-37.607403,-37.39984,-26.977787,-18.406443,-14.22391,-13.962868,-16.758226,-19.759186,-21.60442,-21.227814,-22.170856,-24.511454,-26.032784,-26.1725,-25.97457,-24.055,-27.47854,-29.35899,-29.782324,-23.504131,-19.557806,-24.423893,-30.11502,-33.90909,-35.154198,-35.696808,-36.67926,-39.025513,-38.059494,-29.493723,-25.853302,-24.026281,-23.48818,-26.248444,-29.164354,-28.815952,-22.91127,-19.876343,-20.506765,-18.802988,-10.848947,-8.1784935,-10.779305,-16.604136,-13.068348,-11.084981,-15.425945,-21.9289,-22.401781,-24.360607,-27.899395,-29.10292,-27.48245,-24.020683,-22.303667,-23.933966,-30.850502,-34.054047,-34.715584,-34.32133,-36.25727,-36.2117,-36.16393,-36.648018,-38.491646,-37.941486,-39.524338,-40.28172,-40.76542,-29.372566,-18.12633,-14.97645,-14.256222,-15.242366,-18.31086,-19.919695,-21.053774,-21.251356,-22.913054,-23.723356,-25.540953,-27.592068,-27.702711,-27.76789,-30.979706,-31.955835,-33.48707,-30.71943,-25.748798,-26.611444,-32.727463,-36.96776,-37.83663,-39.44676,-40.094166,-42.149296,-36.387817,-29.768623,-24.453423,-24.492481,-27.90725,-28.827763,-30.291672,-28.927992,-15.633985,-10.33785,-13.145163,-17.649912,-18.137957,-21.013155,-22.169706,-21.53034,-24.104483,-24.812738,-27.37669,-29.661524,-28.796911,-28.01538,-25.47522,-27.698456,-25.906965,-21.794891,-24.176308,-24.732754,-26.948406,-32.92804,-34.39077,-36.493378,-35.285213,-35.38151,-38.644024,-37.408306,-37.488956,-39.53608,-39.37166,-41.038326,-40.791466,-31.28778,-18.949385,-14.239553,-14.69657,-19.971478,-22.215172,-22.7693,-24.03125,-25.50307,-25.863113,-27.30034,-27.63695,-30.217123,-24.478664,-23.21476,-29.295551,-32.240463,-30.17866,-23.49941,-22.80584,-29.38514,-35.5828,-37.0308,-37.83546,-35.14017,-38.00708,-41.82096,-41.2857,-35.798977,-23.650057,-23.806856,-30.61511,-30.672445,-29.135532,-32.173176,-21.962778,-16.817726,-15.032444,-16.01281,-17.6367,-20.976374,-20.120491,-21.575964,-26.068207,-24.615011,-26.110258,-30.316984,-31.492813,-34.25365,-34.890114,-32.56713,-20.41528,-14.647876,-15.615595,-16.044825,-13.945463,-13.55297,-16.603638,-22.496899,-22.382488,-23.853178,-24.240871,-21.410751,-20.59198,-20.192888,-18.83409,-17.311724,-17.461756,-17.861992,-17.053778,-11.635705,-10.604292,-14.555643,-13.156576,-13.497408,-12.967921,-12.332434,-13.205489,-14.49818,-14.67441,-13.046002,-12.66014,-16.686047,-21.044989,-19.734901,-21.202797,-19.288174,-17.698635,-18.093105,-21.967506,-22.724302,-19.055796,-19.06533,-20.500956,-22.906626,-24.477617,-21.4586,-19.414658,-18.28974,-18.48418,-18.320889,-17.38979,-18.375101,-18.944075,-18.932312,-18.629305,-14.203449,-14.421425,-14.403939,-16.759178,-20.853287,-19.914988,-17.56589,-17.590176,-20.934572,-23.669512,-21.333971,-19.072172,-20.411171,-22.120626,-20.99123,-20.532753,-20.757921,-21.007,-23.683508,-24.763332,-24.696571,-25.316319,-26.29216,-28.04182,-27.999441,-28.90776,-30.93643,-33.3367,-32.483593
-21.836544,-23.605425,-25.827618,-27.97034,-30.623566,-30.69651,-31.183702,-32.36358,-30.364082,-28.330173,-32.80971,-35.014297,-34.435738,-31.645811,-21.904905,-21.754124,-32.74544,-38.036736,-39.745552,-42.858536,-43.400074,-45.249077,-45.489853,-36.87883,-28.043,-25.072903,-23.823616,-23.594517,-23.529465,-24.746866,-27.700447,-19.968107,-15.01556,-15.958353,-20.13961,-22.9212,-26.097242,-28.324184,-31.310448,-32.136665,-32.219585,-31.121628,-31.703598,-32.194885,-32.325787,-33.34646,-34.80596,-30.076445,-27.576849,-28.990887,-31.462238,-36.959282,-37.891327,-38.437866,-40.191933,-39.680542,-38.963825,-40.639076,-42.904663,-44.561993,-46.449203,-47.122253,-48.02636,-48.21723,-38.27791,-22.648094,-15.597576,-16.418812,-17.957176,-20.407675,-23.985006,-27.13746,-28.38949,-29.854942,-30.750807,-30.040401,-31.140545,-30.28276,-27.228523,-29.847067,-35.055504,-33.441177,-30.528553,-26.833687,-24.425592,-28.967522,-37.11982,-41.29696,-42.36633,-41.133858,-40.988907,-43.975487,-36.377186,-31.796057,-31.615143,-31.743423,-32.974125,-33.170937,-32.04386,-19.11166,-12.342439,-15.939402,-23.191948,-23.440857,-25.056944,-28.572664,-31.187122,-32.802673,-34.4321,-36.097713,-36.856056,-28.59022,-28.345776,-34.216454,-39.21672,-33.626335,-30.33864,-30.062616,-28.779709,-32.55403,-38.436142,-37.2513,-39.911636,-40.780045,-41.403175,-39.947823,-36.439445,-35.44845,-37.595493,-40.00223,-42.252495,-43.807735,-41.289894,-25.771156,-16.229578,-15.791158,-17.858501,-21.126587,-23.891867,-25.652576,-28.488607,-30.600552,-31.065178,-32.46298,-33.056496,-33.91775,-31.262943,-32.270412,-37.387787,-38.792408,-36.89047,-29.65831,-25.426817,-29.403975,-38.58875,-41.64218,-40.6994,-38.05573,-38.543663,-42.473236,-43.894676,-44.920315,-46.493107,-47.35649,-48.69196,-49.838593,-51.0149,-39.603413,-23.914158,-17.980225,-16.777796,-17.62697,-17.109394,-18.336811,-20.951836,-22.906544,-21.441963,-21.801594,-24.299105,-27.541086,-26.442116,-27.28889,-33.52246,-36.55076,-37.43543,-33.077457,-26.268587,-25.555893,-30.243668,-38.679813,-41.303604,-41.886257,-41.641815,-42.17278,-41.271206,-41.91877,-42.96718,-40.96106,-36.8506,-34.412727,-33.646923,-36.018555,-20.13461,-14.289833,-17.280212,-20.554493,-21.810305,-23.343006,-25.302525,-27.61586,-29.028635,-28.8961,-29.364315,-32.408356,-32.86279,-29.450405,-33.76763,-37.100723,-34.726128,-27.860985,-20.148586,-21.822514,-26.9445,-34.657093,-38.693943,-39.91897,-39.812553,-38.556934,-39.11093,-33.08007,-27.291466,-26.248037,-27.132793,-29.717598,-28.324907,-28.053083,-23.33914,-15.374161,-16.286308,-22.507801,-25.420044,-29.520704,-32.671375,-32.73521,-31.800404,-31.95586,-33.151768,-33.821564,-27.22872,-27.190363,-30.127918,-36.901012,-31.552399,-25.064737,-24.27987,-29.417467,-38.94642,-42.02425,-43.626564,-44.3062,-45.691956,-46.006554,-44.061554,-39.872894,-40.982964,-42.29466,-39.61969,-39.71584,-41.574303,-30.90656,-18.443506,-14.86743,-15.952646,-21.842434,-26.738966,-28.808464,-30.41513,-30.680115,-34.762188,-37.483948,-36.367153,-35.33447,-32.658554,-31.550245,-35.70198,-40.33268,-41.270863,-29.92442,-24.526516,-27.421007,-35.936626,-40.43296,-41.960182,-44.446465,-45.42316,-45.945797,-42.537834,-34.297165,-30.41334,-31.770908,-36.145523,-39.195065,-39.87202,-38.44464,-25.512083,-17.468197,-15.612629,-17.316587,-21.486834,-25.69202,-28.417324,-31.212633,-32.483387,-31.475769,-31.80825,-31.283707,-31.228354,-28.202393,-30.088682,-34.553886,-33.501175,-26.382832,-26.530903,-26.308239,-31.20705,-38.107937,-38.926586,-40.289024,-42.258232,-42.20676,-42.491196,-42.316856,-42.956425,-44.93965,-46.622772,-45.647778,-45.675488,-35.868416,-27.31467,-18.512005,-16.181696,-17.810352,-22.312866,-25.367899,-26.007027,-27.761316,-29.066662,-31.521635,-33.31383,-32.983368,-33.84312,-32.09974,-33.66959,-38.05921,-36.4986,-31.839832,-24.09018,-23.479553,-28.896753,-36.183365,-38.750313,-41.055817,-42.598553,-43.247498,-42.726322,-39.933533,-35.901142,-36.01744,-38.754833,-42.65356,-44.529995,-41.888344,-18.23312,-13.232742,-15.448069,-18.504637,-18.694279,-17.45466,-18.534304,-22.19784,-23.69305,-21.261005,-22.010807,-24.421715,-27.053957,-29.378735,-32.563812,-34.13594,-26.483324,-20.760105,-24.301302,-32.788605,-34.88564,-35.549664,-33.472878,-27.266376,-25.790289,-24.890831,-25.819025,-26.531408,-27.43895,-31.164751,-31.947468,-29.746038,-28.830519,-27.469284,-20.982359,-14.745236,-15.999443,-17.626549,-19.293367,-20.90846,-24.837275,-27.432884,-26.27411,-23.148811,-23.592987,-27.280787,-25.777662,-25.051497,-25.39174,-27.30833,-27.914139,-27.41581,-28.233398,-27.139202,-29.530735,-33.346085,-35.99236,-39.047546,-37.036114,-34.39901,-34.29715,-24.968414,-16.44831,-12.926587,-14.157738,-14.304552,-14.630924,-15.837277,-16.332481,-14.903459,-14.201773,-16.08112,-19.095413,-19.504095,-14.4424515,-12.434441,-14.958227,-22.80796,-26.610651,-26.33767,-25.767252,-22.164581,-18.241085,-16.922712,-18.236217,-22.217384,-22.258797,-22.713936,-27.328854,-28.400719,-26.037443,-26.128662,-26.814484,-23.77549,-20.789375,-19.360638,-20.330717,-19.956417,-20.446331,-19.899027,-19.518274,-20.530703,-21.185852,-15.106305,-14.683083,-18.20271,-20.042429,-22.734148,-25.688524,-25.774672,-27.468681,-29.113281,-31.412033,-32.7651,-31.833965,-28.60249,-27.752,-31.260712,-35.929405,-37.4665,-28.552732,-25.679474,-30.890575,-36.90497,-37.08862,-38.510723,-40.011665,-40.102993,-40.96533,-37.365364,-35.670025,-36.06113,-37.463562,-40.007977,-43.76032,-42.613274,-33.107136,-18.948738,-16.057514,-18.102022,-20.88996,-23.489655,-26.134827,-28.034847,-27.435646,-27.76288,-27.848804,-27.78856,-28.201565,-26.26334,-27.118052,-29.420042,-30.483501,-27.02995,-22.69951,-21.549622,-24.848146,-20.658348,-18.330017,-18.50664,-21.148415,-24.93959,-28.402573,-29.373053,-29.85241,-27.816027,-30.282076,-33.37193,-29.281818,-26.059765,-26.597193,-23.619287,-17.596283,-15.216309,-17.762775,-21.63188,-22.97961,-25.679169,-27.297436,-28.154789,-29.904377,-31.024952,-30.8564,-30.166262,-29.37431,-26.41682,-25.989897,-29.159863,-29.269808,-25.501518,-25.395887,-30.17501,-35.537304,-37.94435,-38.092457,-40.22175,-40.115185,-40.369072,-32.655827,-27.064554,-28.850506,-35.889397,-39.25692,-40.42408,-37.000046,-28.019333,-18.549799,-13.473827,-16.28024,-20.847881,-24.35251,-26.273699,-26.764223,-23.989697,-23.706244,-21.786041,-20.336739,-20.242863,-20.301044,-22.345865,-24.998123,-22.870836,-21.606634,-22.634521,-23.3378,-23.358019,-25.596075,-24.890179,-23.847599,-23.269463,-23.303024,-26.724167,-30.255117,-29.863317,-28.68369,-28.658684,-29.231718,-20.351898,-13.865181,-13.401068,-19.113117,-22.295246,-18.626484,-19.521118,-22.576483,-23.570616,-24.856909,-26.565493,-27.384584,-28.314562,-23.88592,-19.296577,-18.244234,-20.364752,-19.827751,-21.363943,-25.227776,-20.342327,-17.991245,-20.98052,-25.336166,-27.906097,-30.391682,-32.922825,-33.309784,-33.315273,-34.58335,-34.936897,-33.289497,-30.768997,-31.49575,-33.440292,-33.339436,-25.348408,-13.589033,-13.888218,-20.343002,-21.979282,-24.158648,-27.95776,-30.028835,-29.971493,-30.403515,-32.297474,-33.960823,-34.464733,-33.946148,-36.529686,-38.819653,-40.722332,-27.365906,-20.67543,-23.484705,-21.901781,-23.921206,-32.563416,-35.46176,-35.872456,-40.65143,-39.133682,-38.59266,-42.038475,-44.10576,-43.485832,-43.00342,-44.145546,-44.208534,-39.53037,-26.004612,-17.747496,-17.166769,-18.983582,-21.361702,-26.863789,-28.838728,-29.409016,-32.17531,-33.68739,-34.547775,-33.72178,-34.163147,-29.970264,-29.95942,-37.400314,-43.061188,-33.639687,-23.40132,-22.767649,-28.75559,-35.73628,-38.62286,-40.82872,-40.68284,-42.752754,-44.540653,-44.910057,-47.203217,-48.83918,-49.364376,-49.879425,-49.403908,-47.023796,-31.09248,-18.081453,-15.229357,-18.093943,-24.494087,-30.101679,-31.478104,-33.760445,-37.56888,-37.00211,-39.717133,-40.248795,-37.962513,-37.22255,-31.643932,-29.95514,-36.14971,-37.35081,-26.78312,-23.71547,-28.28906,-35.14667,-35.819016,-41.797783,-45.422405,-45.107037,-47.5282,-48.304123,-49.521774,-50.86219,-51.0149,-51.0149,-50.62738,-38.01386,-28.909374,-20.583424,-18.943346,-20.789082,-23.15381,-28.230436,-30.827883,-32.107418,-34.83026,-37.53307,-36.09374,-36.530003,-41.532005,-32.604893,-28.183144,-32.780193,-39.916058,-31.400505,-23.860348,-23.811052,-30.417114,-38.2085,-40.732613,-40.22623,-41.034195,-46.324226,-48.3332,-45.66366,-40.58008,-40.42891,-47.423317,-46.82987,-42.037994,-29.227135,-15.595873,-14.569501,-18.830784,-23.118092,-26.178673,-28.773615,-31.47772,-34.670437,-31.94537,-26.524343,-28.840088,-37.33647,-40.841843,-41.07927,-42.06259,-38.684036,-30.081955,-20.66362,-20.54042,-25.737083,-32.39885,-34.45555,-36.174133,-36.993237,-36.143642,-33.494972,-29.867168,-31.390282,-29.3696,-27.524424,-27.340977,-26.876133,-27.043758,-27.156422,-25.175201,-17.015135,-14.167243,-15.6800375,-17.768074,-20.113754,-22.529644,-23.449324,-21.629185,-21.601183,-23.056942,-21.962538,-21.896935,-24.75774,-24.053753,-23.544064,-23.565926,-23.739017,-23.242977,-24.527191,-30.217669,-30.705746,-25.016565,-23.531141,-22.717701,-20.622963,-18.093622,-17.189005,-17.734467,-17.086763,-20.931442,-27.518723,-19.184685,-14.362585,-11.570837,-12.1136465,-13.627069,-16.370127,-18.38078,-22.274792,-25.018433,-26.541178,-27.017681,-28.35417,-29.02439,-31.474543,-31.183765,-31.913376,-30.053238,-29.419228,-31.882812,-33.600143,-26.66394,-20.793877,-18.132101,-18.385612,-17.007778,-17.711363,-24.06406,-28.494625,-30.30403,-33.10707,-33.54006,-33.51374,-34.831764,-35.73973,-36.75858,-38.409237,-37.62985,-26.752747,-17.690825,-18.057438,-20.836296,-23.910755,-25.636017,-28.36086,-31.270008,-32.23752,-33.14171,-33.036274,-32.884933,-32.960842,-31.369925,-33.25848,-35.87348,-40.45019,-29.534134,-23.289604,-26.711542,-31.282064,-35.69559,-41.08133,-43.520615,-43.652527,-45.436707,-46.41199,-42.778206,-38.13988,-37.169518,-37.442745,-39.47238,-36.745876,-29.161179,-19.014948,-12.637843,-15.076112,-18.755398,-21.659924,-23.000591,-23.846895,-25.354515,-28.45139,-29.778286,-31.387222,-33.89569,-35.318237,-32.027737,-31.388475,-34.454247,-35.90751,-35.248764,-26.908703,-25.629618,-28.627893,-36.165043,-39.376026,-41.010136,-40.82979,-42.05088,-43.073013,-43.159866,-41.979374,-43.445873,-42.37014,-41.68457,-43.99141,-46.376854,-36.357586,-23.444607,-19.2401,-20.705032,-24.17801,-26.848078,-30.146938,-31.124773,-31.483631,-32.736782,-34.14733,-35.24442,-35.796135,-34.349224,-33.693462,-36.87992,-41.105255,-40.14363,-26.406929,-20.118963,-18.650784,-13.080789,-10.988131,-9.99457,-10.388242,-12.808868,-15.754603,-19.497044,-20.868475,-23.199013,-25.916645,-27.96088,-30.273045,-29.397213,-29.27748,-21.449406,-14.187006,-16.886154,-19.923416,-21.50649,-20.666008,-15.538039,-16.738796,-25.952656,-20.319765,-17.049261,-21.909286,-29.388706,-30.971415,-29.73624,-22.704205,-16.178099,-18.115334,-21.203838,-20.650513,-22.829834,-23.30985,-25.661385,-29.212925,-30.011244,-30.924206,-28.69528,-29.050835,-30.243614,-31.071394,-33.42421,-36.36358,-36.87496,-34.57543,-25.985493,-14.793457,-14.54907,-18.36343,-20.144518,-22.35715,-25.376205,-29.420017,-29.696224,-29.99203,-30.447563,-30.177137,-29.5279,-27.867987,-28.594734,-30.437057,-31.217667,-26.116665,-22.172205,-26.707829,-33.48018,-35.587708,-36.65837,-38.72123,-39.494774,-41.308083,-40.143982,-35.228943,-32.670616,-29.660826,-26.589708,-28.73702,-33.69033,-31.581425,-23.93575,-19.463179,-19.169104,-20.033165,-12.889723,-8.6762085,-10.858898,-17.031685,-13.213434,-10.380756,-16.457485,-24.099766,-21.841127,-22.72884,-26.281755,-28.743088,-27.5245,-25.020626,-22.490128,-23.414278,-29.983995,-34.43672,-34.939987,-33.630066,-35.20913,-36.135868,-36.515564,-37.504585,-39.83432,-41.396366,-42.445503,-42.159344,-41.64628,-26.991081,-17.13022,-15.870093,-17.645933,-21.463322,-22.536102,-24.398201,-27.26961,-30.22924,-31.134655,-33.04647,-34.404594,-33.563084,-32.502625,-32.437378,-34.99038,-37.453693,-37.65204,-31.358639,-26.33564,-28.34769,-35.77202,-42.86815,-43.395008,-43.68484,-44.12097,-45.593292,-39.755997,-37.679695,-30.479853,-27.729647,-30.400515,-31.955187,-32.427498,-30.477081,-18.713364,-14.450208,-18.707315,-23.745903,-25.184801,-30.216759,-34.931522,-35.68754,-35.801655,-36.10414,-37.144497,-36.252968,-34.006287,-30.753786,-29.612913,-33.27714,-31.582275,-25.522337,-24.741838,-26.855585,-31.362553,-37.76948,-40.166832,-40.217636,-42.72181,-43.82926,-44.293503,-44.983284,-46.77495,-48.584133,-50.065872,-50.30031,-41.93968,-31.311531,-21.705854,-17.726486,-19.002428,-21.697485,-24.707796,-27.44837,-28.495834,-29.435892,-31.163303,-34.476032,-35.748554,-36.044125,-31.588043,-28.729345,-30.468071,-37.21333,-34.515358,-28.056547,-27.344152,-31.619799,-38.137623,-42.765217,-43.98523,-44.06,-44.976944,-46.23709,-46.824844,-37.09166,-24.013096,-23.410616,-27.521364,-28.397486,-27.471323,-33.224594,-22.059822,-17.908487,-19.223331,-23.088587,-23.238745,-23.581776,-27.16483,-31.229143,-31.981821,-33.088978,-35.026955,-34.82343,-34.499184,-36.67352,-39.21308,-33.75217,-18.563673,-11.978239,-11.813622,-12.500752,-12.094681,-12.736538,-14.996458,-18.043356,-17.974106,-18.931726,-20.135155,-20.65998,-19.546288,-19.323053,-18.766659,-18.053778,-18.376017,-18.145796,-18.76387,-14.513828,-14.227113,-15.43358,-13.056846,-12.329351,-13.681875,-15.34602,-16.131609,-15.288724,-13.864146,-13.142406,-13.757265,-17.980654,-21.15182,-19.862257,-21.098148,-19.820326,-17.92706,-17.794237,-23.289549,-23.020912,-18.214344,-18.027119,-21.169922,-24.111149,-23.840368,-20.14341,-19.830612,-20.419329,-19.861118,-18.358946,-18.893635,-22.210758,-21.153114,-19.68342,-19.514551,-16.14195,-15.421862,-18.095161,-22.7849,-26.49556,-25.09516,-21.689629,-22.32279,-24.690632,-23.21398,-20.883799,-20.167448,-22.07338,-23.999126,-21.776007,-20.533138,-21.11132,-20.754967,-21.206959,-21.314766,-20.595943,-19.44396,-21.58741,-22.985065,-21.149776,-22.646812,-26.970499,-28.922775,-30.059944
-21.787613,-22.966625,-25.258629,-25.734383,-26.359251,-28.341034,-29.629128,-30.36042,-30.4553,-28.64997,-33.2844,-36.262665,-37.43322,-33.971104,-28.240143,-27.644789,-30.483017,-37.604156,-41.43732,-43.610477,-43.88218,-45.97831,-46.181034,-38.114456,-30.501438,-29.128304,-29.543205,-29.567547,-29.327892,-30.368038,-29.59547,-18.328442,-16.073547,-17.523659,-19.861486,-21.750412,-24.29138,-26.565865,-29.75857,-31.374348,-30.766954,-29.343735,-31.805637,-32.887157,-31.567171,-34.325714,-37.61417,-28.51288,-24.683266,-24.49593,-28.419495,-36.895813,-38.695007,-39.550346,-42.281914,-40.410496,-40.48225,-42.719482,-44.331554,-45.435467,-47.893177,-49.383583,-48.585526,-49.314953,-39.196056,-23.25129,-16.856043,-18.235743,-18.76178,-19.48508,-22.352936,-26.552,-27.296865,-30.063477,-31.172743,-32.14383,-32.03458,-32.165302,-30.12284,-31.74887,-35.994843,-36.014397,-33.10718,-31.928925,-30.380838,-32.974773,-39.1513,-41.962723,-43.247494,-42.464348,-42.160957,-41.69159,-37.26356,-34.91395,-35.376995,-36.52601,-36.933167,-37.76651,-36.71334,-22.904045,-15.828501,-17.469734,-22.122898,-24.669998,-27.145687,-29.059307,-33.586372,-36.490295,-36.020397,-35.287727,-34.126373,-28.661575,-27.614887,-29.79621,-35.267334,-33.20278,-30.054653,-28.711063,-29.838743,-35.442764,-38.02471,-36.753128,-38.58127,-39.38273,-40.92469,-36.19639,-31.573439,-28.034752,-30.044973,-35.233833,-37.739857,-37.607292,-37.61194,-31.609226,-22.158955,-18.10115,-18.802547,-21.67428,-24.47134,-28.479204,-32.372856,-31.719141,-30.919624,-31.937883,-33.027493,-35.31675,-32.459557,-33.32944,-38.638367,-40.58555,-38.27578,-31.777437,-26.958387,-30.87851,-36.736572,-36.480385,-36.771835,-36.848007,-36.692173,-40.494583,-43.096386,-43.920235,-46.330017,-47.200733,-47.575222,-48.074074,-49.477814,-39.468033,-27.247355,-21.591253,-18.947641,-18.171993,-19.212404,-20.559187,-22.323536,-20.697392,-17.87881,-20.30078,-25.253677,-28.153246,-29.299347,-30.227348,-32.533123,-33.93797,-36.22323,-32.65247,-27.85802,-28.638704,-34.73117,-39.23199,-40.931473,-41.412388,-42.069954,-41.199112,-39.93935,-40.41751,-43.048054,-44.31759,-41.459015,-38.968113,-36.63713,-37.500923,-23.974434,-17.71917,-18.426334,-21.713566,-24.399967,-24.748896,-26.701195,-28.811415,-31.054806,-31.587955,-32.144894,-33.95629,-33.24291,-30.25541,-33.965862,-38.283318,-38.776604,-30.988544,-22.476881,-23.622465,-29.043037,-36.85935,-39.326393,-42.18475,-42.660034,-42.455795,-42.19811,-37.64422,-31.494951,-30.720291,-31.535572,-32.552036,-33.32032,-33.13644,-26.200901,-18.09861,-18.183369,-22.66616,-26.40706,-28.033983,-31.347881,-33.233707,-33.086887,-33.95083,-35.2664,-35.34015,-29.937801,-28.56538,-30.951548,-34.60737,-26.393335,-22.449215,-24.308569,-31.553417,-39.81745,-43.18553,-42.971977,-43.946358,-44.507042,-43.941826,-41.315266,-37.81884,-37.831974,-38.90891,-36.679977,-37.562973,-42.287773,-31.338715,-18.496782,-15.7124815,-17.968313,-22.242071,-24.466206,-26.939037,-27.237324,-26.58715,-31.470898,-35.66065,-33.38371,-31.805723,-32.629322,-31.930225,-32.567364,-36.14979,-37.961678,-29.599047,-25.692871,-29.861046,-35.09793,-37.394978,-40.152702,-43.025543,-42.281895,-43.100975,-39.13144,-31.183672,-29.52757,-32.406067,-37.096058,-40.28228,-40.283913,-38.4923,-26.271835,-18.932455,-18.362072,-18.576962,-21.658792,-25.083614,-24.16333,-27.118864,-28.83131,-27.281992,-28.727304,-28.451424,-27.961681,-26.596851,-29.260353,-32.438652,-30.727222,-25.61182,-26.764366,-27.670044,-32.04384,-36.779793,-38.490925,-39.476353,-40.373573,-39.42806,-40.218563,-40.421326,-41.141563,-43.16037,-44.228092,-43.30693,-43.545708,-34.717068,-27.271975,-19.590576,-17.251207,-18.402016,-19.74301,-20.543755,-20.752144,-23.30137,-23.810307,-26.065838,-28.71989,-28.214111,-29.611263,-28.077047,-29.585823,-33.93908,-31.295643,-27.87141,-23.656366,-24.692495,-29.128967,-33.088634,-35.86616,-37.68216,-41.4217,-41.073647,-40.09298,-39.890293,-37.324024,-37.611,-39.934612,-43.73766,-44.339928,-43.564423,-24.140572,-16.755577,-15.515183,-16.009483,-18.959286,-21.788578,-21.69344,-22.90139,-22.223175,-18.197647,-17.819118,-20.700996,-22.392218,-24.167032,-28.36115,-31.392958,-24.896582,-18.733624,-22.313671,-31.324389,-33.453552,-33.73653,-33.293,-30.50232,-29.292305,-27.510834,-26.951385,-27.240332,-29.559095,-31.272488,-28.330482,-27.662312,-28.602997,-27.91395,-22.261639,-16.52335,-16.91074,-19.85311,-23.541016,-21.369034,-23.990538,-27.18629,-28.982183,-27.163877,-24.86107,-27.744041,-30.021015,-30.48379,-29.87127,-27.781372,-26.68451,-24.715664,-26.476883,-27.696724,-30.588902,-32.00214,-35.505756,-38.590656,-37.674805,-35.574326,-32.491127,-26.049557,-17.612965,-13.934435,-13.090738,-12.200202,-12.49137,-11.988491,-12.197468,-9.367791,-8.627882,-11.080474,-15.156563,-17.668077,-13.668417,-10.217166,-12.82865,-21.150625,-26.212652,-23.822712,-24.201664,-24.506706,-20.905376,-17.216545,-16.206825,-19.27552,-20.701965,-22.821472,-27.04189,-26.090136,-23.751678,-23.921194,-23.859434,-21.533627,-19.391554,-18.399406,-19.401995,-19.406307,-20.568172,-21.978714,-21.360676,-21.20073,-20.376095,-18.45725,-16.092426,-17.060442,-18.811853,-22.122715,-23.433887,-22.252054,-24.019836,-24.998314,-27.14542,-29.54481,-28.26812,-28.93423,-29.640102,-30.222929,-32.862797,-35.114666,-26.125069,-23.883568,-30.091839,-32.91636,-34.36853,-36.63599,-38.438305,-37.982964,-38.30501,-35.737988,-33.550793,-34.643818,-37.147266,-39.152523,-41.42325,-40.109695,-33.790325,-20.518806,-16.904198,-17.172459,-18.198803,-19.746326,-22.512247,-24.769226,-24.087809,-25.89021,-27.093792,-25.953388,-26.177645,-26.920662,-27.51078,-29.068249,-30.764248,-27.113186,-24.353125,-26.095621,-27.691368,-23.25508,-22.097961,-21.437826,-22.856659,-25.672865,-29.517246,-33.740433,-34.238457,-31.279839,-32.028614,-34.581764,-27.385918,-24.378216,-26.310663,-23.503757,-16.133883,-14.071294,-18.079626,-19.416655,-18.276608,-21.17846,-22.943304,-24.036137,-26.35534,-27.008362,-28.3092,-27.183235,-27.37469,-25.083668,-25.439585,-28.082771,-28.918274,-27.205553,-28.200161,-31.664286,-35.97237,-37.653072,-37.104675,-38.23125,-37.18281,-37.984512,-30.560162,-26.005297,-28.30064,-36.631016,-40.120064,-40.12529,-38.173763,-28.925201,-19.755247,-15.490124,-16.971096,-19.971216,-22.623283,-22.739122,-22.118744,-19.311024,-19.303282,-21.790867,-20.81768,-19.266718,-19.403522,-21.042122,-22.143173,-21.214958,-20.99246,-22.512733,-24.34883,-25.413572,-24.32292,-22.01049,-19.943401,-18.690727,-19.029373,-22.85551,-26.489342,-26.207901,-25.222897,-24.785416,-26.599028,-21.08743,-16.444223,-17.30428,-20.753443,-21.666319,-19.333334,-20.694447,-20.72723,-20.373781,-22.114935,-23.718512,-25.005074,-25.737106,-23.237583,-19.841663,-20.000257,-21.610954,-22.189657,-23.903774,-25.585472,-21.313133,-18.65335,-20.88003,-25.016577,-28.548714,-32.01669,-35.07898,-34.43944,-33.692368,-33.666225,-32.99524,-32.753975,-34.067963,-33.351673,-33.855473,-33.900227,-27.142124,-16.471788,-16.306864,-20.699385,-21.838741,-23.830545,-27.050999,-27.909925,-27.659538,-29.714212,-32.9008,-32.878803,-34.216408,-35.381016,-38.50005,-41.902576,-43.293453,-32.02611,-24.627632,-25.96629,-23.41595,-25.557814,-31.371609,-32.826267,-34.46737,-38.46092,-37.64624,-36.922546,-40.736126,-43.278946,-43.468338,-42.598778,-44.42401,-44.362778,-38.576027,-28.98017,-19.174799,-17.532906,-20.013256,-22.321642,-23.191265,-24.976952,-25.930405,-26.414288,-27.55973,-30.321594,-32.216053,-33.212734,-34.93753,-34.804466,-36.746872,-42.914818,-32.791435,-24.437103,-25.195564,-33.999306,-40.72916,-42.741203,-43.41858,-39.626163,-40.74202,-45.777443,-47.938637,-50.5177,-51.0149,-51.0149,-50.391216,-51.0149,-48.5234,-33.595287,-21.033041,-17.93825,-21.302658,-25.366604,-29.886848,-30.841501,-30.978745,-30.303762,-31.404669,-33.81332,-36.131577,-35.182884,-35.20192,-33.88356,-33.318325,-38.124844,-37.661922,-28.805462,-27.098053,-31.10046,-37.412033,-37.48552,-42.674683,-48.683475,-49.8374,-49.59579,-50.348434,-51.0149,-49.95277,-51.0149,-51.0149,-51.0149,-40.887726,-28.260157,-18.260277,-16.957052,-19.482704,-20.802414,-26.167343,-29.180252,-28.302021,-29.270645,-32.218655,-34.903572,-35.793564,-38.076717,-32.849434,-28.661386,-33.22829,-38.557278,-31.524084,-24.73637,-24.827597,-31.75916,-39.037888,-42.58904,-41.8338,-42.714367,-48.109444,-46.95349,-44.770428,-40.89296,-42.49671,-48.906677,-45.774937,-41.869644,-33.30934,-20.022697,-17.61772,-18.564455,-21.077198,-22.926876,-26.886824,-27.887735,-29.551542,-28.877333,-26.264034,-28.548779,-35.661034,-37.569744,-37.603783,-39.016796,-40.442795,-30.58496,-22.175684,-21.720304,-25.746468,-31.260899,-35.197807,-36.751587,-37.30828,-35.51156,-36.60759,-34.004234,-34.84337,-32.568966,-29.560284,-28.737823,-28.263178,-27.687304,-28.919575,-25.053143,-18.756508,-18.451117,-20.23914,-19.918299,-20.814358,-22.436142,-22.917852,-23.357693,-23.805563,-25.299692,-26.707394,-28.217892,-29.405115,-27.28483,-25.881998,-27.531422,-29.541243,-27.087355,-27.520195,-31.382202,-33.414227,-28.771416,-23.610321,-21.54646,-20.298645,-17.881578,-16.925323,-17.426912,-17.546453,-21.015045,-26.267582,-21.380634,-15.913052,-12.518551,-13.540997,-15.934707,-17.069586,-18.892723,-23.702467,-25.075796,-25.297289,-26.53096,-29.009026,-30.307371,-32.368656,-32.89817,-33.906933,-30.077574,-28.165245,-31.436234,-34.704662,-27.747648,-23.74977,-22.717602,-21.318615,-19.591442,-20.366667,-26.353962,-29.930744,-31.72489,-32.353317,-34.368572,-34.89575,-35.733566,-35.817616,-37.7088,-39.3631,-39.525513,-26.070503,-16.050589,-16.358828,-20.388279,-21.579409,-22.664257,-24.77173,-26.978285,-30.244905,-33.37564,-32.716755,-31.667776,-32.337463,-32.968925,-33.12979,-35.063175,-39.85209,-39.259216,-32.297756,-29.351492,-33.03989,-38.783,-40.93994,-42.882175,-44.410976,-44.832367,-45.62609,-42.455402,-39.883224,-38.52809,-35.988514,-38.645943,-36.681747,-28.801489,-17.559574,-11.390995,-15.310587,-20.680984,-23.125961,-24.969261,-28.279701,-30.422874,-32.408478,-33.833767,-35.191513,-37.215954,-38.13169,-34.134033,-32.892834,-36.153484,-38.422905,-37.605373,-27.357685,-25.484318,-27.837402,-36.789955,-41.473003,-41.934036,-43.55266,-42.61261,-44.527084,-43.961224,-40.5291,-44.28862,-47.703472,-45.95686,-45.635147,-48.35231,-35.776016,-23.988834,-19.772173,-21.217724,-24.178019,-27.284687,-30.342848,-31.850239,-33.379665,-34.93057,-36.108677,-38.73807,-40.186275,-31.454735,-30.021263,-36.320496,-40.761562,-39.88921,-25.917852,-20.025042,-20.40356,-15.909391,-12.474204,-12.042366,-14.1474285,-14.92705,-18.317636,-21.540108,-23.156693,-26.019,-27.44992,-28.499176,-30.260374,-30.634441,-31.742794,-21.83873,-14.684564,-17.477934,-20.507778,-22.466793,-22.629566,-17.621675,-18.667768,-27.000298,-21.364311,-18.467937,-24.084862,-33.320545,-34.850826,-30.914242,-26.246815,-19.196661,-20.393965,-22.814945,-20.577759,-19.911997,-20.11792,-21.736427,-24.13597,-25.414879,-25.355165,-24.754673,-26.035099,-24.572565,-24.320568,-28.396072,-32.625984,-33.412422,-31.257126,-26.409748,-17.480665,-16.894882,-21.180801,-26.107521,-28.271475,-29.323692,-31.452286,-33.740334,-35.936813,-36.4498,-35.777805,-33.44079,-30.259657,-31.790386,-33.77456,-34.94272,-28.82968,-24.459581,-29.819994,-39.077744,-40.188828,-40.732788,-43.37893,-44.666348,-44.98657,-39.432076,-31.186977,-30.450098,-30.37282,-30.36306,-33.280365,-35.88761,-32.612225,-23.272074,-19.498583,-21.698795,-20.927303,-13.166311,-11.178385,-15.62147,-21.373444,-14.093744,-9.976202,-14.3224325,-24.158707,-19.554474,-21.847809,-29.151915,-29.624,-27.267656,-22.802465,-24.762556,-30.934357,-32.391376,-35.367878,-36.799282,-35.768578,-34.964466,-37.561665,-38.78854,-38.571087,-39.727062,-41.999012,-41.40154,-42.948643,-43.26239,-28.839636,-18.412725,-16.011215,-17.180445,-20.81897,-21.38365,-22.523497,-25.502201,-28.573292,-29.323849,-30.795624,-31.486176,-31.426369,-31.068756,-31.83823,-32.78611,-33.310745,-33.81589,-30.245535,-25.537355,-28.477161,-36.23894,-39.031517,-40.447014,-42.68722,-43.359726,-43.892918,-39.239353,-35.65763,-30.259466,-28.28648,-31.537952,-33.41824,-34.14802,-31.979704,-22.955763,-18.861658,-20.445879,-24.07333,-25.988049,-29.24995,-30.947872,-33.421696,-33.92827,-34.933056,-37.863773,-37.09685,-33.345245,-27.357609,-26.470898,-33.33066,-32.60224,-29.171486,-27.327024,-27.445148,-31.183388,-37.95884,-41.822773,-42.02867,-41.57013,-43.376102,-43.820747,-44.24008,-47.330254,-47.229126,-48.486626,-50.38496,-42.630276,-30.181122,-19.762861,-17.10101,-19.589472,-20.216202,-23.849792,-27.68887,-28.191761,-28.205091,-28.818161,-30.847036,-31.802364,-31.785305,-29.100588,-28.079254,-32.443058,-37.085896,-34.57421,-24.235754,-22.083744,-30.025158,-38.932602,-42.834988,-43.23648,-43.285286,-45.32727,-47.017365,-47.826775,-43.727573,-30.997707,-27.38766,-28.461155,-32.414986,-30.964117,-35.89189,-24.823101,-19.75681,-19.477827,-21.214397,-22.327366,-23.469477,-25.312153,-28.47033,-29.028831,-30.107758,-32.62453,-33.85789,-33.99433,-35.00938,-38.1018,-33.466423,-19.68567,-11.187826,-8.855213,-9.321318,-9.984222,-11.832285,-14.442291,-17.074907,-16.33291,-18.611706,-20.390207,-20.841043,-21.348606,-19.187733,-17.399137,-18.122086,-18.835669,-18.549717,-18.699774,-16.821241,-15.539684,-15.6943035,-14.205121,-12.830168,-13.710321,-15.834513,-16.671675,-15.083084,-12.9502125,-11.342512,-13.158094,-18.706799,-22.95974,-21.048449,-21.393385,-21.396788,-18.541239,-17.419764,-21.220778,-23.851755,-19.321266,-19.920813,-22.912521,-23.172035,-22.894405,-22.436144,-22.26059,-20.536064,-20.069618,-18.394386,-20.501778,-25.623724,-21.589964,-19.678043,-19.250303,-17.596123,-15.881407,-18.851564,-21.699083,-26.2832,-26.27204,-24.99157,-24.618065,-21.19183,-20.079052,-21.287117,-20.600365,-19.141802,-18.488958,-16.791578,-16.278158,-18.199017,-19.568012,-18.424164,-19.464762,-19.526608,-17.705399,-20.730207,-23.729334,-19.382275,-18.454483,-21.860645,-24.61515,-26.380789
-25.137821,-25.185509,-26.595982,-28.57439,-27.32734,-28.370398,-30.709633,-31.35704,-28.877117,-27.21725,-29.710863,-32.084988,-32.149643,-31.296167,-28.470919,-29.368507,-35.565216,-37.41292,-38.1244,-39.36481,-39.233997,-39.055023,-39.87594,-38.74147,-27.592947,-25.059704,-26.846035,-27.396664,-26.624252,-26.63448,-27.316116,-21.010693,-15.814338,-15.894487,-18.37292,-23.706186,-28.753538,-29.92553,-29.091948,-31.222515,-34.049496,-32.345284,-34.799503,-34.39656,-34.23612,-38.104694,-40.189316,-27.369343,-24.226414,-27.045202,-31.648651,-39.20783,-42.288216,-44.24092,-46.809025,-45.01744,-45.361984,-46.8894,-47.923477,-49.28264,-49.810368,-50.36362,-49.992413,-51.0149,-38.43512,-26.323587,-19.475481,-16.653801,-17.937994,-20.963726,-23.424183,-27.273903,-29.090204,-31.42339,-33.01653,-33.915276,-30.810717,-31.658619,-34.37366,-34.173428,-35.880596,-37.406166,-34.2242,-34.020077,-34.065205,-37.061947,-40.465313,-41.43264,-42.313877,-41.23966,-41.554703,-42.661606,-38.82959,-33.45413,-33.350803,-34.700367,-34.625237,-35.488644,-34.9593,-31.352745,-21.611364,-17.402937,-19.339893,-21.793888,-26.663343,-30.623102,-32.26006,-32.537125,-31.279026,-31.532192,-33.434624,-27.073824,-27.10618,-31.05434,-35.956013,-36.422867,-32.64467,-28.494205,-30.717861,-39.00495,-40.075638,-38.835136,-39.73947,-36.700397,-37.641224,-38.213017,-35.713303,-33.97738,-35.133575,-36.85716,-37.304977,-36.08955,-34.481472,-29.352013,-20.9822,-17.189428,-17.477518,-22.092897,-27.206596,-31.347704,-32.92139,-34.567448,-35.012325,-35.77674,-36.878433,-38.26671,-34.539906,-35.33067,-38.939415,-41.015312,-41.26701,-33.01045,-27.755785,-31.606049,-35.993645,-34.851654,-35.57189,-33.657715,-32.63374,-36.68619,-43.540787,-45.127342,-45.85189,-44.79114,-46.129562,-47.481667,-46.60431,-40.46785,-27.424305,-17.695463,-15.350874,-18.50191,-20.864649,-22.455105,-25.59478,-23.593672,-20.91486,-22.993977,-25.547869,-29.76527,-32.234634,-32.01482,-36.685272,-37.679188,-38.69026,-32.07994,-27.223553,-29.147247,-37.123066,-39.529594,-40.773613,-42.22734,-42.903175,-43.301884,-43.42976,-44.66046,-48.05554,-48.191895,-44.77015,-44.982815,-44.378983,-42.374653,-28.245735,-19.784449,-17.028158,-19.104967,-24.001314,-23.42197,-24.431187,-26.152431,-28.893303,-29.491291,-29.981215,-31.623138,-32.076485,-31.54875,-32.539124,-33.30273,-33.231003,-32.02518,-25.82994,-27.10513,-32.093082,-37.413277,-37.03925,-37.581944,-37.398914,-37.47026,-38.709007,-35.69379,-28.568296,-26.98378,-28.821274,-30.734776,-32.096363,-32.041527,-25.171347,-18.751604,-19.171757,-21.443512,-23.860102,-27.861116,-33.328438,-34.45955,-32.278446,-31.58017,-32.398804,-35.409924,-35.61885,-32.81921,-34.08649,-38.56752,-29.745684,-26.227364,-27.372084,-34.220203,-41.069633,-44.37172,-46.36438,-47.831844,-46.79173,-44.47648,-40.958252,-38.802437,-40.719036,-41.387695,-39.008347,-39.90088,-45.69471,-38.021835,-22.259462,-17.116272,-18.468744,-20.923576,-23.019493,-26.572866,-31.01843,-33.17973,-35.04849,-36.285973,-36.91853,-38.17062,-36.62749,-35.671738,-38.820457,-43.461494,-42.195606,-29.17461,-27.85925,-33.570972,-37.79631,-44.720192,-48.001503,-48.63789,-47.919163,-48.30074,-47.59671,-41.94873,-37.859844,-38.783974,-42.187115,-43.13101,-43.955708,-41.256943,-30.994572,-22.626875,-18.583582,-18.939856,-23.709887,-27.481518,-30.172682,-33.10803,-34.19033,-36.60592,-37.389473,-38.71607,-39.980564,-35.604397,-35.02601,-39.587616,-37.1031,-29.162617,-28.073166,-28.046476,-36.223404,-43.813515,-47.543316,-48.625965,-48.833042,-49.53533,-50.228394,-51.0149,-51.0149,-51.0149,-51.0149,-51.0149,-50.253757,-37.388733,-27.595846,-20.29097,-18.222673,-19.102997,-20.08338,-23.460188,-27.077272,-30.1249,-32.3854,-32.23311,-33.737392,-34.871983,-35.03295,-32.53166,-34.14719,-38.859898,-40.63614,-30.325394,-24.777256,-28.216476,-36.45901,-40.08065,-41.670967,-44.526367,-46.896507,-45.141987,-44.614845,-44.351448,-44.182606,-46.281,-47.48134,-48.659206,-50.985756,-44.31243,-24.599796,-17.762682,-16.60556,-18.02668,-18.929781,-21.95848,-27.41463,-30.39682,-27.492554,-23.08424,-20.245678,-17.405174,-19.18894,-26.580256,-32.488094,-32.38925,-28.93799,-23.34408,-26.685116,-32.847042,-33.217873,-32.818825,-34.10611,-35.114395,-35.242218,-33.674538,-32.166897,-31.042843,-33.065403,-32.424847,-28.181229,-27.197346,-28.217402,-28.550297,-23.998022,-19.353827,-17.640188,-18.7719,-22.666233,-24.251686,-28.240545,-32.412975,-32.610497,-28.45458,-27.966812,-28.438272,-25.45879,-25.170668,-26.79344,-27.900902,-25.391397,-22.996288,-28.32573,-32.852043,-35.109203,-36.908432,-40.842396,-42.254616,-40.04051,-40.523933,-38.134216,-28.337957,-19.811827,-16.923792,-16.660501,-16.357569,-15.396103,-14.109798,-13.567572,-13.776355,-14.397021,-14.521973,-17.244762,-20.91667,-16.85023,-13.130264,-15.686055,-23.712032,-27.222185,-27.235527,-27.346724,-25.260635,-23.379726,-21.013372,-19.724815,-18.54087,-19.589092,-25.617903,-30.566921,-30.340166,-29.596498,-29.6852,-27.492151,-26.358837,-24.51598,-24.160667,-24.78714,-26.900917,-26.858131,-26.387829,-25.911036,-25.935762,-22.866344,-17.230997,-15.013439,-17.055283,-20.719585,-23.107508,-25.470959,-28.897644,-31.913824,-31.536861,-33.099014,-34.82056,-36.35363,-35.705475,-35.146336,-36.75905,-39.64451,-40.757977,-28.453014,-26.216965,-34.1532,-41.44781,-42.74414,-43.63363,-45.485226,-46.87831,-47.48159,-39.551617,-36.149487,-34.725193,-36.30761,-39.72646,-41.83718,-39.008095,-34.712112,-25.536108,-19.460962,-16.935223,-17.14518,-21.582321,-27.399569,-30.537647,-31.865252,-30.614143,-28.683357,-29.943922,-32.835747,-33.537846,-33.363007,-34.270954,-36.97886,-29.232773,-25.712889,-28.46069,-32.56943,-29.152594,-26.91294,-27.739223,-28.815315,-31.294209,-35.492966,-38.434788,-39.239117,-37.859795,-37.611164,-37.968636,-28.455603,-25.09272,-26.534662,-22.869316,-17.881987,-17.460825,-19.123081,-20.762505,-23.461452,-27.528786,-29.200106,-31.32539,-31.106117,-31.68201,-29.730564,-27.807196,-27.235777,-25.265953,-27.401007,-30.242405,-31.261768,-28.39927,-30.999954,-35.649803,-39.439804,-41.523636,-42.507423,-45.08634,-45.89237,-43.381306,-34.735664,-29.84875,-32.190342,-41.276665,-45.622017,-46.54725,-38.980965,-31.365604,-22.965117,-17.599085,-15.165922,-16.902111,-22.17855,-24.15199,-21.498821,-16.882553,-15.930758,-17.523579,-15.817599,-14.676152,-14.599207,-16.161823,-16.880865,-16.374796,-17.156286,-19.641024,-21.856386,-22.368002,-21.22499,-18.377893,-15.898748,-15.168229,-15.184509,-17.910482,-21.091787,-22.081316,-21.656212,-22.261076,-24.674961,-22.36057,-17.71325,-15.373354,-17.710861,-21.956337,-20.31865,-22.215586,-25.326738,-26.219885,-25.650692,-26.138065,-27.67933,-30.665058,-30.422287,-28.221598,-27.939833,-27.37547,-25.54159,-26.97414,-31.838285,-25.643566,-22.87098,-22.895384,-25.37669,-31.329372,-34.741306,-38.014206,-38.28881,-37.005486,-35.228024,-34.571976,-33.852623,-35.325962,-38.12947,-41.883133,-41.65119,-28.276804,-17.787718,-16.897873,-20.040276,-23.952698,-27.890413,-31.477497,-33.65678,-36.357628,-37.1864,-38.45768,-40.240135,-39.865227,-39.763252,-39.96415,-39.825554,-37.996136,-31.056705,-24.175064,-26.838203,-26.258995,-28.3232,-31.787022,-32.35621,-35.11252,-39.117134,-36.955574,-37.277874,-42.233177,-43.02999,-43.675034,-42.567574,-42.828224,-44.979965,-40.045795,-28.244873,-19.171476,-16.126259,-17.96961,-23.913033,-27.770119,-30.660896,-32.01813,-32.46134,-34.53939,-36.451527,-36.004173,-36.752544,-37.901653,-37.885105,-40.399395,-44.429935,-33.23544,-24.400461,-25.195152,-35.282005,-41.88744,-43.05376,-44.476402,-40.47174,-42.529015,-49.8034,-51.0149,-51.0149,-51.0149,-51.0149,-51.0149,-51.0149,-48.53676,-35.448017,-22.112766,-18.254843,-21.609158,-26.755325,-31.585825,-34.644093,-36.50115,-36.867104,-39.79841,-43.162613,-42.63424,-40.484768,-40.763363,-38.21034,-37.207317,-40.9874,-33.855556,-27.607388,-28.301937,-33.100037,-39.73038,-42.09134,-46.69983,-48.529835,-47.261127,-49.583237,-51.0149,-51.0149,-51.0149,-51.0149,-51.0149,-51.0149,-43.225525,-32.583656,-22.95698,-20.111568,-20.872265,-22.555927,-26.940834,-29.703428,-31.393251,-34.224033,-37.051537,-36.550274,-36.38882,-40.169125,-39.157516,-34.642685,-36.587082,-42.364098,-31.58098,-25.892908,-28.48885,-34.007046,-38.91558,-42.1194,-43.296967,-44.91796,-48.97646,-47.30298,-44.74504,-39.257458,-38.902668,-45.540806,-47.82527,-47.126102,-36.440224,-23.209782,-19.813173,-18.505127,-19.130081,-21.709845,-27.633652,-30.396587,-34.257656,-32.4756,-26.580856,-28.13838,-37.82221,-40.02985,-40.444027,-41.31772,-41.132736,-29.689428,-19.891108,-19.227787,-21.971977,-29.359455,-33.98117,-35.351,-36.701195,-36.00677,-37.01963,-36.567734,-36.413227,-30.950455,-27.21257,-26.077465,-25.453484,-26.22295,-25.979975,-26.872948,-22.057045,-17.951143,-18.576778,-21.230442,-23.93399,-28.668444,-27.872093,-28.491838,-32.208496,-33.73894,-33.068413,-33.86186,-35.81958,-33.03144,-31.837803,-32.354702,-32.545544,-29.92099,-27.814653,-31.138294,-36.670116,-35.92002,-27.696264,-22.718393,-21.541523,-20.452484,-18.885353,-19.139992,-18.496899,-20.90479,-26.492842,-24.148014,-17.83458,-14.73015,-13.683115,-16.163576,-17.648388,-18.384747,-22.053392,-25.946665,-27.386791,-27.74061,-31.134312,-31.986122,-34.008553,-35.96694,-36.239353,-31.515644,-31.147234,-36.19006,-39.58431,-26.485313,-23.729383,-24.726051,-23.132174,-21.572186,-24.278175,-27.198181,-25.222073,-27.416727,-32.304264,-35.90712,-37.010162,-37.490795,-38.66291,-40.060993,-41.226696,-41.086193,-25.580805,-15.043832,-15.840898,-19.88925,-21.543987,-27.270844,-30.978558,-33.818436,-34.85458,-33.623684,-34.256367,-34.214626,-33.04415,-31.516956,-33.444794,-36.300602,-35.823597,-35.358757,-32.526722,-30.683718,-32.282124,-36.364212,-40.553402,-41.87455,-42.503143,-42.81113,-44.56726,-43.910923,-40.681705,-39.865864,-38.384968,-41.000134,-38.65186,-28.524002,-20.455746,-14.934156,-16.914537,-20.140263,-22.518902,-22.417,-25.250832,-30.559008,-33.171314,-34.88317,-36.511997,-36.848663,-35.76586,-32.487587,-33.982147,-37.873333,-39.767647,-37.20793,-26.572466,-26.70673,-34.39134,-38.77026,-39.463745,-42.620262,-43.256104,-43.550217,-45.48786,-42.437325,-40.162193,-43.998154,-47.435524,-47.971634,-47.627213,-49.16656,-35.95292,-24.39629,-18.905565,-18.116901,-21.314255,-26.117035,-30.54847,-32.619343,-34.36753,-34.865173,-36.870323,-38.46663,-38.44239,-30.69337,-30.006157,-37.970238,-40.506622,-40.85299,-32.03541,-26.017933,-23.907066,-20.664293,-17.942968,-16.40199,-16.302078,-18.130962,-21.764599,-23.838835,-24.34232,-28.90561,-33.113445,-34.493584,-36.11987,-36.116974,-36.314358,-23.068253,-16.00436,-18.758099,-20.771273,-20.483639,-21.192255,-19.602957,-21.951868,-29.21631,-19.196877,-16.19909,-22.45413,-33.002945,-35.73338,-33.17296,-25.123505,-16.586035,-17.28134,-23.459229,-23.523407,-24.658978,-24.437561,-25.024805,-26.954193,-27.27277,-25.010311,-24.537249,-24.060946,-21.691605,-21.358278,-23.821527,-27.082058,-28.59148,-27.940876,-27.767662,-21.854572,-18.603792,-21.256992,-23.961819,-23.791489,-25.171644,-30.397156,-31.08043,-31.368954,-30.678764,-30.720772,-31.659155,-29.073725,-30.384483,-32.982372,-35.6733,-27.148916,-23.763952,-29.966133,-35.78969,-37.77037,-38.169563,-39.165665,-40.611267,-38.40029,-38.238403,-34.853966,-33.240967,-30.655172,-31.336636,-33.916763,-37.253468,-34.502747,-20.4981,-16.998192,-19.45626,-20.688847,-14.313011,-11.068548,-13.659168,-21.889404,-17.754316,-10.978126,-13.630404,-24.885353,-21.905201,-23.616451,-29.137901,-32.01369,-28.930681,-24.400093,-26.513145,-31.69233,-33.57666,-33.889988,-36.05205,-36.80897,-37.086876,-38.647102,-41.821472,-43.0533,-44.069122,-45.00895,-43.857788,-45.2415,-42.801254,-29.640442,-18.642092,-15.705179,-16.760393,-19.812035,-22.596855,-27.497187,-27.815262,-28.31125,-30.3503,-34.079212,-34.731754,-35.777,-33.760708,-34.413456,-38.143913,-40.409946,-41.12004,-34.22026,-27.587835,-29.713554,-38.755707,-42.91986,-46.67048,-47.684864,-47.042126,-47.725376,-41.83102,-35.86355,-28.33147,-26.629711,-29.607845,-30.825655,-31.688221,-32.01918,-26.270487,-19.093416,-16.486252,-21.13906,-27.117968,-28.010939,-32.056248,-36.673492,-38.2814,-38.670036,-37.542225,-35.66756,-33.162697,-28.985426,-28.566174,-33.85421,-33.505527,-31.473162,-29.101276,-29.044292,-33.541798,-40.29543,-43.46781,-47.50724,-50.43289,-51.0149,-51.0149,-51.0149,-51.0149,-51.0149,-51.0149,-51.0149,-46.303093,-30.80914,-19.419563,-16.543852,-17.787998,-19.443317,-23.657372,-26.186134,-26.766413,-29.536741,-30.814133,-32.47438,-34.199757,-34.9416,-33.420807,-32.3785,-34.889797,-37.681763,-33.68709,-25.692167,-24.39854,-32.27546,-39.906406,-41.90039,-43.410778,-46.625824,-47.682873,-47.783897,-50.59688,-47.50026,-34.80215,-32.63341,-36.097576,-37.265644,-36.08913,-37.399014,-22.979645,-18.107403,-18.39941,-19.758785,-22.640324,-26.852694,-27.648445,-29.28386,-32.164696,-34.628834,-35.15301,-36.828754,-39.133183,-40.44893,-41.036873,-37.60506,-23.50909,-13.994756,-10.24249,-8.7025175,-10.050762,-13.333872,-17.877342,-20.469072,-19.30297,-22.36893,-24.341745,-23.18697,-23.261354,-21.801815,-20.235823,-20.559408,-22.153185,-19.7215,-18.186628,-16.83305,-16.814934,-17.253181,-15.766047,-14.303198,-15.445991,-17.271194,-18.175623,-16.47408,-13.998314,-10.892821,-12.868916,-19.890495,-20.810333,-20.214935,-21.52216,-20.607224,-19.692022,-19.544594,-23.680431,-24.232399,-20.241978,-21.349262,-23.992928,-22.264801,-24.735226,-26.653034,-26.96568,-26.899918,-25.301468,-22.517797,-23.229675,-27.927408,-24.049744,-21.256048,-18.613705,-17.591503,-16.071617,-18.861738,-22.30761,-25.998322,-25.916016,-20.975952,-19.40365,-19.176163,-21.575726,-22.587574,-17.969889,-16.744514,-16.745155,-16.44791,-17.527576,-20.477598,-21.397404,-21.364365,-22.67904,-22.66016,-22.714401,-27.145567,-27.117954,-25.305058,-24.49659,-24.137924,-25.230907,-26.870127
-27.594967,-27.506805,-30.294636,-33.137886,-31.25105,-31.5388,-35.411293,-38.120586,-35.60914,-33.713516,-37.86065,-38.506226,-38.113167,-37.923466,-33.669464,-34.46938,-38.890488,-43.940346,-47.45939,-47.157227,-47.806595,-48.37816,-48.119667,-41.959488,-33.39793,-32.35682,-34.6523,-36.75997,-37.34429,-36.62886,-33.383106,-22.723133,-17.021889,-17.630764,-21.83646,-25.296421,-27.557125,-29.713316,-33.338177,-33.271782,-33.224228,-33.164124,-32.83632,-33.845833,-35.909798,-38.27963,-37.792416,-31.090014,-29.039877,-31.69075,-35.434566,-40.11545,-41.682552,-45.06005,-45.818855,-44.28372,-44.82809,-47.64218,-47.3114,-48.78991,-49.669846,-48.583775,-50.196793,-51.0149,-37.662598,-26.39718,-20.630281,-17.053436,-16.752428,-19.17545,-23.04147,-26.972183,-29.993307,-31.02499,-31.667242,-31.761475,-32.52171,-34.64721,-34.36406,-34.269558,-36.201168,-38.326916,-36.253857,-34.707832,-34.952198,-38.658134,-42.25197,-44.701935,-44.15,-44.599228,-43.603245,-42.478256,-43.69238,-37.28495,-35.857338,-40.062275,-43.27925,-44.681343,-41.19429,-33.659542,-21.9223,-18.664219,-21.55035,-24.300528,-27.9063,-30.67541,-34.692333,-35.550434,-36.02256,-37.195927,-37.54146,-30.975573,-31.238424,-35.056625,-38.94913,-38.920273,-35.448483,-31.408165,-33.42006,-40.520424,-43.217472,-44.256104,-43.18861,-40.084023,-41.16092,-43.0437,-41.367355,-39.940567,-41.189796,-44.63201,-44.806053,-41.916218,-38.218155,-30.707375,-22.360256,-19.765526,-20.211006,-23.131084,-27.769218,-28.521988,-28.996216,-31.896626,-36.954178,-38.038467,-35.02429,-36.025864,-38.19447,-40.033997,-39.85332,-38.973232,-39.87504,-35.341362,-32.772297,-37.042557,-40.409775,-41.470383,-42.190685,-38.05799,-37.18294,-40.875248,-44.918854,-45.19144,-46.36339,-47.67298,-48.889088,-50.54669,-50.116154,-41.421783,-27.895645,-21.184313,-19.818087,-21.086252,-22.353703,-23.41019,-24.613682,-24.620613,-23.80849,-24.697266,-28.36378,-31.224783,-33.267014,-34.910294,-38.276146,-39.190132,-36.666943,-32.467365,-28.574945,-30.007992,-36.915775,-42.15124,-44.049488,-45.074936,-43.651367,-42.51226,-43.986702,-45.56861,-47.14846,-47.383476,-46.07688,-46.139793,-47.09881,-45.533905,-29.176577,-21.083033,-17.25208,-17.58845,-23.50601,-28.25675,-31.212471,-32.04219,-35.28198,-37.70594,-38.01393,-36.95902,-36.296753,-33.49985,-33.82798,-37.46477,-40.658913,-34.97535,-25.768078,-27.138872,-36.714653,-40.060974,-43.217617,-46.24444,-45.720375,-45.55259,-46.287056,-37.594307,-32.52517,-34.541542,-36.857872,-40.33861,-42.63617,-42.41295,-30.405798,-20.85784,-18.789726,-21.858465,-26.586208,-31.947851,-34.38087,-36.669044,-38.824036,-37.578648,-37.994484,-39.840218,-38.163944,-36.31694,-36.943382,-40.82197,-34.133446,-30.760773,-31.096893,-37.361767,-44.321175,-46.304573,-45.82157,-46.461884,-46.375065,-45.608173,-43.718414,-42.5169,-44.218044,-45.707516,-45.185944,-46.15983,-50.260357,-39.601448,-23.144833,-17.613895,-18.601097,-19.996529,-24.167675,-28.709814,-30.437925,-32.629635,-33.55019,-35.28846,-36.613613,-37.323997,-38.47048,-38.680737,-37.835236,-39.877884,-42.009193,-32.71836,-30.62331,-35.75438,-43.047203,-45.493374,-45.07325,-44.706917,-45.848507,-46.862923,-45.084763,-41.877083,-41.3014,-42.278233,-44.285576,-45.42903,-45.67849,-42.369263,-31.227495,-20.78719,-16.92379,-17.453793,-22.787457,-25.653145,-30.116587,-31.491087,-32.252464,-34.828533,-36.24707,-37.262115,-36.653763,-35.402317,-36.353622,-39.199825,-37.15326,-30.684437,-31.646427,-34.19232,-40.075317,-43.446583,-46.94838,-46.9634,-45.880135,-46.92097,-47.238945,-49.75901,-50.741936,-50.969692,-51.0149,-51.0149,-49.98974,-37.111324,-30.264988,-23.341652,-18.978867,-17.683098,-18.384537,-22.495724,-24.323685,-26.903545,-30.899471,-28.65039,-29.373104,-31.73253,-32.528236,-35.158157,-34.721645,-35.49337,-37.130478,-30.302052,-25.673773,-29.27184,-34.047577,-37.615604,-39.27202,-41.715508,-43.3865,-43.294098,-45.040592,-43.725807,-42.44857,-44.524345,-46.112526,-46.72502,-48.449684,-43.67212,-26.516054,-18.91643,-16.514412,-16.476679,-17.307049,-20.038239,-23.56894,-26.490252,-27.876396,-26.153275,-23.976023,-21.88041,-22.736046,-25.64499,-28.559532,-31.74449,-29.12476,-27.150562,-30.616714,-33.353065,-33.921726,-33.15875,-34.28086,-37.492836,-40.35929,-41.792686,-41.773666,-38.977657,-37.781067,-31.25219,-28.190033,-27.98043,-28.970852,-26.965067,-24.540298,-18.701193,-16.938225,-19.750587,-23.913553,-25.87517,-27.94982,-29.88924,-31.300909,-29.76615,-29.310925,-28.931885,-25.52018,-24.871195,-24.402348,-24.540613,-25.13747,-24.060017,-29.892487,-33.408943,-34.824234,-38.18646,-40.30073,-41.747852,-43.333275,-43.54798,-40.26738,-33.434246,-25.919441,-22.130474,-21.037766,-19.205175,-19.873484,-20.392757,-18.97304,-17.958117,-17.26732,-16.545872,-17.88513,-19.437284,-18.228249,-14.684738,-15.120277,-22.948833,-26.325954,-29.073038,-31.473772,-29.06736,-26.440203,-25.059729,-25.553967,-24.016449,-26.04248,-30.51652,-32.383266,-31.521156,-33.24887,-34.01098,-31.474735,-28.833374,-25.819084,-23.402538,-23.743797,-25.611803,-25.755573,-26.424397,-26.399837,-27.390566,-27.525139,-20.751774,-18.291523,-19.148733,-20.508282,-23.54378,-24.162855,-25.395,-29.730324,-31.136974,-29.48203,-30.812605,-31.937178,-34.773056,-36.15618,-35.631794,-37.19692,-36.186188,-31.284363,-30.281908,-36.25919,-38.844105,-39.899982,-41.391785,-41.6742,-42.05427,-45.81688,-43.079876,-37.94378,-35.827763,-37.937725,-39.707695,-41.805847,-40.354084,-35.17348,-27.339455,-20.579227,-19.66789,-21.025923,-23.974333,-26.75062,-27.064627,-29.60402,-27.12772,-25.703217,-27.694149,-29.574097,-31.025951,-32.791153,-34.352394,-34.557846,-28.13304,-25.601711,-28.798325,-33.95738,-32.74786,-30.30525,-28.044474,-28.270023,-31.501272,-35.316463,-39.58587,-37.100258,-36.072422,-37.418873,-38.79723,-30.699482,-26.486721,-27.326973,-22.77116,-18.300629,-17.229969,-19.872032,-19.2451,-21.38158,-23.836796,-24.341564,-26.897293,-26.108925,-28.180162,-28.225506,-27.046917,-27.232027,-26.831549,-29.05078,-31.237885,-31.907522,-30.255596,-30.607647,-35.54337,-37.02064,-38.64532,-40.32082,-41.7672,-44.453735,-42.920486,-36.24214,-31.36798,-34.98503,-43.048744,-45.09048,-47.14569,-40.091457,-31.502745,-23.395689,-18.213045,-18.47698,-20.568247,-24.263538,-25.389622,-24.326874,-21.023294,-19.009354,-18.226591,-16.75458,-15.253689,-15.318354,-16.636236,-17.161526,-15.596167,-15.240363,-18.077522,-20.666277,-21.01477,-20.394352,-20.967943,-20.80633,-19.511059,-18.616566,-20.430344,-23.715096,-24.802439,-26.949389,-29.549826,-29.358728,-21.26219,-16.235779,-16.755219,-21.686497,-22.309757,-18.666073,-19.816147,-23.44381,-24.170351,-25.318611,-26.07183,-29.128597,-29.623404,-31.57397,-32.116005,-31.125408,-31.752037,-29.268528,-30.053604,-32.561607,-26.68639,-23.78794,-23.071623,-26.149256,-32.298717,-35.87074,-38.38041,-37.05903,-35.198418,-33.679245,-33.459694,-34.22274,-35.237957,-36.8722,-41.375298,-42.181976,-30.72881,-21.20677,-19.57412,-21.074898,-24.832422,-26.900549,-29.075996,-29.395039,-31.298563,-31.091555,-33.178745,-33.328827,-32.822605,-37.444508,-40.628796,-38.8911,-37.751278,-35.767433,-30.77343,-32.158985,-33.71756,-35.36992,-36.583763,-37.58979,-39.72943,-41.84568,-40.61272,-41.213512,-45.84649,-49.60927,-51.0149,-49.920044,-47.73678,-46.75001,-43.166042,-28.044788,-18.649015,-18.294704,-21.225946,-24.0428,-28.779549,-30.87677,-33.867912,-35.56793,-38.153206,-38.78815,-36.86663,-36.57271,-38.107212,-39.47102,-42.801968,-43.902782,-34.940613,-26.232384,-27.224085,-35.556446,-40.20286,-41.77952,-45.260323,-41.114662,-40.873062,-46.539627,-50.624485,-51.0149,-51.0149,-51.0149,-51.0149,-51.0149,-48.679176,-34.109695,-22.40633,-19.429888,-21.730059,-25.688107,-30.655748,-34.504124,-36.672043,-38.723194,-42.72895,-45.301098,-44.877834,-41.262012,-42.256298,-40.87528,-41.064865,-42.556572,-33.29875,-28.00807,-30.559277,-35.44941,-40.596943,-41.30753,-46.587135,-48.35067,-47.00852,-49.81947,-51.0149,-51.0149,-51.0149,-51.0149,-51.0149,-51.0149,-42.90757,-35.48163,-26.928255,-20.169914,-19.666534,-24.281427,-27.894005,-29.7172,-31.326113,-35.709938,-38.930187,-38.463013,-37.29241,-39.446285,-39.63443,-35.935196,-39.52043,-44.41275,-35.158833,-29.237862,-29.672565,-36.10882,-42.975445,-47.07824,-46.533447,-47.136925,-51.0149,-51.0149,-46.952637,-40.541473,-40.058052,-46.235023,-49.266335,-47.925533,-37.77282,-25.316559,-21.599335,-20.099619,-20.752247,-22.927845,-27.943035,-34.142284,-37.092278,-34.370872,-29.187386,-31.849539,-42.43223,-42.7957,-42.630623,-44.11331,-42.256966,-34.906685,-26.68663,-25.55,-26.968748,-30.374977,-33.155037,-33.919987,-37.03031,-37.31634,-37.09504,-36.00808,-34.371403,-29.07801,-25.123665,-23.672249,-23.380547,-23.843573,-23.466585,-24.67416,-21.823826,-17.70195,-19.116222,-22.984838,-27.180676,-29.73604,-31.563957,-31.420095,-30.463589,-30.621674,-28.36932,-28.226524,-30.334284,-33.588177,-33.857296,-32.041935,-30.953558,-29.081036,-30.377104,-33.81028,-39.172188,-41.37922,-35.45242,-30.855118,-29.791811,-27.340315,-25.060263,-26.365543,-29.266817,-33.127655,-34.209732,-26.658554,-21.793306,-18.763567,-17.073362,-17.251427,-19.371521,-23.34528,-25.183426,-27.322863,-28.290066,-30.591038,-34.045795,-34.54063,-33.593033,-36.96822,-37.458843,-36.60485,-36.910908,-37.59234,-38.19402,-29.877512,-27.54676,-27.161074,-25.863123,-23.71584,-25.531427,-28.636091,-26.084732,-26.602467,-29.838612,-34.245064,-37.44839,-39.246147,-41.153336,-42.95085,-42.812344,-41.830807,-32.138756,-20.294384,-18.265951,-21.267805,-23.91772,-28.962643,-29.592022,-29.524736,-30.703981,-32.985195,-33.475998,-34.41779,-35.310093,-33.56478,-34.5127,-35.858814,-37.006367,-37.01357,-34.752396,-34.301308,-32.867825,-36.183315,-42.580917,-43.39287,-44.418217,-44.890556,-45.79433,-46.090656,-45.59066,-40.87252,-37.11669,-39.140606,-39.79404,-31.32467,-24.446161,-18.780323,-17.94236,-20.10518,-23.699215,-27.728287,-31.322857,-32.221756,-33.275864,-35.173447,-37.856926,-38.7532,-35.496414,-34.224045,-37.18141,-40.459496,-40.816414,-38.199265,-28.389456,-27.738226,-32.88049,-40.711422,-42.804153,-44.679474,-42.718224,-44.843693,-48.617363,-44.90746,-42.434128,-45.59843,-50.257687,-51.0149,-50.824833,-50.551086,-36.338505,-23.980263,-19.723003,-20.03762,-22.273533,-25.606977,-30.075153,-34.222443,-34.9578,-35.17773,-36.424347,-40.28737,-42.306858,-36.700844,-35.62666,-40.207375,-43.630333,-44.01325,-34.724922,-27.722454,-25.034359,-22.307795,-20.10686,-17.488842,-18.788982,-22.940119,-25.306894,-24.923563,-25.97361,-29.047861,-34.307236,-35.972088,-38.9654,-39.793644,-35.205036,-25.210594,-18.863308,-20.18785,-21.279202,-21.839735,-23.384892,-24.273224,-27.350853,-33.11521,-24.75814,-21.999279,-27.16775,-33.696587,-34.315617,-32.896233,-25.873589,-18.23116,-19.618559,-26.270138,-27.07917,-27.55466,-27.496925,-29.383495,-30.167952,-29.661627,-29.017399,-26.775879,-23.470469,-19.99423,-19.107197,-20.25379,-22.752567,-25.256294,-26.97528,-27.640247,-22.62619,-19.5414,-20.76651,-23.481646,-24.816954,-26.99833,-32.0861,-34.56223,-33.40174,-34.303154,-37.20204,-34.626507,-31.334934,-34.50932,-36.406998,-38.733498,-27.466198,-24.141941,-31.735878,-40.49656,-41.779575,-45.558895,-45.493874,-45.24818,-45.757744,-40.106483,-35.820274,-32.525993,-29.775898,-33.153572,-36.700558,-37.698406,-34.410965,-25.968401,-20.186478,-19.728125,-22.077904,-14.588697,-11.848789,-14.717237,-20.334871,-17.876938,-14.541964,-18.172853,-25.696814,-23.543177,-25.86808,-30.443945,-33.99749,-29.347124,-26.44861,-29.079887,-31.429083,-35.12404,-37.538067,-40.331955,-40.67328,-40.69241,-41.101616,-40.916424,-42.2653,-44.70213,-45.133377,-46.334198,-46.268074,-46.80348,-31.506254,-20.512102,-17.291288,-19.291111,-22.38452,-25.052025,-28.705242,-30.521324,-30.423744,-30.923859,-33.39895,-33.250015,-33.283173,-32.809986,-34.092293,-35.67685,-36.99766,-36.66878,-32.735386,-29.72876,-34.041702,-39.530117,-41.865402,-43.17331,-44.4515,-45.947803,-45.210842,-37.65689,-33.09176,-30.084103,-29.11908,-32.58021,-33.309986,-33.789932,-32.979485,-24.926128,-19.438278,-16.976812,-19.482254,-27.0313,-31.22674,-31.875084,-34.551178,-36.257698,-38.060825,-36.919083,-33.877502,-32.028076,-32.93277,-33.21354,-31.137838,-29.746624,-32.02105,-33.051247,-33.27912,-36.738724,-42.050934,-42.300762,-43.471436,-46.10736,-46.785347,-46.316322,-47.07674,-46.546825,-46.486473,-47.85996,-47.656105,-44.07802,-31.146217,-23.664133,-18.548315,-18.99538,-19.34403,-21.10645,-23.481876,-25.247252,-26.74247,-27.657537,-29.4921,-31.345694,-31.917421,-30.948433,-30.81069,-32.552917,-33.948208,-30.413754,-25.329687,-28.032274,-35.61574,-38.04772,-39.149567,-41.406498,-44.000328,-43.963886,-44.5903,-48.25079,-46.55255,-33.655045,-32.66432,-38.21483,-38.672386,-37.762524,-38.30917,-23.694176,-18.247238,-19.468266,-22.142578,-23.491411,-26.819899,-29.314747,-29.536728,-32.156567,-31.857111,-30.770664,-32.048164,-35.461956,-36.751774,-37.931183,-36.68405,-28.173265,-20.412739,-17.713284,-18.439335,-19.739088,-21.311266,-25.102465,-28.336222,-27.663527,-28.768728,-29.04029,-30.88379,-29.593567,-28.111418,-27.086288,-28.55607,-26.43793,-23.213968,-21.802855,-18.54757,-16.888649,-16.789732,-17.813818,-18.810675,-20.039492,-21.97646,-22.23709,-21.212086,-20.398905,-18.36672,-18.96194,-23.319475,-23.56422,-21.958303,-22.718323,-24.773247,-22.106493,-19.978302,-24.432983,-28.313225,-25.95406,-26.4323,-26.942234,-25.98367,-31.433638,-35.599174,-35.126232,-34.744217,-33.480446,-31.857948,-31.49364,-32.409485,-26.518997,-22.707298,-18.743546,-16.456078,-17.643663,-21.606817,-23.81044,-27.456797,-28.330067,-24.097578,-21.348469,-23.39659,-26.37249,-23.449137,-19.855713,-19.918074,-21.177633,-23.119053,-26.121506,-27.04584,-26.286064,-27.891006,-29.247244,-29.786282,-31.085787,-33.66144,-30.94804,-27.956713,-27.845535,-28.975504,-29.803162,-31.845219
-26.714823,-28.779446,-32.799973,-33.513348,-33.087387,-34.361504,-36.356567,-37.89061,-38.703648,-39.36172,-40.58988,-42.49173,-41.12536,-38.58547,-34.98741,-36.39395,-42.31089,-48.437366,-50.360943,-51.0149,-51.0149,-51.0149,-50.813965,-43.931732,-35.231796,-34.747025,-34.97158,-34.79788,-34.821552,-34.494114,-34.296837,-26.2257,-21.982708,-22.149899,-24.771545,-27.30576,-30.888731,-36.048042,-37.57362,-37.64506,-39.0452,-38.92418,-38.965485,-40.745224,-40.525135,-41.955566,-43.525692,-35.684322,-33.61762,-34.201603,-38.43344,-45.179955,-49.310226,-51.0149,-51.0149,-51.0149,-51.0149,-51.0149,-51.0149,-51.0149,-51.0149,-51.0149,-51.0149,-51.0149,-40.68949,-31.127302,-23.550503,-19.481012,-19.692947,-23.79203,-28.110037,-30.70475,-31.876831,-32.886375,-34.739708,-36.10313,-37.34943,-37.554375,-36.525208,-38.49332,-42.68646,-43.42844,-35.69304,-35.685413,-37.28226,-40.10941,-47.352467,-51.0149,-51.0149,-50.371155,-48.829876,-46.868534,-44.46228,-37.915455,-35.913452,-37.763,-43.119125,-44.78916,-40.410595,-33.584404,-25.697649,-20.847618,-20.897558,-24.622616,-30.551361,-33.92308,-33.555607,-34.42192,-36.34684,-37.74855,-40.34311,-39.136513,-37.822502,-38.65742,-41.63696,-44.063034,-39.803066,-36.454094,-38.93206,-45.793625,-48.48002,-50.125168,-50.089245,-44.671562,-45.56045,-46.44632,-42.957226,-41.9301,-44.980106,-47.204994,-46.21875,-44.61945,-43.904373,-36.085114,-26.15227,-22.103823,-22.383806,-25.784424,-31.083479,-32.376675,-34.625328,-38.42841,-40.98626,-41.23348,-42.090782,-44.60043,-38.06523,-39.474297,-45.836277,-46.546936,-43.898567,-37.246635,-36.399757,-42.833298,-48.082005,-48.786385,-48.862724,-46.869118,-47.269814,-51.0149,-51.0149,-51.0149,-51.0149,-51.0149,-51.0149,-51.0149,-51.0149,-41.973858,-26.059015,-21.043655,-22.253675,-24.353361,-24.449871,-25.162968,-27.48783,-26.643272,-24.001284,-24.311293,-28.295094,-34.454815,-36.06344,-36.18264,-39.63649,-41.068874,-41.057568,-36.629585,-32.85244,-36.111004,-46.304325,-47.80002,-47.43124,-48.171318,-46.268345,-45.22811,-47.4975,-49.199375,-50.363632,-51.0149,-51.0149,-51.0149,-49.357075,-47.629166,-33.486,-24.669447,-22.449867,-21.767742,-25.188921,-30.897043,-34.541645,-36.558575,-37.77984,-37.5373,-38.13112,-40.527756,-40.606075,-38.328384,-40.87661,-46.182487,-47.22432,-40.97268,-33.201385,-34.651848,-40.657192,-43.007313,-46.00274,-47.223785,-47.354324,-47.407623,-47.782135,-42.634197,-36.881824,-35.657673,-36.306805,-39.332565,-40.58705,-40.813866,-30.31734,-22.330845,-21.971642,-24.269255,-25.70051,-30.79836,-36.537174,-39.22182,-41.850235,-41.080368,-40.129616,-40.455482,-38.009415,-37.89679,-41.469402,-46.03272,-38.5379,-33.703465,-33.81269,-39.922688,-46.459965,-46.231083,-44.011864,-42.347603,-43.259926,-45.110683,-43.90739,-44.474644,-47.909363,-49.204712,-50.70992,-51.0149,-51.0149,-42.039,-28.054146,-20.3694,-20.024479,-23.921494,-27.571213,-34.297195,-36.525578,-38.06143,-40.912205,-42.921883,-45.120956,-46.332413,-43.927795,-42.525234,-47.070507,-51.0149,-49.955406,-37.53251,-32.675907,-36.847004,-47.847557,-51.0149,-51.0149,-51.0149,-51.0149,-51.0149,-51.0149,-49.913525,-50.23208,-51.0149,-51.0149,-51.0149,-51.0149,-47.68797,-32.791466,-25.294575,-22.298735,-21.89702,-24.665087,-30.758366,-35.168175,-37.106834,-39.321407,-40.58757,-41.112816,-38.438038,-36.2797,-37.298355,-38.99252,-41.518368,-42.227097,-33.954185,-34.827686,-39.478607,-42.687397,-47.700058,-51.0149,-51.0149,-51.0149,-51.0149,-51.0149,-51.0149,-51.0149,-51.0149,-51.0149,-51.0149,-51.0149,-38.292164,-31.309969,-24.21635,-21.447952,-20.570614,-22.643314,-26.013927,-31.059261,-32.73443,-35.41667,-36.19352,-34.32849,-35.743057,-36.644478,-38.765316,-39.8329,-41.153065,-43.492657,-35.385414,-29.434214,-31.714802,-37.48813,-44.84973,-46.645393,-47.350677,-48.886814,-50.403255,-50.78289,-48.818672,-45.07204,-45.116177,-47.41176,-49.993866,-51.0149,-48.62233,-31.71956,-21.39112,-18.489056,-19.161366,-19.447315,-21.677017,-25.49416,-29.093931,-31.07122,-29.409437,-27.463408,-24.45546,-23.923273,-26.366446,-30.680426,-32.356247,-32.05492,-30.475061,-31.970976,-33.38796,-34.739677,-35.88455,-36.062992,-38.679916,-42.886868,-43.55355,-40.970573,-36.800343,-31.698727,-25.99351,-24.333767,-26.081856,-27.242758,-25.615372,-25.571,-21.378786,-20.318739,-21.93178,-24.071224,-26.522888,-29.562319,-31.621637,-33.38989,-33.846325,-34.46001,-32.343403,-29.519867,-27.89837,-25.896477,-27.320253,-28.029783,-26.807468,-31.002117,-33.648514,-39.030933,-42.47119,-42.114555,-42.810432,-44.25623,-45.394485,-41.21008,-38.497635,-31.770716,-26.881731,-24.036213,-21.12541,-23.02827,-24.18069,-23.488214,-23.997515,-20.117878,-18.855455,-21.0357,-21.120337,-20.728712,-16.781128,-17.322422,-26.146069,-30.720663,-31.236963,-32.946983,-32.146538,-31.047665,-29.054708,-29.602373,-29.21068,-29.74456,-35.18336,-35.748528,-33.37929,-34.05637,-35.28541,-34.561306,-31.62029,-29.544115,-28.289162,-27.204916,-28.118587,-28.8678,-30.004213,-29.338516,-30.622063,-31.666409,-26.114017,-21.03205,-20.269764,-21.866962,-25.677963,-30.388638,-33.000553,-33.317345,-35.053932,-37.305027,-40.05878,-40.431652,-39.5043,-40.639244,-41.894577,-44.57588,-43.76331,-30.57896,-29.803001,-39.289406,-45.63938,-46.58222,-44.574627,-45.83387,-47.457546,-49.275505,-42.5901,-38.573936,-36.921913,-37.59767,-39.882656,-41.16585,-39.586212,-36.447037,-27.59871,-23.546711,-23.607721,-24.725187,-25.96575,-28.868893,-32.965973,-30.809227,-31.870186,-31.604652,-32.641582,-34.72081,-35.344826,-35.056633,-35.116123,-38.780945,-34.04319,-31.411802,-34.01211,-37.69159,-34.313843,-32.836403,-31.717796,-31.310503,-33.3287,-36.554863,-41.174656,-38.730045,-38.26806,-40.08245,-44.636326,-33.137825,-27.856506,-26.854143,-24.430296,-20.747221,-20.282673,-21.643444,-24.469177,-28.645117,-31.812456,-33.903023,-34.61051,-34.728027,-29.42508,-28.984077,-32.132336,-31.20987,-31.944216,-33.809914,-36.624084,-35.881294,-32.957523,-35.038296,-40.4969,-45.97029,-47.031204,-48.493393,-49.94927,-50.80726,-48.161274,-37.63208,-33.488125,-37.097923,-45.03378,-48.826164,-50.194874,-46.13777,-33.30046,-24.80857,-20.4185,-20.45436,-21.783386,-26.242626,-29.732983,-31.560959,-28.456318,-24.36804,-23.712713,-24.089672,-24.027649,-23.632147,-23.516808,-24.161951,-23.138275,-20.270283,-21.28946,-23.929409,-25.379242,-26.402891,-28.663849,-29.552513,-29.595604,-28.320301,-29.125168,-32.583763,-36.00167,-36.57405,-37.89434,-35.07158,-24.534512,-20.595219,-21.231897,-26.134113,-23.160494,-20.560358,-22.794147,-26.087923,-27.932255,-30.552143,-32.339806,-32.15752,-33.40509,-31.55233,-30.88042,-31.813536,-34.04917,-31.746943,-30.900127,-35.010357,-28.990616,-26.065681,-27.304037,-30.60992,-36.52982,-39.874596,-39.439693,-37.27399,-35.94459,-35.20804,-35.106472,-36.540455,-38.25643,-40.230976,-42.266273,-43.51759,-33.173115,-23.276546,-20.222603,-22.011337,-26.179354,-29.873497,-30.84798,-33.15741,-36.12224,-37.423355,-39.613686,-39.94641,-39.39483,-39.699062,-39.624104,-41.06203,-41.5719,-37.360634,-31.929882,-33.523563,-32.556488,-34.95026,-38.844814,-42.33892,-45.257565,-47.551857,-47.876286,-48.003067,-50.691055,-51.0149,-51.0149,-51.0149,-51.0149,-51.0149,-44.51267,-30.219433,-21.067202,-18.659626,-20.11918,-24.009933,-29.90618,-33.54339,-36.90265,-40.843224,-41.24626,-45.5637,-37.514908,-34.52407,-35.174763,-36.83984,-42.44987,-44.196087,-37.94686,-29.21347,-30.429247,-39.39991,-44.50457,-47.967968,-51.0149,-47.320663,-47.435326,-51.0149,-51.0149,-51.0149,-51.0149,-51.0149,-51.0149,-51.0149,-51.0149,-36.158386,-24.173372,-22.073399,-23.419075,-26.381979,-30.63618,-33.089973,-36.7752,-39.30622,-41.35695,-44.053974,-43.08294,-37.984917,-37.5178,-38.682777,-41.830124,-45.240208,-37.97764,-33.23015,-36.148487,-40.54913,-44.260944,-43.693577,-49.900875,-51.0149,-51.0149,-51.0149,-51.0149,-51.0149,-51.0149,-51.0149,-51.0149,-51.0149,-43.188457,-34.414658,-25.907326,-22.383251,-22.5087,-24.576284,-29.155052,-32.18957,-35.38607,-39.42987,-42.20124,-37.730377,-35.347813,-42.533497,-43.0847,-38.731968,-42.06945,-46.48532,-37.248547,-33.26361,-36.642876,-41.48771,-45.531464,-51.0149,-48.40092,-46.538734,-51.0149,-51.0149,-50.587574,-42.585144,-41.634464,-51.0149,-51.0149,-49.756996,-37.476536,-24.106312,-21.65823,-22.290956,-23.084145,-24.303963,-28.995308,-34.781708,-38.49388,-35.760048,-32.126923,-35.35228,-40.929924,-41.679977,-43.243675,-46.1856,-44.5196,-36.42453,-29.265606,-28.773825,-29.26764,-31.65203,-33.444324,-36.452217,-41.658386,-41.830803,-40.37346,-36.23731,-34.781727,-29.313824,-24.802153,-24.064972,-23.74902,-24.868008,-25.733612,-25.425093,-21.890776,-18.398731,-21.42456,-26.465675,-27.73534,-31.808825,-32.983135,-29.918034,-29.508753,-31.632574,-30.027132,-29.805813,-32.022583,-33.77012,-31.51567,-28.558313,-28.30843,-28.598541,-29.675526,-33.19717,-37.145557,-41.20577,-41.741787,-40.718185,-39.545284,-38.61779,-38.002018,-38.32829,-38.167194,-40.401672,-37.375874,-26.607334,-21.15941,-21.606749,-22.510143,-23.788158,-23.282295,-24.314495,-27.07338,-30.8251,-34.906525,-34.394497,-36.193245,-38.97877,-38.94133,-41.14275,-42.823265,-40.735985,-40.972984,-43.954254,-43.784843,-34.789036,-31.023949,-29.956608,-29.110752,-27.732828,-28.496784,-32.585865,-32.302685,-31.273165,-32.485245,-35.202995,-37.998096,-40.069088,-43.322357,-45.037533,-45.53653,-44.88082,-36.880848,-24.907808,-20.380754,-21.8512,-25.924858,-31.372208,-33.649963,-35.14702,-36.11563,-37.716824,-41.64719,-43.610703,-42.964382,-39.34061,-40.37647,-40.905922,-43.462948,-41.312286,-36.867302,-37.79324,-34.328224,-38.383312,-48.889385,-51.0149,-51.0149,-51.0149,-51.0149,-51.0149,-48.777664,-42.562737,-41.735733,-43.985962,-41.752136,-31.77664,-25.90415,-21.263016,-20.752445,-23.013334,-27.076855,-31.412216,-34.612476,-35.290405,-36.036232,-37.554207,-39.441048,-41.247322,-43.99811,-39.143784,-38.264816,-43.18017,-46.16012,-44.153275,-36.70355,-33.402954,-35.419537,-43.868233,-49.709946,-51.0149,-48.637337,-48.0234,-50.27458,-46.865135,-45.140625,-49.3408,-51.0149,-51.0149,-51.0149,-51.0149,-41.97166,-29.913311,-23.862503,-21.484156,-23.535254,-28.376953,-31.326162,-34.88573,-36.745594,-38.88758,-41.355724,-41.89798,-42.784496,-38.69927,-37.93442,-43.16996,-46.26542,-45.675552,-41.291252,-33.301224,-28.088848,-26.338612,-23.34755,-20.263824,-21.310238,-24.628902,-26.511574,-28.68826,-28.966759,-30.412174,-35.130512,-39.30218,-42.651993,-42.548363,-39.565655,-32.87652,-26.436352,-23.6411,-23.546698,-25.108772,-26.5503,-26.609055,-28.661463,-36.04031,-27.614723,-25.368958,-29.9688,-34.693256,-38.048744,-36.663017,-28.730745,-20.847847,-21.455126,-27.302597,-26.973984,-26.059303,-26.78238,-29.453728,-30.295547,-30.69583,-30.822906,-25.656239,-23.322151,-20.010845,-18.462578,-19.701485,-22.420307,-26.100225,-29.91192,-30.14002,-24.343159,-19.779594,-20.995087,-23.911638,-26.48692,-26.708931,-29.58136,-34.850212,-33.85781,-34.636326,-37.785675,-36.605724,-34.54397,-35.804787,-36.970665,-39.03519,-30.43854,-27.54195,-34.525505,-40.740997,-42.03857,-44.235954,-43.60488,-43.747097,-44.41993,-42.107067,-39.037914,-38.030945,-36.337242,-38.249184,-42.417736,-43.026405,-40.873695,-26.91144,-21.80398,-22.317192,-22.04418,-15.512184,-13.3189,-16.480028,-21.62277,-20.725674,-16.847107,-18.08366,-27.65232,-26.71628,-27.569246,-32.76131,-34.877316,-34.1277,-31.59074,-32.266262,-34.832508,-37.890797,-39.63558,-42.77107,-43.181652,-43.148746,-43.53557,-45.17078,-45.913166,-47.264576,-48.01996,-51.0149,-51.0149,-49.812553,-38.031075,-25.931438,-21.113512,-22.250204,-26.174566,-29.713745,-33.01445,-34.66456,-35.516254,-37.179268,-39.19453,-40.668907,-41.585766,-38.5462,-39.911087,-45.078117,-48.06398,-46.042458,-35.31128,-30.796087,-34.407635,-44.93373,-50.64913,-51.0149,-51.0149,-51.0149,-48.320534,-37.794395,-34.755634,-33.418648,-34.357735,-37.5651,-42.539715,-44.759716,-38.620293,-24.611443,-20.312386,-21.968002,-22.754654,-26.90609,-35.34559,-37.819305,-38.060795,-39.905594,-43.203476,-44.833046,-42.35306,-41.75713,-41.16963,-41.93264,-38.786358,-35.130642,-34.394814,-30.0579,-30.602732,-37.71908,-45.999115,-48.940605,-49.53133,-51.0149,-51.0149,-51.0149,-51.0149,-51.0149,-51.0149,-51.0149,-51.0149,-45.972996,-33.16983,-26.838043,-23.588642,-22.033047,-23.124247,-26.570816,-31.08887,-33.349136,-36.25131,-35.748833,-37.595585,-38.029846,-39.99046,-37.5036,-36.902996,-40.203682,-42.8561,-34.055717,-27.622852,-29.321012,-38.51551,-45.335735,-46.90123,-48.17803,-49.70423,-49.976765,-50.954914,-50.674786,-48.843613,-37.34521,-37.103397,-43.148937,-38.892063,-38.69758,-40.97039,-27.162731,-21.632858,-22.962406,-25.831232,-28.765263,-34.01583,-37.38628,-38.886288,-40.881493,-40.75197,-39.970184,-40.494724,-42.551044,-42.646603,-42.806793,-40.027153,-31.318153,-27.402111,-26.24111,-26.441095,-26.607054,-28.763016,-33.037914,-35.5359,-34.49548,-32.662605,-32.136658,-33.487247,-34.379116,-36.911037,-37.18531,-33.873413,-30.091326,-27.24882,-26.422606,-24.378384,-21.595287,-21.09174,-21.3331,-22.360306,-25.638113,-26.196844,-27.068203,-27.53067,-26.06054,-26.64397,-28.92393,-28.246298,-25.23272,-23.935595,-25.721363,-26.14321,-21.29536,-18.475525,-23.651602,-29.94294,-31.67496,-31.792175,-30.741516,-33.360474,-36.804256,-38.874355,-39.60811,-39.454987,-40.110672,-39.978176,-39.53399,-37.99145,-28.828394,-25.400902,-22.71496,-18.517382,-19.89948,-23.500446,-26.39486,-28.725094,-31.278517,-28.797195,-27.409018,-30.128075,-31.985014,-30.026312,-27.781622,-28.411568,-29.269999,-31.674652,-35.033173,-33.30302,-31.661156,-33.11778,-38.272427,-39.67125,-39.73285,-39.298855,-33.853573,-30.870354,-30.685406,-32.362892,-33.009933,-34.277348
-26.590183,-29.897877,-33.50445,-34.72377,-35.900894,-37.255783,-38.495464,-40.590065,-40.41184,-39.430817,-41.671394,-43.82299,-43.446014,-39.90624,-36.020725,-38.36698,-44.102688,-47.128983,-49.209824,-51.0149,-51.0149,-51.0149,-51.0149,-47.32178,-40.277027,-38.2838,-37.704857,-37.9855,-40.036617,-43.34439,-40.958244,-29.77324,-22.664658,-23.537296,-28.33436,-31.056396,-33.351295,-35.40617,-37.64544,-39.0224,-39.085182,-38.774628,-38.750168,-40.108948,-40.46278,-40.396442,-40.567154,-37.66288,-36.59475,-37.952503,-40.614452,-46.38454,-47.720734,-48.7236,-49.849228,-51.0149,-51.0149,-51.0149,-51.0149,-51.0149,-51.0149,-51.0149,-51.0149,-51.0149,-39.573418,-30.97548,-25.138796,-22.44038,-24.650322,-25.953892,-29.634434,-31.592644,-32.53063,-35.788914,-36.05008,-37.979553,-37.28032,-39.811405,-39.70401,-40.165855,-41.50004,-41.377403,-37.602333,-37.283318,-38.2782,-41.864395,-45.87703,-48.21518,-50.10943,-49.787956,-49.308014,-47.821747,-46.310303,-41.520935,-40.566032,-43.430325,-47.155552,-48.41831,-44.901062,-33.24245,-25.629414,-23.892677,-24.670141,-27.806675,-30.124992,-33.009705,-36.096466,-39.14979,-39.962265,-41.426064,-44.353832,-43.788242,-42.68094,-44.309723,-45.473495,-46.188354,-41.741707,-36.789383,-39.24538,-47.39821,-50.950645,-50.336384,-49.164356,-45.50159,-45.03159,-43.399395,-39.03835,-39.275097,-44.130173,-51.0149,-51.0149,-48.37635,-47.403103,-39.45863,-27.712843,-23.970028,-25.106167,-28.22456,-33.258442,-36.22254,-37.910522,-41.31126,-41.68627,-41.459446,-45.17015,-44.683384,-43.08423,-43.74315,-48.76844,-49.036858,-44.71294,-38.514656,-37.565132,-43.05248,-46.62111,-48.67813,-50.99876,-49.48011,-50.039818,-51.0149,-51.0149,-51.0149,-51.0149,-51.0149,-51.0149,-51.0149,-51.0149,-43.436096,-28.808764,-24.12791,-24.36939,-24.746458,-25.074703,-26.129707,-26.797638,-28.162476,-25.900177,-26.27696,-28.867691,-35.667324,-39.85085,-40.765938,-44.08177,-42.71213,-42.03892,-39.290787,-34.146,-37.11865,-44.669918,-44.859184,-46.509056,-45.950027,-45.957527,-46.754234,-48.99654,-50.605797,-51.0149,-51.0149,-51.0149,-51.0149,-51.0149,-50.755726,-33.33981,-24.991243,-23.40565,-24.807743,-29.382141,-32.51879,-34.469963,-36.356236,-38.367443,-39.20072,-39.983498,-41.219578,-42.74819,-41.609272,-43.83728,-47.4739,-48.514057,-41.63201,-34.419815,-35.144085,-41.02516,-48.37585,-48.433323,-48.1901,-49.238785,-50.227795,-48.965042,-45.47556,-39.285038,-38.85282,-40.367565,-42.82028,-42.187523,-42.06364,-32.80356,-25.287514,-24.71865,-25.866892,-28.995838,-35.110596,-38.509933,-42.082672,-44.12181,-42.86135,-43.934647,-43.45054,-41.33168,-40.74672,-43.003464,-47.85382,-40.88439,-36.48889,-36.166664,-42.113533,-46.0996,-45.143238,-42.426662,-41.758957,-43.852177,-46.32846,-45.252754,-45.86361,-48.7083,-50.6872,-50.90656,-51.0149,-51.0149,-40.20105,-27.109848,-23.663424,-23.769424,-25.679977,-28.323185,-33.855385,-34.770054,-36.23324,-41.443275,-42.856407,-41.98628,-42.715107,-43.809288,-43.523026,-47.155933,-49.45246,-48.73574,-43.528374,-39.138004,-42.808723,-49.533802,-51.0149,-51.0149,-51.0149,-51.0149,-51.0149,-51.0149,-49.74018,-44.960537,-44.843212,-47.372097,-49.468445,-50.58747,-47.73391,-35.07134,-26.265083,-23.577394,-24.609339,-28.388033,-34.7083,-38.188828,-37.991356,-37.276997,-37.682446,-38.48535,-36.729347,-34.874817,-35.48764,-36.805283,-39.066624,-41.62494,-34.552025,-35.540997,-40.13923,-43.876015,-48.731556,-51.0149,-51.0149,-51.0149,-51.0149,-51.0149,-51.0149,-51.0149,-51.0149,-51.0149,-51.0149,-51.0149,-41.77864,-32.75501,-25.069942,-21.82598,-22.762604,-24.036812,-25.797785,-29.60349,-30.655605,-33.733677,-33.58396,-31.365543,-32.86301,-34.22749,-36.7028,-37.113617,-38.053547,-40.898327,-36.080826,-31.303255,-35.2836,-40.376015,-45.477634,-46.52699,-46.591156,-48.500282,-49.95207,-51.0149,-48.06349,-42.474113,-42.117153,-44.28121,-47.119846,-50.074657,-49.52244,-33.873875,-23.55157,-21.05476,-20.843254,-20.212059,-23.628428,-27.421738,-29.631975,-30.340496,-28.239594,-29.40408,-27.07078,-27.613876,-30.383888,-33.340897,-36.873222,-36.540405,-33.017548,-33.591496,-34.84311,-34.146828,-33.503174,-36.29699,-40.125748,-42.93487,-43.612553,-40.131416,-37.301567,-32.699257,-27.982216,-26.092037,-25.635937,-26.771925,-28.137886,-26.811571,-21.234627,-19.156101,-21.909061,-24.912062,-26.734005,-28.581345,-28.807337,-31.741035,-32.646397,-33.803562,-33.632336,-34.699253,-35.306507,-30.390335,-31.013508,-31.698141,-30.802996,-34.293198,-37.62443,-40.841022,-43.923306,-45.083054,-46.380974,-45.852486,-46.348473,-44.875565,-43.75846,-40.006508,-34.52188,-32.341267,-32.426968,-31.987667,-29.186954,-27.564968,-25.024754,-20.349754,-19.963444,-23.04802,-23.285519,-21.848942,-20.039139,-22.051872,-28.473267,-32.475723,-33.822132,-33.836037,-31.347122,-30.029688,-28.350542,-27.553818,-30.542805,-33.912025,-37.42028,-37.347965,-35.82274,-35.659603,-37.15542,-40.098415,-39.153713,-37.114048,-34.31664,-32.384426,-33.046715,-34.083622,-35.96999,-36.581833,-36.852642,-35.344925,-29.108822,-24.44523,-21.192015,-22.376688,-25.824867,-29.57193,-31.230515,-30.787237,-32.830616,-35.580017,-37.353672,-37.578236,-37.08408,-38.219536,-39.494144,-42.010063,-43.475777,-33.145016,-32.152355,-39.72816,-44.820248,-46.283604,-45.59683,-46.832794,-47.781067,-49.400986,-43.511166,-37.638927,-33.52397,-33.64124,-37.05209,-39.954865,-38.723866,-37.027634,-27.202885,-22.155989,-20.438423,-21.133205,-24.298723,-27.817207,-29.192966,-27.852,-29.598183,-31.837112,-33.825237,-33.530373,-33.508728,-32.70663,-33.347965,-37.74491,-37.70988,-36.63961,-36.53759,-36.476593,-33.559055,-33.5099,-33.780296,-33.441895,-33.10624,-35.153767,-39.57071,-39.52791,-38.863567,-41.427032,-47.227856,-39.305336,-31.23293,-26.678902,-25.195513,-22.591187,-19.417381,-20.603516,-25.191208,-28.420507,-30.72994,-31.74039,-32.469753,-34.01586,-28.489077,-28.252438,-32.289116,-31.84256,-31.94641,-32.050827,-33.847145,-34.266235,-31.31592,-33.23787,-39.04011,-44.935677,-45.545673,-47.00722,-48.43799,-50.605656,-47.963615,-39.75998,-36.42444,-39.011612,-43.32164,-46.92041,-50.234795,-47.081226,-36.18806,-30.132103,-23.862303,-21.494844,-23.651855,-27.005024,-30.81127,-32.323196,-31.149315,-28.08779,-27.31407,-29.694397,-30.457792,-31.083218,-30.5065,-30.673647,-29.80879,-27.604149,-28.087273,-28.686089,-31.590908,-34.37373,-31.804577,-29.69934,-28.952454,-29.431133,-31.467724,-34.183624,-37.394573,-40.06899,-40.499237,-38.831112,-30.785858,-23.940517,-24.244171,-28.218594,-22.042616,-20.818382,-23.194275,-23.63446,-25.023508,-26.685032,-28.783552,-29.675856,-31.338219,-31.605747,-30.38068,-30.393528,-31.547512,-29.154572,-28.65731,-33.536644,-30.68307,-29.832457,-34.095886,-39.781128,-43.4775,-42.88952,-42.363068,-40.842785,-36.34599,-30.949814,-30.039162,-32.18276,-35.165306,-39.209934,-43.16681,-43.663486,-30.472027,-21.391483,-20.063534,-22.392647,-27.467442,-27.889902,-28.178198,-30.442528,-33.410835,-35.45769,-37.973164,-38.605,-38.036133,-38.268158,-39.270058,-38.5582,-39.394615,-37.838104,-32.6655,-33.021317,-29.20425,-31.859436,-40.613564,-45.721405,-47.227627,-50.403893,-51.0149,-51.0149,-51.0149,-51.0149,-51.0149,-51.0149,-51.0149,-51.0149,-45.944153,-29.690056,-19.916258,-19.534966,-23.30601,-27.449455,-31.189842,-32.95608,-33.712135,-38.530823,-37.672028,-38.46949,-37.150448,-35.075283,-37.321766,-38.247593,-39.96796,-40.31603,-40.97323,-33.748264,-34.747368,-43.056602,-45.820942,-44.88185,-47.505608,-48.18833,-48.49587,-50.90437,-51.0149,-51.0149,-51.0149,-51.0149,-51.0149,-51.0149,-51.0149,-37.216267,-26.101963,-23.891394,-24.291496,-27.317142,-30.657604,-32.55682,-34.2646,-35.480137,-36.78329,-39.104877,-38.906467,-37.75189,-39.272133,-41.281567,-40.312706,-41.38245,-40.70799,-36.05743,-36.173317,-42.075394,-44.382763,-44.24438,-49.182434,-51.0149,-51.0149,-51.0149,-51.0149,-51.0149,-51.0149,-51.0149,-51.0149,-51.0149,-46.128086,-35.55813,-28.214949,-25.137844,-25.060644,-26.201532,-28.86799,-32.31974,-34.259506,-36.248318,-41.68983,-41.5353,-39.923035,-43.172894,-42.98909,-39.92545,-41.510048,-43.668915,-35.965252,-33.040382,-38.451305,-40.834076,-45.477673,-48.61441,-50.556763,-50.635113,-51.0149,-51.0149,-46.595436,-42.405033,-41.09971,-43.928127,-45.985046,-47.108112,-39.828278,-26.65272,-23.172197,-23.306698,-24.357882,-26.98924,-30.33985,-33.68939,-36.830486,-34.748642,-31.690828,-35.763367,-42.84149,-41.5011,-42.54019,-46.01062,-44.939857,-34.703568,-29.267921,-30.845718,-31.508043,-32.382862,-34.511063,-38.418213,-40.81518,-41.417637,-40.26949,-39.4898,-36.275414,-32.917233,-29.921688,-28.436153,-28.77338,-30.206089,-30.79255,-29.599314,-22.859444,-19.082497,-22.111523,-27.422878,-29.161755,-34.141773,-36.206318,-33.587196,-34.275898,-37.394466,-36.499184,-37.516468,-39.270107,-37.921555,-32.12839,-29.46761,-30.976885,-31.246284,-31.700607,-34.84653,-35.602947,-37.06794,-38.85453,-41.54895,-43.098797,-43.934807,-41.882156,-43.046703,-46.205105,-47.599445,-42.018196,-31.488205,-26.730783,-24.50426,-25.755257,-26.042673,-24.100964,-26.18577,-30.141764,-32.551056,-34.76628,-36.778618,-37.478497,-38.767384,-40.798767,-42.44711,-44.044586,-45.070084,-44.87856,-47.232483,-46.714283,-36.59841,-34.02925,-34.06134,-34.058125,-31.788996,-31.285418,-35.97731,-38.144936,-38.899426,-40.791313,-40.837063,-39.62695,-44.414246,-47.17491,-48.256256,-51.0149,-51.0149,-34.744076,-23.971848,-19.640003,-20.78705,-26.56153,-31.111662,-33.227085,-35.305115,-37.521748,-36.886734,-37.020782,-39.71924,-42.693703,-40.487476,-42.461716,-47.393333,-47.778088,-45.667206,-40.911926,-39.657345,-37.184196,-41.328552,-50.412292,-51.0149,-51.0149,-51.0149,-51.0149,-51.0149,-48.470375,-43.322884,-41.747,-43.399464,-41.57892,-31.719172,-27.617767,-23.893196,-20.039034,-20.697481,-25.915583,-31.901215,-36.57131,-36.655037,-39.153072,-39.04126,-39.717373,-42.78475,-42.512726,-42.010937,-42.494682,-44.699497,-47.037945,-45.963333,-39.714935,-37.31061,-39.507782,-49.688835,-51.0149,-51.0149,-51.0149,-47.84502,-45.350235,-44.47741,-46.789494,-50.675934,-51.0149,-51.0149,-51.0149,-51.0149,-42.304985,-30.717363,-26.216606,-25.039894,-26.271675,-31.15152,-34.33322,-36.714523,-38.394035,-40.076122,-40.31932,-42.55845,-44.80156,-40.17726,-39.315323,-45.654327,-49.796326,-45.192055,-41.661064,-34.267635,-31.08292,-30.283278,-27.510557,-25.941116,-27.364239,-27.450075,-28.132492,-30.280224,-29.280615,-31.851395,-36.994392,-39.502598,-42.82802,-43.606586,-44.143623,-38.700146,-29.887897,-25.08195,-24.877422,-27.232159,-30.008123,-31.294382,-32.420135,-37.437157,-33.32789,-30.312801,-32.72495,-37.519814,-42.744728,-40.461372,-27.613548,-21.07031,-23.599697,-28.727943,-30.601948,-31.967121,-32.89803,-33.94931,-35.2894,-34.922184,-33.980976,-30.553143,-29.575243,-27.44424,-26.19704,-28.12565,-32.031845,-35.45347,-38.0545,-36.30916,-27.81266,-23.371208,-24.92503,-30.446793,-31.9613,-27.930487,-29.943913,-37.32953,-37.99501,-37.977673,-40.303246,-38.678032,-36.51383,-35.63158,-36.1672,-39.803432,-37.0641,-33.571075,-37.207767,-39.211678,-39.117867,-38.54278,-37.271915,-37.685944,-37.80538,-39.49243,-38.018867,-37.621033,-35.74453,-36.43682,-39.795937,-42.27027,-41.894676,-27.081284,-22.564713,-24.84145,-23.86333,-19.937998,-18.96659,-23.265154,-27.120283,-24.748795,-22.362364,-24.81567,-33.547768,-30.856491,-32.4506,-37.113037,-37.297607,-38.13716,-34.88028,-34.466785,-37.968765,-42.564034,-46.103096,-47.729393,-46.66666,-49.29027,-49.768745,-48.640064,-50.26894,-51.0149,-51.0149,-51.0149,-51.0149,-51.0149,-42.667175,-27.378561,-21.452225,-22.41751,-26.75312,-31.23867,-33.555283,-35.457798,-35.960423,-37.647026,-39.215046,-39.851353,-40.606567,-39.265434,-41.65892,-45.262177,-46.867466,-46.480747,-40.660988,-35.477074,-37.155766,-46.515877,-50.797535,-51.0149,-51.0149,-51.0149,-49.365234,-37.296234,-34.969975,-36.1912,-36.210796,-38.31505,-41.711613,-42.162003,-38.761055,-27.510233,-21.515778,-22.482594,-25.699253,-29.347374,-34.727722,-36.495583,-38.4834,-39.949062,-40.9261,-44.084846,-41.02977,-40.00664,-40.221535,-39.48336,-40.120445,-37.959465,-37.094162,-34.313515,-34.619225,-40.707363,-45.862736,-46.824856,-47.037872,-49.704124,-50.548748,-51.0149,-51.0149,-51.0149,-51.0149,-51.0149,-51.0149,-49.061375,-37.192387,-28.58716,-24.583355,-23.839397,-23.790915,-26.9213,-30.75895,-32.635487,-35.303596,-34.434753,-36.07115,-36.422817,-38.531445,-36.732132,-37.18652,-40.76287,-41.824753,-38.860744,-32.98683,-33.614647,-41.409775,-49.3494,-50.83689,-50.306698,-50.39109,-50.62806,-51.0149,-51.0149,-51.0149,-42.467667,-42.014748,-47.761856,-44.6156,-43.085636,-41.65529,-31.601536,-24.98704,-25.174805,-29.266018,-31.669199,-33.299545,-35.45853,-38.47124,-37.11124,-37.518097,-38.897034,-40.98032,-41.73962,-41.091286,-41.388477,-39.95642,-32.652042,-27.868021,-29.57155,-34.63591,-37.143715,-38.738747,-39.24687,-38.445267,-36.098465,-35.264812,-34.929905,-36.302887,-39.49651,-41.971546,-41.233986,-37.482742,-33.643307,-31.610764,-31.09009,-27.675093,-22.436558,-22.175053,-25.377169,-26.88483,-29.408554,-31.345427,-29.239948,-29.27927,-31.89093,-32.848736,-33.618645,-33.091133,-27.700878,-26.297352,-27.109615,-27.650974,-26.16566,-25.680767,-30.67422,-34.11051,-36.541393,-34.54697,-34.010357,-37.431374,-42.74993,-43.436832,-40.735466,-39.75416,-41.910023,-44.534515,-43.1459,-42.025166,-35.869743,-32.72365,-29.422653,-24.987957,-23.592787,-25.093178,-27.957668,-28.110044,-31.027815,-34.529312,-35.118973,-36.0463,-36.117283,-34.56891,-31.26587,-32.2565,-33.88927,-34.51152,-35.64755,-32.826363,-33.983837,-38.28595,-44.544106,-44.104595,-45.285103,-41.642967,-34.373756,-32.11369,-34.935257,-37.588554,-37.24022,-38.66306
-29.165953,-33.95652,-39.417362,-40.19055,-41.73344,-43.532227,-44.50284,-46.70729,-46.578667,-44.348812,-46.452934,-49.242397,-49.64355,-46.377533,-38.962917,-39.273235,-48.022133,-51.0149,-51.0149,-51.0149,-51.0149,-51.0149,-51.0149,-51.0149,-45.40032,-44.23751,-46.149982,-46.7172,-47.786373,-49.133457,-44.680054,-35.749573,-29.374163,-26.682951,-29.638145,-35.474297,-38.66091,-40.556408,-39.92023,-40.384605,-42.766373,-44.265625,-44.160362,-45.621956,-44.669296,-45.048252,-45.989223,-43.870026,-42.43712,-42.341595,-45.515266,-51.0149,-51.0149,-51.0149,-51.0149,-51.0149,-51.0149,-51.0149,-51.0149,-51.0149,-51.0149,-51.0149,-51.0149,-51.0149,-47.64022,-36.790764,-29.909403,-27.908245,-30.295675,-31.64921,-33.010067,-35.003105,-35.75092,-39.63863,-39.825676,-42.007908,-41.21294,-43.1978,-43.81855,-44.46301,-45.41384,-45.6467,-45.086502,-42.146,-40.25843,-45.01676,-50.461864,-51.0149,-51.0149,-51.0149,-51.0149,-51.0149,-51.0149,-45.273384,-45.332527,-50.040287,-51.0149,-51.0149,-51.0149,-37.26358,-28.837677,-26.561077,-26.96723,-29.195852,-32.44838,-35.38533,-39.43295,-42.200943,-42.902275,-44.319122,-45.76034,-44.425102,-45.079327,-46.603817,-47.92842,-48.512592,-44.991837,-39.621548,-42.047466,-50.677586,-51.0149,-49.54144,-46.38296,-44.313072,-43.311745,-39.67229,-35.402397,-36.372612,-42.28482,-45.981995,-47.425278,-47.430557,-47.364697,-44.34483,-34.222095,-29.029102,-28.989666,-31.920853,-36.087605,-39.45736,-41.57356,-44.54102,-44.45681,-44.42223,-48.7265,-47.978855,-46.965714,-46.865593,-51.0149,-51.0149,-49.459473,-43.849617,-41.403908,-46.533054,-48.825016,-48.00512,-50.3784,-49.685207,-51.0149,-51.0149,-51.0149,-51.0149,-51.0149,-51.0149,-51.0149,-51.0149,-51.0149,-44.793262,-31.896973,-28.649721,-28.43454,-29.23833,-29.69418,-29.929592,-30.75045,-33.382736,-32.04916,-32.478897,-35.743984,-40.81905,-43.329865,-44.36028,-47.231804,-47.185432,-46.72863,-43.38868,-37.39969,-40.285778,-47.092587,-49.91772,-49.073257,-49.89157,-50.966778,-50.23278,-51.0149,-51.0149,-51.0149,-51.0149,-51.0149,-51.0149,-51.0149,-51.0149,-36.254738,-29.476774,-29.102346,-31.22049,-34.70116,-37.273678,-39.1538,-41.11081,-43.831898,-44.216988,-44.699448,-45.50844,-46.07299,-44.492195,-45.917084,-51.0149,-51.0149,-44.779655,-37.643288,-39.28647,-44.583847,-51.0149,-51.0149,-51.0149,-51.0149,-51.0149,-51.0149,-51.0149,-46.47766,-44.222466,-45.15664,-49.355423,-48.78753,-47.821335,-34.013496,-26.011831,-26.98674,-32.256386,-36.53172,-40.58855,-41.808235,-44.127373,-45.8386,-46.54525,-48.72664,-48.274742,-44.13034,-43.442993,-46.007442,-49.93209,-42.99317,-38.48754,-38.48931,-44.557564,-47.08251,-45.341496,-44.83879,-45.8061,-48.153385,-49.897247,-49.01332,-51.0149,-51.0149,-51.0149,-51.0149,-51.0149,-49.9046,-43.84841,-32.999424,-27.511557,-27.2415,-30.127464,-32.41638,-36.76918,-38.976192,-41.05839,-45.75122,-46.3757,-46.650776,-47.69224,-48.02569,-49.694008,-51.0149,-51.0149,-51.0149,-44.248154,-40.58168,-45.109028,-51.0149,-51.0149,-51.0149,-51.0149,-51.0149,-51.0149,-51.0149,-51.0149,-48.18079,-47.863506,-49.720146,-51.0149,-51.0149,-50.45511,-36.794533,-28.18904,-26.81299,-29.47921,-32.780655,-38.846577,-43.885303,-45.29373,-45.450497,-47.19924,-49.202675,-50.18004,-49.177155,-47.983837,-49.942413,-51.0149,-50.71702,-43.224064,-42.617348,-44.40603,-50.82668,-51.0149,-51.0149,-51.0149,-51.0149,-51.0149,-51.0149,-51.0149,-51.0149,-51.0149,-51.0149,-51.0149,-51.0149,-45.688293,-38.023266,-31.129704,-28.49819,-27.947636,-29.616913,-33.685333,-37.671238,-42.609093,-45.18499,-46.53687,-49.5103,-51.0149,-51.0149,-49.936554,-50.6748,-51.0149,-51.0149,-44.197384,-36.53465,-38.641556,-45.446148,-51.0149,-51.0149,-51.0149,-51.0149,-51.0149,-51.0149,-51.0149,-46.300545,-45.66717,-47.842983,-51.0149,-51.0149,-51.0149,-37.789604,-29.48739,-26.731205,-26.06817,-25.585796,-29.416908,-36.6736,-40.566006,-43.224625,-43.833317,-37.88543,-32.458595,-34.366844,-39.522938,-40.63566,-40.603706,-39.36398,-36.910713,-37.35772,-38.768967,-36.552692,-35.97684,-39.93301,-44.358635,-46.262035,-48.411133,-47.747223,-43.028954,-37.501366,-34.68245,-33.881844,-34.45608,-36.611225,-37.395588,-30.830572,-24.251545,-24.59335,-27.41213,-30.74393,-35.12616,-35.69377,-36.510704,-42.24881,-45.908813,-45.821533,-44.02426,-43.113815,-42.19069,-39.37631,-40.531097,-40.29089,-37.325386,-40.526314,-41.661533,-45.477783,-49.605656,-51.0149,-51.0149,-51.0149,-51.0149,-49.061516,-50.795456,-46.81766,-41.851746,-36.545216,-32.58017,-32.81183,-31.914103,-30.985462,-29.947699,-27.02508,-25.608837,-27.579784,-27.146145,-25.38471,-25.58208,-28.268156,-33.527836,-35.451855,-37.41183,-40.147102,-35.787613,-35.26376,-33.461384,-31.658802,-32.83378,-37.10368,-43.602722,-40.922913,-38.0058,-39.23838,-42.063904,-41.39057,-40.724625,-39.80911,-37.321865,-36.32737,-38.347553,-38.466522,-40.175053,-39.894135,-39.683544,-40.349842,-32.070786,-26.070488,-24.601547,-29.023632,-33.258934,-38.679768,-41.47196,-44.939186,-48.740253,-51.0149,-51.0149,-51.0149,-50.99634,-48.350445,-51.0149,-51.0149,-51.0149,-41.416775,-40.21898,-47.83293,-51.0149,-51.0149,-51.0149,-51.0149,-51.0149,-51.0149,-50.729313,-44.0947,-37.99842,-37.692436,-41.174473,-44.611134,-42.19793,-39.723503,-33.35689,-29.247044,-27.894268,-27.502287,-30.456814,-34.800674,-36.395138,-38.450916,-39.104057,-37.983883,-38.235245,-34.817646,-35.307762,-39.059864,-41.072712,-45.172504,-41.010227,-36.490147,-36.37401,-36.548134,-36.065987,-36.081375,-37.077652,-37.770885,-37.93423,-39.197468,-41.624,-38.82654,-38.020416,-42.5942,-47.617836,-39.195515,-33.592686,-28.98928,-26.679895,-25.572824,-24.178757,-27.621004,-31.391752,-33.83725,-35.33111,-37.128986,-42.56426,-41.40365,-34.001667,-33.996876,-36.007618,-34.071518,-32.227325,-31.026482,-31.987934,-35.2933,-34.900604,-35.448128,-41.86399,-48.970406,-50.321735,-50.112244,-51.0149,-51.0149,-51.0149,-46.31782,-42.44974,-43.24678,-46.726532,-50.905766,-51.0149,-46.63185,-36.68677,-31.530819,-28.557198,-27.932728,-30.92794,-35.473537,-36.178394,-36.0199,-33.811604,-31.869602,-32.31883,-33.193348,-32.065563,-32.105534,-31.847576,-32.641624,-34.49485,-34.344315,-35.91649,-40.643345,-42.248657,-39.038177,-33.349403,-30.68302,-30.230423,-30.659298,-33.741707,-39.908108,-41.987347,-44.157265,-43.763027,-42.356857,-33.72402,-27.6439,-28.560553,-32.47086,-28.263838,-27.585012,-29.098204,-30.243559,-31.95417,-34.922832,-38.327526,-41.956898,-43.505524,-40.77794,-39.62147,-41.09533,-42.181927,-42.446022,-41.55602,-43.004383,-37.534706,-34.814445,-36.084515,-41.95917,-49.435356,-48.848244,-44.452362,-40.604897,-37.172047,-33.19236,-32.923298,-33.60992,-34.479565,-37.326023,-41.995525,-41.759506,-36.380684,-27.743025,-25.669159,-28.034569,-32.861572,-36.049377,-37.794106,-40.64407,-44.411247,-46.04766,-47.889908,-43.45323,-41.450653,-40.32956,-38.918194,-38.937473,-39.760128,-38.373245,-35.18386,-36.39629,-33.7186,-36.75405,-44.786877,-49.605656,-50.650745,-51.0149,-49.78205,-51.0149,-51.0149,-51.0149,-51.0149,-51.0149,-51.0149,-51.0149,-47.708477,-35.930103,-25.566835,-24.663866,-29.3495,-34.166912,-39.657307,-42.62812,-44.772568,-46.725983,-48.596436,-49.031773,-48.322937,-47.870026,-46.940914,-46.46997,-49.490852,-51.0149,-48.106327,-39.03622,-39.600235,-46.525757,-51.0149,-51.0149,-51.0149,-51.0149,-51.0149,-51.0149,-51.0149,-51.0149,-51.0149,-51.0149,-51.0149,-51.0149,-51.0149,-40.540504,-29.668835,-28.222755,-29.505388,-33.17761,-37.733486,-40.894073,-44.16141,-45.44747,-46.884647,-48.250168,-48.834595,-47.55308,-47.56571,-48.11937,-49.61836,-50.318184,-46.811188,-39.04269,-38.09736,-44.968853,-50.27905,-50.972977,-51.0149,-51.0149,-51.0149,-51.0149,-51.0149,-51.0149,-51.0149,-51.0149,-51.0149,-51.0149,-49.56194,-39.581303,-32.28883,-28.601007,-30.45971,-32.51609,-34.66244,-37.775887,-42.86831,-49.25821,-51.0149,-50.432644,-47.95318,-50.216095,-51.0149,-49.27121,-49.77367,-51.0149,-40.38794,-36.48915,-41.02745,-44.682278,-51.0149,-51.0149,-51.0149,-51.0149,-51.0149,-51.0149,-51.0149,-51.0149,-51.0149,-51.0149,-51.0149,-51.0149,-45.789906,-35.815613,-30.247211,-28.580296,-30.523777,-34.611126,-38.69228,-42.63002,-45.38214,-40.930984,-36.23966,-38.724792,-46.618694,-49.417587,-51.0149,-51.0149,-50.322803,-36.519745,-29.979439,-30.743904,-32.751804,-36.72332,-39.744247,-42.5836,-44.35921,-44.63629,-40.548103,-37.984627,-36.42838,-33.95313,-32.763714,-32.15206,-31.776228,-34.022385,-34.009968,-33.279602,-27.759535,-26.03791,-28.419369,-33.364174,-37.742096,-40.780106,-42.60672,-41.27048,-43.265823,-48.796978,-47.866653,-46.80551,-45.646927,-42.20022,-39.381214,-38.4184,-41.345573,-38.83885,-39.13717,-42.667732,-47.08217,-46.505817,-43.707195,-43.425056,-42.135166,-41.644234,-40.857296,-38.592182,-38.91831,-42.39878,-42.9423,-35.70546,-32.057606,-29.555395,-30.78817,-31.747772,-29.318108,-30.836071,-33.30526,-36.26987,-41.03668,-43.900112,-43.75143,-45.481476,-46.96486,-47.170773,-49.08828,-49.150566,-48.04773,-50.05728,-48.918873,-37.567543,-36.623043,-38.282856,-37.178352,-35.67919,-36.63013,-40.81916,-43.51722,-42.89203,-43.27511,-45.30947,-43.737103,-45.152588,-46.980812,-48.987637,-51.0149,-51.0149,-38.866425,-27.05079,-23.653866,-26.629032,-31.660059,-35.214394,-37.42513,-39.153915,-41.260677,-40.582623,-40.86461,-43.838745,-45.894455,-42.202816,-44.68899,-51.0149,-51.0149,-49.25698,-44.300636,-42.95809,-40.70574,-44.497314,-51.0149,-51.0149,-51.0149,-51.0149,-51.0149,-51.0149,-49.414692,-43.031578,-41.995586,-46.90732,-44.793743,-34.940704,-32.223877,-30.871038,-24.772036,-25.681541,-31.652376,-35.96891,-40.736904,-40.583107,-43.437088,-43.421745,-43.84259,-45.962105,-44.382805,-42.14834,-43.443756,-44.99508,-46.18256,-48.284462,-42.934933,-41.448868,-45.7576,-51.0149,-51.0149,-51.0149,-51.0149,-51.0149,-45.76927,-43.02336,-47.871517,-51.0149,-51.0149,-51.0149,-51.0149,-51.0149,-45.350765,-33.32367,-27.764254,-27.611675,-31.201553,-35.97699,-39.68912,-41.920998,-44.02112,-44.98696,-44.5027,-47.650375,-50.56785,-45.882435,-45.549454,-50.718834,-51.0149,-50.646698,-44.609306,-38.689705,-37.589184,-35.35628,-33.246532,-30.438595,-31.382076,-32.44697,-33.00564,-33.057644,-34.83164,-39.502903,-43.079395,-43.98774,-48.63335,-50.30873,-48.435875,-43.02486,-33.772587,-28.593132,-28.622753,-31.511265,-34.837006,-35.541748,-36.234074,-40.71628,-35.54752,-33.76378,-38.519268,-43.66877,-48.788383,-46.400238,-31.597889,-24.924402,-26.91449,-30.379189,-31.891672,-32.843613,-33.26734,-31.661041,-33.095634,-34.5174,-32.362015,-31.21017,-31.700378,-29.53152,-29.458418,-34.211674,-39.98815,-41.01841,-41.606506,-39.116352,-33.176235,-29.022636,-28.683302,-33.105896,-34.61356,-30.653315,-32.63333,-40.42114,-41.797913,-42.237793,-43.516747,-41.25094,-39.514004,-38.63383,-37.804863,-40.10925,-39.84078,-37.90239,-39.567623,-40.006863,-40.64588,-39.870945,-37.730488,-36.51637,-35.75156,-38.980103,-40.904793,-41.021126,-39.97195,-38.16319,-39.73164,-41.863674,-41.828785,-32.844524,-27.946014,-29.05175,-29.911602,-25.811224,-22.950504,-25.859015,-32.854427,-30.272411,-27.62655,-29.168207,-34.49536,-30.086979,-31.90981,-39.65698,-38.998447,-38.78721,-37.23535,-37.15007,-40.100082,-44.524418,-48.25116,-50.90017,-51.0149,-51.0149,-51.0149,-51.0149,-51.0149,-51.0149,-51.0149,-51.0149,-51.0149,-51.0149,-43.15751,-31.039312,-26.170883,-28.209763,-31.450619,-36.198784,-41.662407,-42.726013,-43.132797,-43.66291,-45.815437,-47.14569,-47.728073,-46.505524,-48.205215,-51.0149,-51.0149,-51.0149,-47.19696,-41.189377,-42.661472,-51.0149,-51.0149,-51.0149,-51.0149,-51.0149,-51.0149,-48.536667,-45.594696,-40.992775,-41.194096,-45.85193,-50.23786,-50.877625,-43.063484,-34.57262,-27.665867,-27.087505,-30.538017,-34.208984,-38.154827,-42.964653,-45.536087,-46.676453,-47.666416,-50.74996,-51.0149,-48.340145,-48.016373,-47.534996,-47.525238,-42.02958,-40.002655,-40.294975,-40.788593,-46.567387,-51.0149,-51.0149,-51.0149,-51.0149,-51.0149,-51.0149,-51.0149,-51.0149,-51.0149,-51.0149,-51.0149,-51.0149,-40.269997,-33.641182,-30.211227,-28.699692,-29.686787,-32.994694,-35.84716,-39.847435,-43.55059,-45.09057,-46.79528,-49.03901,-50.374866,-43.17555,-41.815144,-49.11108,-51.0149,-45.802193,-39.471767,-40.506027,-47.344635,-51.0149,-51.0149,-51.0149,-51.0149,-51.0149,-51.0149,-51.0149,-51.0149,-46.40127,-44.84754,-49.835716,-48.020588,-46.862568,-47.79272,-35.692608,-28.952234,-28.690575,-31.481695,-35.001175,-37.142895,-39.199512,-42.03086,-41.343437,-43.200546,-44.96247,-44.219357,-47.32382,-51.0149,-51.0149,-45.771526,-38.75671,-32.256596,-33.33449,-39.079872,-37.826378,-38.064903,-41.14219,-42.981087,-40.66983,-39.333412,-38.045837,-38.323696,-41.0285,-43.109894,-42.89614,-39.821922,-37.691685,-37.468548,-36.45034,-32.216774,-27.833445,-26.75636,-28.480398,-30.839615,-33.433716,-35.59282,-34.908386,-34.71119,-36.495518,-38.267563,-40.176895,-36.474155,-31.835089,-29.751322,-30.214699,-30.937065,-29.169828,-29.511148,-32.651474,-34.53091,-37.531578,-36.267986,-38.496967,-43.9595,-45.540844,-46.27082,-43.75032,-41.12967,-40.937225,-43.095116,-45.0448,-45.00277,-40.830494,-37.16224,-32.635136,-27.49071,-26.732988,-28.518732,-31.292105,-33.43875,-36.42898,-40.652424,-43.702477,-44.202286,-41.18912,-35.069527,-31.625006,-31.636698,-32.217133,-33.735966,-35.827503,-32.79741,-33.54322,-38.378914,-45.812973,-48.689693,-49.053844,-45.148808,-40.368534,-36.861607,-37.932556,-38.7217,-37.806065,-38.323612
-31.235481,-36.66683,-47.610565,-50.464752,-50.771126,-51.0149,-51.0149,-51.0149,-51.0149,-49.79217,-51.0149,-51.0149,-51.0149,-47.940964,-42.88755,-44.83723,-51.0149,-51.0149,-51.0149,-51.0149,-51.0149,-51.0149,-51.0149,-51.0149,-49.759758,-46.70852,-50.735054,-51.0149,-51.0149,-51.0149,-50.552475,-42.367268,-34.147743,-30.240158,-32.60307,-37.605415,-42.934677,-45.528496,-45.449104,-45.1193,-46.817673,-45.18484,-43.688393,-45.074417,-46.239513,-48.207363,-49.265816,-43.578842,-42.871304,-45.783775,-49.338554,-51.0149,-51.0149,-51.0149,-51.0149,-51.0149,-51.0149,-51.0149,-51.0149,-51.0149,-51.0149,-51.0149,-51.0149,-51.0149,-51.0149,-41.79457,-32.022095,-28.746721,-31.465714,-34.066067,-35.405155,-39.381844,-42.852,-44.470383,-43.63994,-38.985886,-40.440235,-45.00683,-45.86922,-49.332577,-51.0149,-51.0149,-51.0149,-47.76585,-46.63591,-51.0149,-51.0149,-51.0149,-51.0149,-51.0149,-51.0149,-51.0149,-51.0149,-47.81401,-47.17855,-51.0149,-51.0149,-51.0149,-51.0149,-44.14671,-34.413773,-30.35868,-31.667572,-33.8575,-36.676624,-42.440125,-46.1886,-48.02772,-49.638145,-51.0149,-46.68577,-43.400543,-45.11623,-49.20767,-51.0149,-51.0149,-49.47462,-42.546104,-44.830746,-51.0149,-51.0149,-51.0149,-49.58745,-47.17443,-45.962902,-42.354652,-38.859665,-39.538208,-45.13295,-46.458305,-46.412453,-44.2577,-42.81919,-41.962337,-36.413616,-32.831444,-30.816328,-33.32875,-38.939163,-43.527306,-45.53208,-48.469803,-50.71232,-51.0149,-51.0149,-51.0149,-51.0149,-51.0149,-51.0149,-51.0149,-51.0149,-50.841633,-47.486313,-51.0149,-50.691513,-47.833725,-48.74155,-48.18413,-47.300377,-51.0149,-51.0149,-51.0149,-51.0149,-51.0149,-51.0149,-51.0149,-51.0149,-50.05126,-37.47536,-32.95457,-31.055815,-33.203747,-34.472054,-34.654842,-35.43694,-38.349236,-37.512432,-37.143406,-38.744522,-44.870697,-46.97425,-47.294353,-48.953857,-50.635994,-50.385338,-49.509552,-45.36112,-46.130566,-50.68842,-51.0149,-51.0149,-51.0149,-51.0149,-51.0149,-47.90381,-46.95134,-51.0149,-51.0149,-49.29525,-45.85653,-43.334354,-44.81409,-39.755226,-33.198395,-32.709038,-34.252354,-35.713516,-40.306328,-44.15103,-46.896168,-50.67627,-51.0149,-49.039696,-42.934425,-40.937454,-38.44075,-41.073006,-47.690655,-51.0149,-49.36032,-42.559746,-44.228725,-50.715004,-51.0149,-50.014633,-51.0149,-51.0149,-51.0149,-51.0149,-50.260605,-47.37918,-46.293034,-47.725616,-50.341087,-51.0149,-51.0149,-38.000904,-30.400541,-30.246103,-33.41285,-38.808495,-44.728436,-47.25784,-48.863354,-50.07605,-51.0149,-51.0149,-50.97695,-48.732334,-48.292587,-49.746685,-51.0149,-51.0149,-46.12253,-44.0007,-47.93177,-50.42971,-47.703117,-47.558067,-48.623344,-50.512726,-51.0149,-51.0149,-51.0149,-51.0149,-51.0149,-51.0149,-48.662262,-45.430637,-43.982132,-36.437332,-31.344965,-30.713882,-34.895596,-38.109848,-41.420254,-44.173817,-46.372486,-50.067627,-51.0149,-51.0149,-51.0149,-51.0149,-51.0149,-51.0149,-51.0149,-51.0149,-47.122383,-44.42268,-49.877747,-51.0149,-51.0149,-51.0149,-51.0149,-51.0149,-51.0149,-51.0149,-51.0149,-51.0149,-51.0149,-51.0149,-51.0149,-51.0149,-51.0149,-41.9877,-33.14161,-30.290861,-31.620941,-35.023113,-39.62856,-44.698006,-48.654976,-51.0149,-51.0149,-51.0149,-51.0149,-51.0149,-51.0149,-51.0149,-51.0149,-49.07235,-40.845066,-43.183517,-49.73963,-51.0149,-51.0149,-51.0149,-51.0149,-51.0149,-51.0149,-51.0149,-51.0149,-51.0149,-51.0149,-51.0149,-51.0149,-51.0149,-50.81254,-43.58151,-36.328053,-32.36364,-32.43217,-33.97686,-37.688984,-41.530613,-45.896152,-47.699867,-49.54659,-51.0149,-51.0149,-51.0149,-49.604767,-51.0149,-51.0149,-51.0149,-49.374725,-40.55412,-41.38412,-48.19488,-51.0149,-51.0149,-51.0149,-51.0149,-51.0149,-51.0149,-51.0149,-51.0149,-51.0149,-51.0149,-51.0149,-51.0149,-51.0149,-41.403316,-32.877926,-31.263107,-32.625732,-35.65887,-39.392586,-42.500343,-44.256767,-48.53784,-48.831383,-38.882732,-33.329308,-35.790665,-42.144512,-43.873577,-44.163548,-44.087883,-41.57042,-42.329082,-44.167976,-45.082623,-45.004444,-46.2475,-50.752136,-51.0149,-51.0149,-51.0149,-50.8217,-47.527077,-44.17658,-42.466133,-41.927334,-41.846157,-40.910603,-34.23219,-28.865473,-28.688868,-31.15472,-35.083096,-39.658203,-44.17073,-44.382828,-45.037926,-49.15548,-48.566353,-45.218033,-44.85771,-46.260277,-44.999405,-45.725246,-45.812485,-44.391792,-43.681927,-42.82394,-48.634544,-51.0149,-51.0149,-51.0149,-51.0149,-51.0149,-51.0149,-51.0149,-47.84321,-41.257473,-34.476315,-30.498388,-30.259743,-30.23262,-30.138557,-28.635563,-27.531406,-27.343939,-31.385118,-32.607555,-31.451674,-31.335152,-32.379456,-37.023533,-41.37538,-40.99894,-43.167435,-45.160416,-44.836998,-45.312237,-45.472446,-44.736885,-44.255844,-46.529194,-47.027897,-46.392174,-45.57641,-45.575176,-41.955605,-40.184242,-39.59005,-38.734505,-39.23721,-40.00511,-39.64698,-38.68405,-37.408073,-38.930405,-41.440445,-33.366493,-28.025959,-28.78419,-34.642403,-38.875465,-42.440956,-45.001564,-45.965782,-47.97255,-49.770912,-51.0149,-51.0149,-51.0149,-51.0149,-51.0149,-51.0149,-51.0149,-46.54609,-45.10773,-51.0149,-51.0149,-51.0149,-51.0149,-51.0149,-51.0149,-51.0149,-51.0149,-51.0149,-50.45973,-51.0149,-51.0149,-51.0149,-47.3126,-44.39807,-37.958076,-31.704594,-31.036207,-33.221012,-35.46902,-39.323345,-43.47713,-46.149223,-46.290764,-43.824467,-42.69415,-36.41111,-37.034134,-43.847393,-45.36205,-48.757324,-43.323883,-38.91343,-39.300278,-38.818024,-38.22159,-37.01549,-36.721924,-38.30662,-41.6044,-43.479187,-44.86943,-42.885994,-41.95323,-44.57403,-49.84474,-40.85882,-37.02355,-35.22295,-32.16976,-31.680664,-31.217274,-33.108467,-35.79636,-35.993397,-36.726162,-39.529053,-44.893234,-47.378384,-43.416237,-43.565998,-42.77658,-40.306664,-37.41559,-36.135616,-36.647545,-38.088707,-36.73856,-37.479298,-44.17205,-48.285404,-49.380104,-51.0149,-51.0149,-51.0149,-51.0149,-51.0149,-48.687363,-49.434128,-51.0149,-51.0149,-51.0149,-51.0149,-42.369366,-34.563194,-30.681765,-31.102982,-33.56772,-37.138786,-40.275566,-40.18799,-35.719864,-33.2817,-34.150475,-37.150574,-37.250793,-36.20195,-35.695892,-36.625896,-37.02426,-36.77989,-39.615715,-42.451576,-42.68544,-42.223164,-40.42645,-37.8519,-35.67765,-35.93627,-39.58383,-46.37523,-47.67176,-43.753494,-42.89535,-44.58156,-38.49721,-32.936565,-34.344677,-36.438816,-30.6119,-30.60673,-33.76712,-36.74785,-41.5028,-44.393505,-46.333103,-49.837845,-49.888897,-46.037296,-46.035805,-47.08666,-48.735462,-48.994873,-50.496376,-50.484314,-44.72352,-40.364834,-40.43296,-45.850174,-51.0149,-51.0149,-48.0968,-45.33445,-43.35041,-41.236595,-41.47484,-41.58304,-42.018856,-42.328293,-42.816124,-42.527313,-39.08342,-31.320421,-30.168205,-33.882,-36.790215,-37.731594,-41.605827,-44.987076,-47.158333,-49.474064,-51.0149,-47.240124,-43.967857,-43.165287,-42.759697,-42.410778,-43.63787,-42.42865,-40.572323,-41.523003,-40.52572,-44.969666,-51.0149,-49.81765,-50.331768,-48.663372,-45.726734,-47.531265,-50.759804,-50.94913,-51.0149,-51.0149,-51.0149,-51.0149,-51.0149,-42.81063,-33.09712,-30.679161,-32.36481,-34.97503,-42.09359,-44.43046,-47.42254,-49.37944,-50.701138,-51.005142,-51.0149,-46.824142,-46.700214,-47.729996,-49.230713,-51.0149,-49.94101,-41.06761,-41.788986,-49.495007,-51.0149,-51.0149,-51.0149,-51.0149,-51.0149,-51.0149,-51.0149,-51.0149,-51.0149,-51.0149,-51.0149,-51.0149,-51.0149,-46.65915,-35.074852,-31.203762,-32.32904,-36.276176,-38.365845,-40.49687,-42.714993,-45.908463,-47.67505,-49.2643,-50.92928,-50.42236,-49.44153,-49.928852,-51.0149,-51.0149,-51.0149,-43.74699,-41.89919,-48.04151,-51.0149,-51.0149,-51.0149,-51.0149,-51.0149,-51.0149,-51.0149,-51.0149,-51.0149,-51.0149,-51.0149,-51.0149,-51.0149,-45.961273,-37.74201,-32.33385,-32.995533,-37.38601,-40.28683,-43.067913,-46.584007,-51.0149,-51.0149,-51.0149,-50.14048,-50.110886,-49.82903,-49.978527,-51.0149,-51.0149,-47.047264,-42.98284,-43.85599,-46.741444,-51.0149,-51.0149,-51.0149,-51.0149,-51.0149,-51.0149,-51.0149,-51.0149,-51.0149,-51.0149,-51.0149,-51.0149,-51.0149,-42.13415,-33.866745,-31.278677,-34.04479,-37.276424,-42.407574,-44.36416,-46.487083,-42.456112,-38.9123,-41.974518,-50.04482,-51.0149,-51.0149,-51.0149,-51.0149,-43.019928,-33.436653,-31.505072,-32.303986,-37.69359,-42.786156,-43.401108,-44.63085,-46.01978,-43.69149,-41.831444,-42.200397,-37.724327,-35.644207,-35.239204,-34.907654,-37.106365,-37.66676,-36.41389,-31.050226,-29.754574,-31.950638,-35.76956,-38.865734,-44.395393,-46.6079,-43.77764,-45.649643,-47.490505,-47.43502,-47.8349,-47.528576,-47.746307,-46.18794,-46.373543,-47.235077,-45.283836,-47.18734,-48.448406,-50.015587,-51.0149,-47.321667,-45.234993,-41.24384,-39.185127,-37.951332,-38.622738,-39.715828,-41.176025,-41.582493,-39.66079,-36.53091,-34.462166,-35.11502,-32.842365,-32.406605,-34.161594,-37.71762,-42.491196,-45.784668,-47.067627,-49.68344,-50.887917,-49.729916,-50.705265,-51.0149,-51.0149,-51.0149,-51.0149,-51.0149,-45.761787,-43.299088,-42.723976,-40.8527,-38.66654,-39.477154,-43.31947,-43.51618,-44.349094,-44.19818,-46.7131,-47.21003,-49.67915,-51.0149,-51.0149,-51.0149,-51.0149,-43.78591,-33.64079,-31.462343,-34.39581,-38.418987,-43.708237,-46.938168,-47.59766,-47.212696,-50.30818,-51.0149,-51.0149,-51.0149,-51.0149,-51.0149,-51.0149,-51.0149,-51.0149,-47.899162,-49.17737,-47.354874,-50.529305,-51.0149,-51.0149,-51.0149,-51.0149,-51.0149,-51.0149,-49.15744,-45.65832,-45.11731,-50.309834,-50.29931,-39.089973,-35.45787,-33.329132,-32.013405,-30.859413,-34.1744,-40.918163,-44.530693,-46.410786,-47.66178,-47.00203,-48.864067,-49.839092,-50.35303,-46.413193,-46.85504,-48.863377,-48.297215,-49.34799,-45.859814,-44.170685,-46.88275,-51.0149,-51.0149,-51.0149,-51.0149,-51.0149,-51.0149,-48.499313,-50.19693,-49.98608,-51.0149,-51.0149,-51.0149,-51.0149,-50.760307,-35.577065,-30.831814,-32.45215,-36.130424,-40.13252,-42.94745,-45.391308,-46.367268,-50.592636,-51.0149,-51.0149,-51.0149,-51.0149,-51.0149,-51.0149,-51.0149,-51.0149,-51.0149,-43.762833,-40.90832,-39.595566,-37.587208,-36.573063,-35.81503,-35.285957,-35.643192,-36.65288,-37.999622,-42.15542,-46.90939,-50.84158,-51.0149,-51.0149,-51.0149,-46.126633,-37.528843,-33.67042,-31.829647,-35.097073,-39.40886,-37.571484,-37.86341,-45.059097,-42.164604,-40.766533,-44.22486,-46.734814,-50.21389,-50.68772,-39.926113,-31.694202,-31.024284,-33.074734,-33.195618,-31.816265,-32.06452,-32.006207,-33.17863,-35.7065,-34.73017,-33.739704,-32.90942,-31.619953,-32.305153,-38.11198,-43.45719,-44.546356,-44.98314,-41.96468,-35.385487,-31.237812,-31.644594,-36.656464,-40.08795,-38.189785,-39.770744,-47.09754,-49.124866,-48.65354,-49.035828,-47.198486,-45.39679,-44.13204,-43.66697,-44.13199,-43.658676,-42.479668,-44.822254,-45.824577,-45.899624,-46.010162,-44.348656,-43.340828,-42.61712,-44.991222,-46.124672,-45.001583,-44.79223,-44.087418,-44.28367,-43.21207,-43.053326,-39.412727,-34.143482,-31.758871,-32.048542,-30.290804,-27.982574,-30.99122,-38.061775,-34.184643,-30.528416,-32.210632,-38.584476,-34.577595,-35.949738,-40.854412,-41.25854,-41.392105,-39.146397,-40.532234,-44.806847,-46.978363,-50.862976,-51.0149,-51.0149,-51.0149,-51.0149,-51.0149,-51.0149,-51.0149,-51.0149,-51.0149,-51.0149,-51.0149,-45.848488,-32.857864,-29.064981,-31.000317,-33.05909,-39.237625,-48.018394,-49.715363,-48.965397,-47.916298,-47.407204,-47.112293,-47.74283,-49.319397,-50.93238,-51.0149,-51.0149,-51.0149,-51.0149,-46.59729,-48.501617,-51.0149,-51.0149,-51.0149,-51.0149,-51.0149,-51.0149,-51.0149,-46.106598,-39.1836,-39.16733,-42.753464,-46.250454,-50.056274,-46.35427,-38.323677,-30.141224,-29.314285,-34.128048,-37.981075,-41.667885,-46.41018,-50.964474,-51.0149,-50.802914,-51.0149,-51.0149,-50.247517,-49.44429,-49.04875,-50.97286,-48.203133,-45.09897,-42.024338,-42.561203,-51.0149,-51.0149,-51.0149,-51.0149,-51.0149,-51.0149,-51.0149,-51.0149,-51.0149,-51.0149,-51.0149,-51.0149,-51.0149,-44.009113,-36.93895,-32.795864,-31.292437,-33.76954,-38.08049,-41.075005,-44.18593,-47.076637,-48.779446,-50.5849,-51.0149,-51.0149,-51.0149,-49.411217,-51.0149,-51.0149,-49.777943,-40.474632,-39.47551,-48.64439,-51.0149,-51.0149,-51.0149,-51.0149,-51.0149,-51.0149,-51.0149,-51.0149,-51.0149,-49.155125,-51.0149,-50.786964,-49.643745,-51.0149,-36.553703,-31.709661,-33.331688,-35.831646,-39.527416,-43.485435,-46.293457,-47.998623,-49.434853,-51.0149,-51.0149,-49.001884,-50.78782,-51.0149,-51.0149,-51.0149,-41.05295,-34.811123,-34.972923,-38.150608,-38.310585,-40.164474,-44.740982,-46.38534,-45.953728,-44.57987,-40.80875,-40.099606,-42.781517,-45.872326,-47.28167,-45.327717,-43.94016,-43.57327,-41.332394,-36.440643,-33.039116,-32.12068,-33.45674,-36.064106,-40.572235,-41.55947,-42.894894,-44.288937,-45.359158,-45.965115,-45.25998,-40.2457,-36.987034,-36.245483,-35.275425,-34.486904,-31.990583,-33.709057,-36.99828,-38.33737,-40.01686,-42.236504,-45.087883,-46.194378,-47.106064,-47.172417,-44.397564,-41.64211,-42.50118,-44.605595,-45.91546,-46.83939,-41.594044,-38.422985,-34.981358,-30.01024,-28.768356,-30.933979,-35.629135,-38.843056,-41.498684,-45.71726,-49.553795,-44.742374,-40.040894,-35.517258,-32.958805,-34.087727,-33.265152,-34.358147,-37.049625,-34.276745,-33.900623,-38.665646,-46.532104,-50.175346,-50.748055,-45.288994,-42.47574,-41.73206,-40.90296,-40.229183,-40.056,-40.7005
-31.386013,-37.208496,-51.0149,-51.0149,-51.0149,-51.0149,-51.0149,-51.0149,-51.0149,-51.0149,-51.0149,-51.0149,-51.0149,-51.0149,-47.73628,-49.570675,-51.0149,-51.0149,-51.0149,-51.0149,-51.0149,-51.0149,-51.0149,-51.0149,-50.346603,-47.93812,-51.0149,-51.0149,-51.0149,-51.0149,-51.0149,-43.335114,-37.77092,-36.9388,-39.70572,-41.199356,-45.129337,-49.55975,-48.588303,-48.767494,-51.0149,-49.6036,-49.357697,-51.0149,-51.0149,-51.0149,-51.0149,-46.192574,-45.786606,-51.0149,-51.0149,-51.0149,-51.0149,-51.0149,-51.0149,-51.0149,-51.0149,-51.0149,-51.0149,-51.0149,-51.0149,-51.0149,-51.0149,-51.0149,-51.0149,-47.07003,-37.432102,-32.786118,-34.958706,-38.323364,-41.9343,-44.809174,-47.399384,-49.638412,-46.204372,-40.55454,-42.197193,-47.916924,-48.907578,-51.0149,-51.0149,-51.0149,-51.0149,-51.0149,-51.0149,-51.0149,-51.0149,-51.0149,-51.0149,-51.0149,-51.0149,-51.0149,-51.0149,-49.196785,-49.901924,-51.0149,-51.0149,-51.0149,-51.0149,-51.0149,-41.00635,-36.50674,-39.169582,-43.777813,-46.960037,-49.680534,-51.0149,-51.0149,-51.0149,-51.0149,-51.0149,-48.08953,-48.686596,-51.0149,-51.0149,-51.0149,-51.0149,-49.37465,-51.0149,-51.0149,-51.0149,-51.0149,-51.0149,-51.0149,-51.0149,-51.0149,-49.83017,-49.42139,-51.0149,-51.0149,-51.0149,-49.77227,-47.740444,-45.977535,-40.54854,-36.72949,-36.028904,-37.621044,-42.84262,-49.37188,-49.695404,-51.0149,-51.0149,-51.0149,-51.0149,-51.0149,-51.0149,-51.0149,-51.0149,-51.0149,-51.0149,-51.0149,-51.0149,-51.0149,-51.0149,-49.190044,-48.519814,-46.38272,-45.22089,-50.110226,-51.0149,-51.0149,-51.0149,-51.0149,-51.0149,-51.0149,-51.0149,-51.0149,-42.46004,-37.08822,-36.21324,-39.10866,-39.10495,-39.70371,-42.76762,-45.6612,-45.043266,-44.639927,-47.382236,-51.0149,-51.0149,-51.0149,-51.0149,-51.0149,-51.0149,-51.0149,-45.883247,-47.944275,-51.0149,-51.0149,-51.0149,-51.0149,-51.0149,-51.0149,-51.0149,-50.71154,-51.0149,-51.0149,-50.91785,-46.392426,-44.150005,-44.724724,-46.18965,-40.657597,-38.989223,-41.360565,-41.56706,-45.755363,-51.0149,-51.0149,-51.0149,-51.0149,-50.83195,-45.946995,-44.18358,-42.13865,-44.917206,-51.0149,-51.0149,-51.0149,-47.350384,-48.75895,-51.0149,-51.0149,-51.0149,-51.0149,-51.0149,-51.0149,-51.0149,-51.0149,-47.624126,-48.157726,-51.0149,-51.0149,-51.0149,-51.0149,-47.03598,-37.46019,-36.2378,-39.926346,-44.23104,-50.165043,-51.0149,-51.0149,-51.0149,-51.0149,-51.0149,-51.0149,-51.0149,-51.0149,-51.0149,-51.0149,-51.0149,-49.82727,-47.640816,-51.0149,-51.0149,-51.0149,-51.0149,-51.0149,-51.0149,-51.0149,-51.0149,-51.0149,-51.0149,-51.0149,-51.0149,-51.0149,-50.557495,-50.683247,-43.002697,-36.877495,-37.898987,-41.89042,-43.829197,-48.46142,-51.0149,-51.0149,-51.0149,-51.0149,-51.0149,-51.0149,-51.0149,-51.0149,-51.0149,-51.0149,-51.0149,-51.0149,-49.600945,-51.0149,-51.0149,-51.0149,-51.0149,-51.0149,-51.0149,-51.0149,-51.0149,-51.0149,-51.0149,-51.0149,-51.0149,-51.0149,-51.0149,-51.0149,-47.756615,-38.185066,-36.47296,-39.91706,-43.388233,-46.921803,-51.0149,-51.0149,-51.0149,-51.0149,-51.0149,-48.46411,-47.878807,-51.0149,-51.0149,-51.0149,-51.0149,-43.229477,-45.843258,-51.0149,-51.0149,-51.0149,-51.0149,-51.0149,-51.0149,-51.0149,-51.0149,-51.0149,-51.0149,-51.0149,-51.0149,-51.0149,-51.0149,-51.0149,-46.525444,-41.332493,-37.08312,-36.979137,-39.327656,-46.550327,-51.0149,-51.0149,-51.0149,-51.0149,-51.0149,-51.0149,-51.0149,-51.0149,-51.0149,-51.0149,-51.0149,-51.0149,-46.255814,-48.71372,-51.0149,-51.0149,-51.0149,-51.0149,-51.0149,-51.0149,-51.0149,-51.0149,-51.0149,-51.0149,-51.0149,-51.0149,-51.0149,-51.0149,-48.479782,-38.906906,-36.516808,-38.06213,-41.14232,-47.553688,-50.105476,-51.0149,-51.0149,-51.0149,-46.448246,-38.779053,-40.77053,-47.49018,-49.890743,-51.0149,-45.86045,-43.227577,-48.30118,-48.810562,-49.64425,-51.0149,-51.0149,-51.0149,-51.0149,-51.0149,-51.0149,-51.0149,-51.0149,-51.0149,-48.635643,-47.513344,-47.2551,-45.99878,-41.751015,-37.01751,-37.47592,-40.747894,-42.53511,-46.263485,-50.51066,-51.0149,-51.0149,-51.0149,-51.0149,-49.96276,-50.990864,-51.0149,-51.0149,-51.0149,-51.0149,-48.884735,-50.504044,-51.0149,-51.0149,-51.0149,-51.0149,-51.0149,-51.0149,-51.0149,-51.0149,-51.0149,-49.90261,-41.9767,-36.401142,-34.824596,-34.883453,-34.629253,-35.959953,-37.846523,-35.640705,-34.5787,-37.29777,-39.36695,-38.44656,-36.74514,-36.942795,-44.31636,-49.925415,-49.38171,-49.560417,-50.70288,-51.0149,-51.0149,-51.0149,-50.386234,-47.25106,-49.5146,-51.0149,-51.0149,-51.0149,-50.910187,-44.918976,-43.15246,-45.549248,-42.718956,-41.604202,-44.07686,-47.401276,-49.2222,-49.268932,-50.350418,-48.211746,-40.86147,-37.45754,-36.379997,-37.637024,-43.533913,-48.306458,-51.0149,-51.0149,-51.0149,-51.0149,-51.0149,-51.0149,-51.0149,-51.0149,-51.0149,-51.0149,-51.0149,-51.0149,-51.0149,-51.0149,-51.0149,-51.0149,-51.0149,-51.0149,-51.0149,-51.0149,-49.633705,-47.171936,-49.40619,-51.0149,-51.0149,-51.0149,-51.0149,-51.0149,-43.181778,-37.798428,-37.818974,-39.426777,-42.045593,-46.726204,-50.717922,-51.0149,-50.052303,-47.215218,-47.590866,-41.720734,-42.184357,-46.440983,-48.976017,-51.0149,-43.895435,-40.78134,-45.38302,-45.881218,-42.50069,-41.253456,-41.49487,-43.859856,-46.26705,-47.92842,-51.0149,-48.584076,-48.520245,-51.0149,-51.0149,-45.240078,-40.373898,-40.31994,-39.152122,-35.800976,-33.007896,-36.049606,-42.301712,-44.5272,-46.601677,-51.0149,-51.0149,-51.0149,-51.0149,-51.0149,-51.0149,-47.60574,-46.268826,-45.336166,-45.17061,-46.180046,-44.0906,-44.85373,-50.05732,-51.0149,-51.0149,-51.0149,-51.0149,-51.0149,-51.0149,-51.0149,-51.0149,-51.0149,-51.0149,-51.0149,-51.0149,-51.0149,-51.0149,-44.67525,-37.456684,-37.351204,-40.602417,-42.56362,-46.792595,-46.337677,-41.944763,-39.35547,-40.895554,-43.990036,-43.44208,-42.14216,-40.968163,-41.62326,-43.031063,-42.003284,-43.87691,-45.675564,-46.47914,-46.143204,-44.772926,-44.543247,-45.58901,-44.357357,-45.4067,-48.543076,-47.72884,-47.675816,-49.477737,-50.84875,-44.51758,-39.014637,-40.106472,-45.379635,-39.121548,-37.49984,-39.03681,-40.61317,-46.675316,-51.0149,-51.0149,-51.0149,-51.0149,-51.0149,-51.0149,-51.0149,-51.0149,-51.0149,-51.0149,-51.0149,-51.0149,-45.366497,-44.738647,-49.45954,-51.0149,-51.0149,-51.0149,-51.0149,-51.0149,-51.0149,-51.0149,-51.0149,-51.0149,-50.914936,-48.635414,-49.058846,-46.452873,-38.24567,-36.585636,-40.86092,-41.59736,-42.120472,-48.188828,-51.0149,-51.0149,-51.0149,-51.0149,-51.0149,-51.0149,-51.0149,-51.0149,-50.051872,-49.37685,-47.56671,-45.164482,-47.229176,-51.0149,-51.0149,-51.0149,-51.0149,-51.0149,-50.71411,-47.126907,-48.23181,-50.23961,-51.0149,-51.0149,-51.0149,-51.0149,-51.0149,-51.0149,-46.786453,-39.917625,-36.97915,-37.771614,-42.96821,-48.31734,-51.0149,-51.0149,-51.0149,-51.0149,-51.0149,-51.0149,-51.0149,-51.0149,-51.0149,-51.0149,-51.0149,-51.0149,-44.860268,-44.899513,-51.0149,-51.0149,-51.0149,-51.0149,-51.0149,-51.0149,-51.0149,-51.0149,-51.0149,-51.0149,-51.0149,-51.0149,-51.0149,-51.0149,-49.413166,-38.58587,-36.21567,-37.937656,-43.105854,-48.097958,-51.0149,-51.0149,-51.0149,-51.0149,-51.0149,-51.0149,-51.0149,-51.0149,-51.0149,-51.0149,-51.0149,-51.0149,-50.76072,-49.626118,-51.0149,-51.0149,-51.0149,-51.0149,-51.0149,-51.0149,-51.0149,-51.0149,-51.0149,-51.0149,-51.0149,-51.0149,-51.0149,-51.0149,-51.0149,-44.573944,-38.665203,-38.284317,-41.363846,-45.806065,-50.351406,-51.0149,-51.0149,-51.0149,-51.0149,-51.0149,-51.0149,-51.0149,-51.0149,-51.0149,-51.0149,-50.93813,-46.631847,-49.232555,-51.0149,-51.0149,-51.0149,-51.0149,-51.0149,-51.0149,-51.0149,-51.0149,-51.0149,-51.0149,-51.0149,-51.0149,-51.0149,-51.0149,-48.14122,-40.749405,-37.836395,-40.311966,-44.03875,-47.96455,-51.0149,-51.0149,-50.587482,-45.862232,-48.266205,-51.0149,-51.0149,-51.0149,-51.0149,-51.0149,-49.630924,-43.250114,-41.39673,-41.34236,-45.06904,-48.235054,-51.0149,-51.0149,-51.0149,-51.0149,-46.96591,-44.933113,-42.991013,-41.59248,-41.70903,-41.663853,-40.55151,-42.323223,-42.3074,-38.97773,-35.26145,-35.65884,-40.18455,-43.76556,-47.228577,-48.66995,-48.90268,-48.23043,-49.88882,-51.0149,-51.0149,-51.0149,-51.0149,-51.0149,-51.0149,-51.0149,-49.953045,-51.0149,-51.0149,-51.0149,-51.0149,-51.0149,-51.0149,-47.975365,-46.055603,-45.30906,-43.310944,-43.356113,-47.76606,-48.520092,-45.14296,-43.89809,-43.81288,-41.747303,-37.871964,-38.38882,-40.201015,-42.62393,-46.386036,-51.0149,-51.0149,-51.0149,-51.0149,-51.0149,-51.0149,-51.0149,-51.0149,-51.0149,-51.0149,-51.0149,-48.70353,-46.895912,-47.847866,-49.226727,-47.95826,-49.148895,-51.0149,-50.960846,-51.0149,-51.0149,-51.0149,-51.0149,-51.0149,-51.0149,-51.0149,-51.0149,-51.0149,-50.325806,-39.136177,-35.49141,-37.33111,-43.482483,-47.444324,-50.47059,-51.0149,-51.0149,-51.0149,-51.0149,-51.0149,-51.0149,-51.0149,-51.0149,-51.0149,-51.0149,-51.0149,-51.0149,-51.0149,-51.0149,-51.0149,-51.0149,-51.0149,-51.0149,-51.0149,-51.0149,-51.0149,-51.0149,-51.0149,-51.0149,-51.0149,-51.0149,-45.916977,-40.875748,-36.7247,-34.640923,-35.867924,-39.156254,-43.774986,-46.97725,-49.712296,-50.971607,-51.0149,-51.0149,-51.0149,-51.0149,-51.0149,-51.0149,-51.0149,-51.0149,-51.0149,-51.0149,-49.74192,-51.0149,-51.0149,-51.0149,-51.0149,-51.0149,-51.0149,-51.0149,-51.0149,-51.0149,-51.0149,-51.0149,-51.0149,-51.0149,-51.0149,-51.0149,-41.850048,-36.819065,-38.06829,-40.725323,-43.943726,-49.325523,-51.0149,-51.0149,-51.0149,-51.0149,-51.0149,-51.0149,-51.0149,-51.0149,-51.0149,-51.0149,-51.0149,-51.0149,-51.0149,-47.612972,-45.542072,-43.913086,-42.87414,-40.89898,-42.576717,-44.10017,-45.02851,-45.83311,-48.819733,-51.0149,-51.0149,-51.0149,-51.0149,-51.0149,-50.212208,-42.077682,-38.08001,-38.023056,-42.179802,-46.016014,-47.88342,-49.360054,-51.0149,-50.168377,-47.82041,-50.13665,-51.0149,-51.0149,-51.0149,-46.76288,-39.21414,-38.881016,-40.430473,-39.89228,-39.100708,-39.66777,-40.759552,-42.411896,-43.489235,-42.55052,-41.12871,-40.543617,-39.45083,-41.19863,-45.477905,-50.992603,-51.0149,-51.0149,-49.930588,-42.782665,-37.91162,-38.6405,-40.9394,-43.664875,-44.494766,-48.0089,-51.0149,-51.0149,-51.0149,-51.0149,-51.0149,-51.0149,-50.40831,-49.546272,-46.677055,-46.53605,-46.677967,-51.0149,-51.0149,-51.0149,-51.0149,-51.0149,-51.0149,-51.0149,-51.0149,-51.0149,-48.03944,-48.723835,-51.0149,-51.0149,-51.0149,-51.0149,-42.343353,-38.02783,-37.143337,-36.08475,-35.216095,-34.91056,-37.56959,-45.49688,-41.3124,-36.680973,-38.982147,-47.899937,-42.72385,-42.78704,-46.823723,-45.74682,-46.083954,-46.21646,-47.748688,-49.472916,-50.66874,-51.0149,-51.0149,-51.0149,-51.0149,-51.0149,-51.0149,-51.0149,-51.0149,-51.0149,-51.0149,-51.0149,-51.0149,-51.0149,-40.85298,-36.718773,-37.73937,-40.135647,-45.313538,-51.0149,-51.0149,-51.0149,-51.0149,-51.0149,-51.0149,-51.0149,-51.0149,-51.0149,-51.0149,-51.0149,-51.0149,-51.0149,-50.074257,-51.011356,-51.0149,-51.0149,-51.0149,-51.0149,-51.0149,-51.0149,-51.0149,-50.13485,-49.810944,-49.340786,-51.0149,-51.0149,-51.0149,-51.0149,-44.817024,-38.11047,-36.737247,-40.970764,-43.94713,-46.84332,-51.0149,-51.0149,-51.0149,-51.0149,-51.0149,-51.0149,-50.951775,-50.368557,-51.0149,-51.0149,-51.0149,-50.529793,-51.0149,-51.0149,-51.0149,-51.0149,-51.0149,-51.0149,-51.0149,-51.0149,-51.0149,-51.0149,-51.0149,-51.0149,-51.0149,-51.0149,-51.0149,-50.98421,-43.43227,-36.807304,-36.71226,-40.129974,-44.65313,-49.136982,-51.0149,-51.0149,-51.0149,-51.0149,-51.0149,-51.0149,-51.0149,-51.0149,-51.0149,-51.0149,-51.0149,-45.721237,-44.586033,-51.0149,-51.0149,-51.0149,-51.0149,-51.0149,-51.0149,-51.0149,-51.0149,-51.0149,-51.0149,-51.0149,-51.0149,-51.0149,-51.0149,-51.0149,-43.22014,-37.652622,-37.119507,-39.41322,-43.85866,-48.211563,-50.98384,-51.0149,-51.0149,-51.0149,-51.0149,-51.0149,-51.0149,-51.0149,-51.0149,-51.0149,-47.805237,-41.239616,-39.8078,-42.33931,-44.4751,-47.74971,-51.0149,-51.0149,-51.0149,-51.0149,-50.629784,-49.547653,-50.65349,-51.0149,-51.0149,-51.0149,-51.0149,-51.0149,-46.739784,-41.54876,-39.217506,-39.212547,-39.828785,-42.928825,-48.668766,-51.012024,-49.083424,-49.352077,-49.746284,-49.11587,-49.717503,-45.81205,-41.271538,-40.958668,-41.46003,-40.37806,-38.98983,-39.708843,-42.950954,-45.495266,-47.611763,-51.0149,-49.16884,-51.014534,-51.0149,-50.325996,-51.0149,-51.0149,-51.0149,-51.0149,-51.0149,-51.0149,-47.82586,-41.997925,-38.45542,-37.80587,-37.124702,-36.35153,-39.5055,-44.770264,-47.071175,-49.59488,-50.641407,-45.63814,-41.18137,-38.35728,-37.836708,-39.69023,-41.01145,-42.347366,-44.353394,-40.264927,-36.413986,-40.334934,-50.907303,-51.0149,-51.0149,-48.963173,-46.06173,-48.543163,-46.703724,-46.901154,-48.647087,-46.017754
-32.210777,-38.174866,-51.0149,-51.0149,-51.0149,-51.0149,-51.0149,-51.0149,-51.0149,-51.0149,-51.0149,-51.0149,-51.0149,-51.0149,-51.0149,-51.0149,-51.0149,-51.0149,-51.0149,-51.0149,-51.0149,-51.0149,-51.0149,-51.0149,-51.0149,-51.0149,-51.0149,-51.0149,-51.0149,-51.0149,-51.0149,-50.326134,-46.410862,-45.375404,-48.72807,-51.0149,-51.0149,-51.0149,-51.0149,-51.0149,-51.0149,-51.0149,-51.0149,-51.0149,-51.0149,-51.0149,-51.0149,-51.0149,-51.0149,-51.0149,-51.0149,-51.0149,-51.0149,-51.0149,-51.0149,-51.0149,-51.0149,-51.0149,-51.0149,-51.0149,-51.0149,-51.0149,-51.0149,-51.0149,-51.0149,-51.0149,-48.122868,-44.91123,-46.252056,-47.83477,-51.0149,-51.0149,-51.0149,-51.0149,-51.0149,-51.0149,-51.0149,-51.0149,-51.0149,-51.0149,-51.0149,-51.0149,-51.0149,-51.0149,-51.0149,-51.0149,-51.0149,-51.0149,-51.0149,-51.0149,-51.0149,-51.0149,-51.0149,-51.0149,-51.0149,-51.0149,-51.0149,-51.0149,-51.0149,-51.0149,-49.536285,-47.467728,-49.158875,-51.0149,-51.0149,-51.0149,-51.0149,-51.0149,-51.0149,-51.0149,-51.0149,-51.0149,-51.0149,-51.0149,-51.0149,-51.0149,-51.0149,-51.0149,-51.0149,-51.0149,-51.0149,-51.0149,-51.0149,-51.0149,-51.0149,-51.0149,-51.0149,-51.0149,-51.0149,-51.0149,-51.0149,-51.0149,-51.0149,-51.0149,-44.401264,-43.54378,-44.963753,-49.48852,-51.0149,-51.0149,-51.0149,-51.0149,-51.0149,-51.0149,-51.0149,-51.0149,-51.0149,-51.0149,-51.0149,-51.0149,-51.0149,-51.0149,-51.0149,-51.0149,-51.0149,-51.0149,-51.0149,-51.0149,-51.0149,-51.0149,-51.0149,-51.0149,-51.0149,-51.0149,-51.0149,-51.0149,-51.0149,-51.0149,-51.0149,-47.821384,-46.649548,-49.359825,-51.0149,-51.0149,-51.0149,-51.0149,-51.0149,-51.0149,-51.0149,-51.0149,-51.0149,-51.0149,-51.0149,-51.0149,-51.0149,-51.0149,-51.0149,-51.0149,-51.0149,-51.0149,-51.0149,-51.0149,-51.0149,-51.0149,-51.0149,-51.0149,-51.0149,-51.0149,-51.0149,-51.0149,-51.0149,-51.0149,-51.0149,-48.778748,-45.672382,-48.002472,-50.38839,-51.0149,-51.0149,-51.0149,-51.0149,-51.0149,-51.0149,-51.0149,-51.0149,-51.0149,-51.0149,-51.0149,-51.0149,-51.0149,-51.0149,-51.0149,-51.0149,-51.0149,-51.0149,-51.0149,-51.0149,-51.0149,-51.0149,-51.0149,-51.0149,-51.0149,-51.0149,-51.0149,-51.0149,-51.0149,-51.0149,-47.738464,-45.23179,-47.64431,-51.0149,-51.0149,-51.0149,-51.0149,-51.0149,-51.0149,-51.0149,-51.0149,-51.0149,-51.0149,-51.0149,-51.0149,-51.0149,-51.0149,-51.0149,-51.0149,-51.0149,-51.0149,-51.0149,-51.0149,-51.0149,-51.0149,-51.0149,-51.0149,-51.0149,-51.0149,-51.0149,-51.0149,-51.0149,-51.0149,-51.0149,-44.362473,-44.875153,-48.33925,-51.0149,-51.0149,-51.0149,-51.0149,-51.0149,-51.0149,-51.0149,-51.0149,-51.0149,-51.0149,-51.0149,-51.0149,-51.0149,-51.0149,-51.0149,-51.0149,-51.0149,-51.0149,-51.0149,-51.0149,-51.0149,-51.0149,-51.0149,-51.0149,-51.0149,-51.0149,-51.0149,-51.0149,-51.0149,-51.0149,-51.0149,-46.949463,-44.42875,-48.153908,-51.0149,-51.0149,-51.0149,-51.0149,-51.0149,-51.0149,-51.0149,-51.0149,-51.0149,-51.0149,-51.0149,-51.0149,-51.0149,-51.0149,-51.0149,-51.0149,-51.0149,-51.0149,-51.0149,-51.0149,-51.0149,-51.0149,-51.0149,-51.0149,-51.0149,-51.0149,-51.0149,-51.0149,-51.0149,-51.0149,-51.0149,-50.004463,-46.068226,-45.071392,-46.730137,-51.0149,-51.0149,-51.0149,-51.0149,-51.0149,-51.0149,-51.0149,-51.0149,-51.0149,-51.0149,-51.0149,-51.0149,-51.0149,-51.0149,-51.0149,-51.0149,-51.0149,-51.0149,-51.0149,-51.0149,-51.0149,-51.0149,-51.0149,-51.0149,-51.0149,-51.0149,-51.0149,-51.0149,-51.0149,-51.0149,-49.892014,-46.34852,-45.276623,-48.545876,-51.0149,-51.0149,-51.0149,-51.0149,-51.0149,-51.0149,-51.0149,-50.18728,-51.0149,-51.0149,-51.0149,-51.0149,-50.42144,-51.0149,-51.0149,-51.0149,-51.0149,-51.0149,-51.0149,-51.0149,-51.0149,-51.0149,-51.0149,-51.0149,-51.0149,-51.0149,-51.0149,-51.0149,-51.0149,-49.351707,-46.128407,-45.09354,-47.56269,-51.0149,-51.0149,-51.0149,-51.0149,-51.0149,-51.0149,-51.0149,-51.0149,-51.0149,-51.0149,-51.0149,-51.0149,-51.0149,-51.0149,-51.0149,-51.0149,-51.0149,-51.0149,-51.0149,-51.0149,-51.0149,-51.0149,-51.0149,-51.0149,-51.0149,-50.03815,-46.42098,-44.956783,-43.508286,-42.949123,-44.650265,-45.669907,-42.283894,-42.806087,-46.05328,-47.108017,-47.51111,-42.762985,-43.485634,-51.0149,-51.0149,-51.0149,-51.0149,-51.0149,-51.0149,-51.0149,-51.0149,-51.0149,-51.0149,-51.0149,-51.0149,-51.0149,-51.0149,-51.0149,-51.0149,-51.0149,-51.0149,-51.0149,-48.904236,-50.678497,-51.0149,-51.0149,-51.0149,-51.0149,-51.0149,-50.78726,-45.068913,-44.327854,-45.96267,-51.0149,-51.0149,-51.0149,-51.0149,-51.0149,-51.0149,-51.0149,-51.0149,-51.0149,-51.0149,-51.0149,-51.0149,-51.0149,-51.0149,-51.0149,-51.0149,-51.0149,-51.0149,-51.0149,-51.0149,-51.0149,-51.0149,-51.0149,-51.0149,-51.0149,-51.0149,-51.0149,-51.0149,-51.0149,-51.0149,-49.415974,-44.928032,-45.355774,-47.132664,-50.46307,-51.0149,-51.0149,-51.0149,-51.0149,-51.0149,-51.0149,-50.696754,-50.5652,-51.0149,-51.0149,-51.0149,-51.0149,-49.325047,-51.0149,-51.0149,-49.672714,-48.863083,-48.74746,-50.955017,-51.0149,-51.0149,-51.0149,-51.0149,-51.0149,-51.0149,-51.0149,-51.0149,-47.498505,-45.123436,-44.585896,-44.403957,-43.30291,-44.054466,-48.82911,-51.0149,-51.0149,-51.0149,-51.0149,-51.0149,-51.0149,-51.0149,-51.0149,-50.925922,-51.0149,-51.0149,-51.0149,-51.0149,-51.0149,-51.0149,-51.0149,-51.0149,-51.0149,-51.0149,-51.0149,-51.0149,-51.0149,-51.0149,-51.0149,-51.0149,-51.0149,-51.0149,-51.0149,-51.0149,-51.0149,-51.0149,-46.83528,-46.857185,-47.690178,-48.277428,-49.909462,-49.98634,-47.42188,-45.83244,-47.029633,-50.14781,-50.88691,-50.149628,-50.366615,-51.0149,-51.0149,-51.0149,-51.0149,-51.0149,-51.0149,-51.0149,-50.21676,-49.8919,-49.77346,-49.085445,-50.128235,-51.0149,-51.0149,-51.0149,-51.0149,-51.0149,-51.0149,-48.104023,-47.421486,-49.81175,-44.9019,-44.215103,-46.716724,-49.378098,-51.0149,-51.0149,-51.0149,-51.0149,-51.0149,-51.0149,-51.0149,-51.0149,-51.0149,-51.0149,-51.0149,-51.0149,-51.0149,-51.0149,-51.0149,-51.0149,-51.0149,-51.0149,-51.0149,-51.0149,-51.0149,-51.0149,-51.0149,-51.0149,-51.0149,-51.0149,-51.0149,-51.0149,-51.0149,-47.07601,-44.824444,-46.562077,-47.824783,-49.576607,-51.0149,-51.0149,-51.0149,-51.0149,-51.0149,-51.0149,-51.0149,-51.0149,-51.0149,-51.0149,-51.0149,-51.0149,-49.271255,-51.0149,-51.0149,-51.0149,-51.0149,-51.0149,-51.0149,-51.0149,-51.0149,-51.0149,-51.0149,-51.0149,-51.0149,-51.0149,-51.0149,-51.0149,-51.0149,-51.0149,-46.10355,-44.16707,-45.32956,-48.92345,-51.0149,-51.0149,-51.0149,-51.0149,-51.0149,-51.0149,-51.0149,-51.0149,-51.0149,-51.0149,-51.0149,-51.0149,-51.0149,-50.180702,-51.0149,-51.0149,-51.0149,-51.0149,-51.0149,-51.0149,-51.0149,-51.0149,-51.0149,-51.0149,-51.0149,-51.0149,-51.0149,-51.0149,-51.0149,-51.0149,-48.21396,-45.936543,-48.08714,-51.0149,-51.0149,-51.0149,-51.0149,-51.0149,-51.0149,-51.0149,-51.0149,-51.0149,-51.0149,-51.0149,-51.0149,-51.0149,-51.0149,-51.0149,-51.0149,-51.0149,-51.0149,-51.0149,-51.0149,-51.0149,-51.0149,-51.0149,-51.0149,-51.0149,-51.0149,-51.0149,-51.0149,-51.0149,-51.0149,-51.0149,-50.700817,-44.62326,-44.90455,-49.623455,-51.0149,-51.0149,-51.0149,-51.0149,-51.0149,-51.0149,-51.0149,-51.0149,-51.0149,-51.0149,-51.0149,-51.0149,-51.0149,-51.0149,-51.0149,-51.0149,-51.0149,-51.0149,-51.0149,-51.0149,-51.0149,-51.0149,-51.0149,-51.0149,-51.0149,-51.0149,-51.0149,-51.0149,-51.0149,-51.0149,-46.82188,-44.689117,-46.159866,-51.0149,-51.0149,-51.0149,-51.0149,-51.0149,-50.829277,-51.0149,-51.0149,-51.0149,-51.0149,-51.0149,-51.0149,-51.0149,-50.58757,-50.1388,-49.55486,-49.93123,-51.0149,-51.0149,-51.0149,-51.0149,-51.0149,-51.0149,-51.0149,-47.149254,-45.62071,-45.31981,-46.286278,-48.51412,-50.74283,-48.61003,-45.016933,-43.598495,-45.506916,-47.54429,-51.0149,-51.0149,-51.0149,-51.0149,-51.0149,-51.0149,-51.0149,-51.0149,-51.0149,-51.0149,-51.0149,-51.0149,-51.0149,-51.0149,-51.0149,-51.0149,-51.0149,-51.0149,-51.0149,-51.0149,-51.0149,-51.0149,-51.0149,-51.0149,-51.0149,-51.0149,-51.0149,-51.0149,-51.0149,-49.898483,-49.47506,-47.288452,-47.0213,-47.665592,-50.706223,-51.0149,-51.0149,-51.0149,-51.0149,-51.0149,-51.0149,-51.0149,-51.0149,-51.0149,-51.0149,-51.0149,-51.0149,-51.0149,-51.0149,-51.0149,-51.0149,-51.0149,-51.0149,-51.0149,-51.0149,-51.0149,-51.0149,-51.0149,-51.0149,-51.0149,-51.0149,-51.0149,-51.0149,-51.0149,-51.0149,-46.24666,-42.79453,-44.94452,-49.671494,-51.0149,-51.0149,-51.0149,-51.0149,-51.0149,-51.0149,-51.0149,-51.0149,-51.0149,-51.0149,-51.0149,-51.0149,-51.0149,-51.0149,-51.0149,-51.0149,-51.0149,-51.0149,-51.0149,-51.0149,-51.0149,-51.0149,-51.0149,-51.0149,-51.0149,-51.0149,-51.0149,-51.0149,-51.0149,-49.862957,-46.4506,-43.257774,-44.865097,-49.243546,-51.0149,-51.0149,-51.0149,-51.0149,-51.0149,-51.0149,-51.0149,-51.0149,-51.0149,-51.0149,-51.0149,-51.0149,-51.0149,-51.0149,-51.0149,-51.0149,-51.0149,-51.0149,-51.0149,-51.0149,-51.0149,-51.0149,-51.0149,-51.0149,-51.0149,-51.0149,-51.0149,-51.0149,-51.0149,-51.0149,-48.912613,-47.125237,-47.442978,-49.38663,-51.0149,-51.0149,-51.0149,-51.0149,-51.0149,-51.0149,-51.0149,-51.0149,-51.0149,-51.0149,-51.0149,-51.0149,-51.0149,-51.0149,-51.0149,-51.0149,-51.0149,-51.0149,-51.0149,-51.0149,-51.0149,-51.0149,-51.0149,-51.0149,-51.0149,-51.0149,-51.0149,-51.0149,-51.0149,-51.0149,-51.0149,-51.0149,-46.79389,-44.94204,-47.77815,-51.0149,-51.0149,-51.0149,-51.0149,-51.0149,-50.813515,-51.0149,-51.0149,-51.0149,-51.0149,-50.160233,-43.903904,-46.480057,-49.509422,-50.227047,-50.28891,-50.3062,-50.28151,-50.13811,-49.99285,-49.166256,-48.508965,-50.14916,-51.008194,-51.0149,-51.0149,-51.0149,-51.0149,-51.0149,-51.0149,-49.312077,-44.499756,-44.599113,-47.38121,-51.0149,-51.0149,-51.0149,-51.0149,-51.0149,-51.0149,-51.0149,-51.0149,-51.0149,-51.0149,-51.0149,-51.0149,-51.0149,-51.0149,-51.0149,-51.0149,-51.0149,-51.0149,-51.0149,-51.0149,-51.0149,-51.0149,-51.0149,-51.0149,-51.0149,-51.0149,-51.0149,-51.0149,-51.0149,-50.39035,-46.16865,-46.718605,-46.57066,-43.638878,-42.9637,-46.282997,-51.0149,-50.48092,-45.314426,-46.03352,-51.0149,-51.0149,-51.0149,-51.0149,-51.0149,-51.0149,-51.0149,-51.0149,-51.0149,-51.0149,-51.0149,-51.0149,-51.0149,-51.0149,-51.0149,-51.0149,-51.0149,-51.0149,-51.0149,-51.0149,-51.0149,-51.0149,-51.0149,-47.73651,-43.262486,-43.574406,-48.478046,-51.0149,-51.0149,-51.0149,-51.0149,-51.0149,-51.0149,-51.0149,-51.0149,-51.0149,-51.0149,-51.0149,-51.0149,-51.0149,-51.0149,-51.0149,-51.0149,-51.0149,-51.0149,-51.0149,-51.0149,-51.0149,-51.0149,-51.0149,-51.0149,-51.0149,-51.0149,-51.0149,-51.0149,-51.0149,-51.0149,-51.0149,-46.242867,-46.489784,-48.888287,-51.0149,-51.0149,-51.0149,-51.0149,-51.0149,-51.0149,-51.0149,-51.0149,-51.0149,-51.0149,-51.0149,-51.0149,-51.0149,-51.0149,-51.0149,-51.0149,-51.0149,-51.0149,-51.0149,-51.0149,-51.0149,-51.0149,-51.0149,-51.0149,-51.0149,-51.0149,-51.0149,-51.0149,-51.0149,-51.0149,-50.13598,-43.949963,-43.41488,-46.65674,-50.956398,-51.0149,-51.0149,-51.0149,-51.0149,-51.0149,-51.0149,-51.0149,-51.0149,-51.0149,-51.0149,-51.0149,-51.0149,-50.693798,-50.162094,-51.0149,-51.0149,-51.0149,-51.0149,-51.0149,-51.0149,-51.0149,-51.0149,-51.0149,-51.0149,-51.0149,-51.0149,-51.0149,-51.0149,-51.0149,-51.0149,-46.169014,-45.031048,-48.135185,-51.0149,-51.0149,-51.0149,-51.0149,-51.0149,-51.0149,-51.0149,-51.0149,-51.0149,-51.0149,-51.0149,-51.0149,-51.0149,-50.741463,-49.650444,-50.606148,-51.0149,-51.0149,-51.0149,-51.0149,-51.0149,-51.0149,-51.0149,-51.0149,-51.0149,-51.0149,-51.0149,-51.0149,-51.0149,-51.0149,-51.0149,-46.06582,-43.61705,-44.223713,-48.332523,-50.307674,-49.716305,-51.0149,-51.0149,-50.234657,-49.842842,-48.622093,-49.797512,-51.0149,-49.047337,-48.232635,-48.53819,-49.64978,-48.122826,-47.557396,-49.30078,-51.0149,-51.0149,-51.0149,-51.0149,-51.0149,-51.0149,-51.0149,-51.0149,-51.0149,-51.0149,-51.0149,-51.0149,-51.0149,-51.0149,-49.943577,-45.103905,-43.605095,-43.75245,-46.5175,-49.66511,-51.0149,-51.0149,-51.0149,-51.0149,-51.0149,-49.594315,-47.37827,-46.063354,-45.586502,-46.90279,-48.970524,-51.0149,-48.89053,-45.013996,-47.54689,-51.0149,-51.0149,-51.0149,-51.0149,-49.390224,-51.0149,-51.0149,-51.0149,-51.0149,-46.91833
-32.563835,-38.57736,-51.0149,-51.0149,-51.0149,-51.0149,-51.0149,-51.0149,-51.0149,-51.0149,-51.0149,-51.0149,-51.0149,-51.0149,-51.0149,-51.0149,-51.0149,-51.0149,-51.0149,-51.0149,-51.0149,-51.0149,-51.0149,-51.0149,-51.0149,-51.0149,-51.0149,-51.0149,-51.0149,-51.0149,-51.0149,-51.0149,-51.0149,-51.0149,-51.0149,-51.0149,-51.0149,-51.0149,-51.0149,-51.0149,-51.0149,-51.0149,-51.0149,-51.0149,-51.0149,-51.0149,-51.0149,-51.0149,-51.0149,-51.0149,-51.0149,-51.0149,-51.0149,-51.0149,-51.0149,-51.0149,-51.0149,-51.0149,-51.0149,-51.0149,-51.0149,-51.0149,-51.0149,-51.0149,-51.0149,-51.0149,-51.0149,-50.96573,-51.0149,-51.0149,-51.0149,-51.0149,-51.0149,-51.0149,-51.0149,-51.0149,-51.0149,-51.0149,-51.0149,-51.0149,-51.0149,-51.0149,-51.0149,-51.0149,-51.0149,-51.0149,-51.0149,-51.0149,-51.0149,-51.0149,-51.0149,-51.0149,-51.0149,-51.0149,-51.0149,-51.0149,-51.0149,-51.0149,-51.0149,-51.0149,-51.0149,-51.0149,-51.0149,-51.0149,-51.0149,-51.0149,-51.0149,-51.0149,-51.0149,-51.0149,-51.0149,-51.0149,-51.0149,-51.0149,-51.0149,-51.0149,-51.0149,-51.0149,-51.0149,-51.0149,-51.0149,-51.0149,-51.0149,-51.0149,-51.0149,-51.0149,-51.0149,-51.0149,-51.0149,-51.0149,-51.0149,-51.0149,-51.0149,-51.0149,-51.0149,-51.0149,-51.0149,-51.0149,-51.0149,-51.0149,-51.0149,-51.0149,-51.0149,-51.0149,-51.0149,-51.0149,-51.0149,-51.0149,-51.0149,-51.0149,-51.0149,-51.0149,-51.0149,-51.0149,-51.0149,-51.0149,-51.0149,-51.0149,-51.0149,-51.0149,-51.0149,-51.0149,-51.0149,-51.0149,-51.0149,-51.0149,-51.0149,-51.0149,-51.0149,-51.0149,-51.0149,-51.0149,-51.0149,-51.0149,-51.0149,-51.0149,-51.0149,-51.0149,-51.0149,-51.0149,-51.0149,-51.0149,-51.0149,-51.0149,-51.0149,-51.0149,-51.0149,-51.0149,-51.0149,-51.0149,-51.0149,-51.0149,-51.0149,-51.0149,-51.0149,-51.0149,-51.0149,-51.0149,-51.0149,-51.0149,-51.0149,-51.0149,-51.0149,-51.0149,-50.99363,-51.0149,-51.0149,-51.0149,-51.0149,-51.0149,-51.0149,-51.0149,-51.0149,-51.0149,-51.0149,-51.0149,-51.0149,-51.0149,-51.0149,-51.0149,-51.0149,-51.0149,-51.0149,-51.0149,-51.0149,-51.0149,-51.0149,-51.0149,-51.0149,-51.0149,-51.0149,-51.0149,-51.0149,-51.0149,-51.0149,-51.0149,-51.0149,-51.0149,-51.0149,-51.0149,-51.0149,-51.0149,-51.0149,-51.0149,-51.0149,-51.0149,-51.0149,-51.0149,-51.0149,-51.0149,-51.0149,-51.0149,-51.0149,-51.0149,-51.0149,-51.0149,-51.0149,-51.0149,-51.0149,-51.0149,-51.0149,-51.0149,-51.0149,-51.0149,-51.0149,-51.0149,-51.0149,-51.0149,-51.0149,-51.0149,-51.0149,-49.558205,-50.719456,-51.0149,-51.0149,-51.0149,-51.0149,-51.0149,-51.0149,-51.0149,-51.0149,-51.0149,-51.0149,-51.0149,-51.0149,-51.0149,-51.0149,-51.0149,-51.0149,-51.0149,-51.0149,-51.0149,-51.0149,-51.0149,-51.0149,-51.0149,-51.0149,-51.0149,-51.0149,-51.0149,-51.0149,-51.0149,-51.0149,-51.0149,-51.0149,-51.0149,-51.0149,-51.0149,-51.0149,-51.0149,-51.0149,-51.0149,-51.0149,-51.0149,-51.0149,-51.0149,-51.0149,-51.0149,-51.0149,-51.0149,-51.0149,-51.0149,-51.0149,-51.0149,-51.0149,-51.0149,-51.0149,-51.0149,-51.0149,-51.0149,-51.0149,-51.0149,-51.0149,-51.0149,-51.0149,-51.0149,-51.0149,-51.0149,-51.0149,-51.0149,-50.956844,-49.921078,-51.0149,-51.0149,-51.0149,-51.0149,-51.0149,-51.0149,-51.0149,-51.0149,-51.0149,-51.0149,-51.0149,-51.0149,-51.0149,-51.0149,-51.0149,-51.0149,-51.0149,-51.0149,-51.0149,-51.0149,-51.0149,-51.0149,-51.0149,-51.0149,-51.0149,-51.0149,-51.0149,-51.0149,-51.0149,-51.0149,-51.0149,-51.0149,-51.0149,-51.0149,-51.0149,-51.0149,-51.0149,-51.0149,-51.0149,-51.0149,-51.0149,-51.0149,-51.0149,-51.0149,-51.0149,-51.0149,-51.0149,-51.0149,-51.0149,-51.0149,-51.0149,-51.0149,-51.0149,-51.0149,-51.0149,-51.0149,-51.0149,-51.0149,-51.0149,-51.0149,-51.0149,-51.0149,-51.0149,-51.0149,-51.0149,-51.0149,-51.0149,-51.0149,-51.0149,-51.0149,-51.0149,-51.0149,-51.0149,-51.0149,-51.0149,-51.0149,-51.0149,-51.0149,-51.0149,-51.0149,-51.0149,-51.0149,-51.0149,-51.0149,-51.0149,-51.0149,-51.0149,-51.0149,-51.0149,-51.0149,-51.0149,-51.0149,-51.0149,-51.0149,-51.0149,-51.0149,-51.0149,-51.0149,-51.0149,-51.0149,-51.0149,-51.0149,-51.0149,-51.0149,-51.0149,-51.0149,-51.0149,-51.0149,-51.0149,-51.0149,-51.0149,-51.0149,-51.0149,-51.0149,-51.0149,-51.0149,-51.0149,-51.0149,-51.0149,-51.0149,-51.0149,-51.0149,-51.0149,-51.0149,-51.0149,-51.0149,-51.0149,-51.0149,-51.0149,-51.0149,-51.0149,-51.0149,-51.0149,-51.0149,-51.0149,-50.956493,-51.0149,-51.0149,-51.0149,-51.0149,-51.0149,-51.0149,-51.0149,-51.0149,-51.0149,-51.0149,-51.0149,-51.0149,-51.0149,-51.0149,-51.0149,-51.0149,-51.0149,-51.0149,-51.0149,-51.0149,-51.0149,-51.0149,-51.0149,-51.0149,-51.0149,-51.0149,-51.0149,-51.0149,-51.0149,-51.0149,-51.0149,-51.0149,-51.0149,-49.58529,-50.855335,-51.0149,-51.0149,-51.0149,-51.0149,-51.0149,-51.0149,-51.0149,-51.0149,-51.0149,-51.0149,-51.0149,-51.0149,-51.0149,-51.0149,-51.0149,-51.0149,-51.0149,-51.0149,-51.0149,-51.0149,-51.0149,-51.0149,-51.0149,-51.0149,-51.0149,-51.0149,-51.0149,-51.0149,-51.0149,-51.0149,-51.0149,-51.0149,-51.0149,-51.0149,-51.0149,-51.0149,-51.0149,-51.0149,-51.0149,-51.0149,-51.0149,-51.0149,-51.0149,-51.0149,-51.0149,-51.0149,-51.0149,-51.0149,-51.0149,-51.0149,-51.0149,-51.0149,-51.0149,-51.0149,-51.0149,-51.0149,-51.0149,-51.0149,-51.0149,-51.0149,-51.0149,-51.0149,-51.0149,-51.0149,-51.0149,-51.0149,-51.0149,-51.0149,-51.0149,-51.0149,-51.0149,-51.0149,-51.0149,-51.0149,-51.0149,-51.0149,-51.0149,-51.0149,-51.0149,-51.0149,-51.0149,-51.0149,-51.0149,-51.0149,-51.0149,-51.0149,-51.0149,-51.0149,-51.0149,-51.0149,-51.0149,-51.0149,-51.0149,-51.0149,-51.0149,-51.0149,-51.0149,-51.0149,-51.0149,-51.0149,-51.0149,-51.0149,-51.0149,-51.0149,-51.0149,-51.0149,-51.0149,-51.0149,-51.0149,-51.0149,-51.0149,-51.0149,-51.0149,-51.0149,-51.0149,-51.0149,-51.0149,-51.0149,-51.0149,-51.0149,-51.0149,-51.0149,-51.0149,-51.0149,-51.0149,-51.0149,-51.0149,-51.0149,-51.0149,-51.0149,-51.0149,-51.0149,-51.0149,-51.0149,-51.0149,-51.0149,-51.0149,-51.0149,-51.0149,-51.0149,-51.0149,-51.0149,-51.0149,-51.0149,-51.0149,-51.0149,-51.0149,-51.0149,-51.0149,-51.0149,-51.0149,-51.0149,-51.0149,-51.0149,-51.0149,-51.0149,-51.0149,-51.0149,-51.0149,-51.0149,-51.0149,-51.0149,-51.0149,-51.0149,-51.0149,-51.0149,-51.0149,-51.0149,-51.0149,-50.232502,-51.0149,-51.0149,-51.0149,-51.0149,-51.0149,-51.0149,-51.0149,-51.0149,-51.0149,-51.0149,-51.0149,-51.0149,-51.0149,-51.0149,-51.0149,-51.0149,-51.0149,-51.0149,-51.0149,-51.0149,-51.0149,-51.0149,-51.0149,-51.0149,-51.0149,-51.0149,-51.0149,-51.0149,-51.0149,-51.0149,-51.0149,-51.0149,-51.0149,-50.055832,-51.0149,-51.0149,-51.0149,-51.0149,-51.0149,-51.0149,-51.0149,-51.0149,-51.0149,-51.0149,-51.0149,-51.0149,-51.0149,-51.0149,-51.0149,-51.0149,-51.0149,-51.0149,-51.0149,-51.0149,-51.0149,-51.0149,-51.0149,-51.0149,-51.0149,-51.0149,-51.0149,-51.0149,-51.0149,-51.0149,-51.0149,-51.0149,-51.0149,-51.0149,-51.0149,-51.0149,-51.0149,-51.0149,-51.0149,-51.0149,-51.0149,-51.0149,-51.0149,-51.0149,-51.0149,-51.0149,-51.0149,-51.0149,-51.0149,-51.0149,-51.0149,-51.0149,-51.0149,-51.0149,-51.0149,-51.0149,-51.0149,-51.0149,-51.0149,-51.0149,-51.0149,-51.0149,-51.0149,-51.0149,-51.0149,-51.0149,-51.0149,-50.18339,-51.0149,-51.0149,-51.0149,-51.0149,-51.0149,-51.0149,-51.0149,-51.0149,-51.0149,-51.0149,-51.0149,-51.0149,-51.0149,-51.0149,-51.0149,-51.0149,-51.0149,-51.0149,-51.0149,-51.0149,-51.0149,-51.0149,-51.0149,-51.0149,-51.0149,-51.0149,-51.0149,-51.0149,-51.0149,-51.0149,-51.0149,-51.0149,-51.0149,-50.01095,-50.9412,-51.0149,-51.0149,-51.0149,-51.0149,-51.0149,-51.0149,-51.0149,-51.0149,-51.0149,-51.0149,-51.0149,-51.0149,-51.0149,-51.0149,-51.0149,-51.0149,-51.0149,-51.0149,-51.0149,-51.0149,-51.0149,-51.0149,-51.0149,-51.0149,-51.0149,-51.0149,-51.0149,-51.0149,-51.0149,-51.0149,-51.0149,-51.0149,-51.0149,-51.0149,-51.0149,-51.0149,-51.0149,-51.0149,-51.0149,-51.0149,-51.0149,-51.0149,-51.0149,-51.0149,-51.0149,-51.0149,-51.0149,-51.0149,-51.0149,-51.0149,-51.0149,-51.0149,-51.0149,-51.0149,-51.0149,-51.0149,-51.0149,-51.0149,-51.0149,-51.0149,-51.0149,-51.0149,-51.0149,-51.0149,-51.0149,-51.0149,-51.0149,-51.0149,-51.0149,-51.0149,-51.0149,-51.0149,-51.0149,-51.0149,-51.0149,-51.0149,-51.0149,-51.0149,-51.0149,-51.0149,-51.0149,-51.0149,-51.0149,-51.0149,-51.0149,-51.0149,-51.0149,-51.0149,-51.0149,-51.0149,-51.0149,-51.0149,-51.0149,-51.0149,-51.0149,-51.0149,-51.0149,-51.0149,-51.0149,-51.0149,-51.0149,-51.0149,-51.0149,-51.0149,-51.0149,-51.0149,-51.0149,-51.0149,-51.0149,-51.0149,-51.0149,-51.0149,-51.0149,-51.0149,-51.0149,-51.0149,-51.0149,-51.0149,-51.0149,-51.0149,-51.0149,-51.0149,-51.0149,-51.0149,-51.0149,-51.0149,-51.0149,-51.0149,-51.0149,-51.0149,-51.0149,-51.0149,-51.0149,-51.0149,-51.0149,-51.0149,-51.0149,-51.0149,-51.0149,-51.0149,-51.0149,-51.0149,-51.0149,-51.0149,-51.0149,-51.0149,-51.0149,-51.0149,-51.0149,-51.0149,-51.0149,-51.0149,-51.0149,-51.0149,-51.0149,-51.0149,-51.0149,-51.0149,-51.0149,-51.0149,-51.0149,-51.0149,-51.0149,-51.0149,-51.0149,-51.0149,-51.0149,-51.0149,-51.0149,-51.0149,-51.0149,-51.0149,-51.0149,-51.0149,-51.0149,-51.0149,-51.0149,-51.0149,-51.0149,-51.0149,-51.0149,-51.0149,-51.0149,-51.0149,-51.0149,-51.0149,-51.0149,-51.0149,-51.0149,-51.0149,-51.0149,-51.0149,-51.0149,-51.0149,-51.0149,-51.0149,-51.0149,-51.0149,-51.0149,-51.0149,-51.0149,-51.0149,-51.0149,-51.0149,-51.0149,-51.0149,-51.0149,-51.0149,-51.0149,-51.0149,-51.0149,-51.0149,-51.0149,-51.0149,-51.0149,-51.0149,-51.0149,-51.0149,-51.0149,-51.0149,-51.0149,-51.0149,-51.0149,-51.0149,-51.0149,-51.0149,-51.0149,-51.0149,-51.0149,-51.0149,-51.0149,-51.0149,-51.0149,-51.0149,-51.0149,-51.0149,-51.0149,-51.0149,-51.0149,-51.0149,-51.0149,-51.0149,-51.0149,-51.0149,-51.0149,-51.0149,-51.0149,-51.0149,-51.0149,-51.0149,-51.0149,-51.0149,-51.0149,-51.0149,-51.0149,-51.0149,-51.0149,-51.0149,-51.0149,-51.0149,-51.0149,-51.0149,-51.0149,-51.0149,-51.0149,-51.0149,-51.0149,-51.0149,-51.0149,-51.0149,-51.0149,-51.0149,-51.0149,-51.0149,-51.0149,-51.0149,-51.0149,-51.0149,-51.0149,-51.0149,-51.0149,-51.0149,-51.0149,-51.0149,-51.0149,-51.0149,-51.0149,-51.0149,-51.0149,-51.0149,-51.0149,-51.0149,-51.0149,-51.0149,-51.0149,-51.0149,-51.0149,-51.0149,-51.0149,-51.0149,-51.0149,-51.0149,-51.0149,-51.0149,-51.0149,-51.0149,-51.0149,-51.0149,-51.0149,-51.0149,-51.0149,-51.0149,-51.0149,-51.0149,-51.0149,-51.0149,-51.0149,-51.0149,-51.0149,-51.0149,-51.0149,-51.0149,-51.0149,-51.0149,-51.0149,-51.0149,-51.0149,-51.0149,-51.0149,-51.0149,-51.0149,-51.0149,-51.0149,-51.0149,-51.0149,-51.0149,-51.0149,-51.0149,-51.0149,-51.0149,-49.775284,-51.0149,-51.0149,-51.0149,-51.0149,-51.0149,-51.0149,-51.0149,-51.0149,-51.0149,-51.0149,-51.0149,-51.0149,-51.0149,-51.0149,-51.0149,-51.0149,-51.0149,-51.0149,-51.0149,-51.0149,-51.0149,-51.0149,-51.0149,-51.0149,-51.0149,-51.0149,-51.0149,-51.0149,-51.0149,-51.0149,-51.0149,-51.0149,-51.0149,-50.880466,-51.0149,-51.0149,-51.0149,-51.0149,-51.0149,-51.0149,-51.0149,-51.0149,-51.0149,-51.0149,-51.0149,-51.0149,-51.0149,-51.0149,-51.0149,-51.0149,-51.0149,-51.0149,-51.0149,-51.0149,-51.0149,-51.0149,-51.0149,-51.0149,-51.0149,-51.0149,-51.0149,-51.0149,-51.0149,-51.0149,-51.0149,-51.0149,-51.0149,-50.240234,-49.328873,-50.64827,-51.0149,-51.0149,-51.0149,-51.0149,-51.0149,-51.0149,-51.0149,-51.0149,-51.0149,-51.0149,-51.0149,-51.0149,-51.0149,-51.0149,-51.0149,-51.0149,-51.0149,-51.0149,-51.0149,-51.0149,-51.0149,-51.0149,-51.0149,-51.0149,-51.0149,-51.0149,-51.0149,-51.0149,-51.0149,-51.0149,-51.0149,-51.0149,-51.0149,-50.12401,-51.0149,-51.0149,-51.0149,-51.0149,-51.0149,-51.0149,-51.0149,-51.0149,-51.0149,-51.0149,-51.0149,-51.0149,-51.0149,-51.0149,-51.0149,-51.0149,-51.0149,-51.0149,-51.0149,-51.0149,-51.0149,-51.0149,-51.0149,-51.0149,-51.0149,-51.0149,-47.477913
-32.863163,-38.882984,-51.0149,-51.0149,-51.0149,-51.0149,-51.0149,-51.0149,-51.0149,-51.0149,-51.0149,-51.0149,-51.0149,-51.0149,-51.0149,-51.0149,-51.0149,-51.0149,-51.0149,-51.0149,-51.0149,-51.0149,-51.0149,-51.0149,-51.0149,-51.0149,-51.0149,-51.0149,-51.0149,-51.0149,-51.0149,-51.0149,-51.0149,-51.0149,-51.0149,-51.0149,-51.0149,-51.0149,-51.0149,-51.0149,-51.0149,-51.0149,-51.0149,-51.0149,-51.0149,-51.0149,-51.0149,-51.0149,-51.0149,-51.0149,-51.0149,-51.0149,-51.0149,-51.0149,-51.0149,-51.0149,-51.0149,-51.0149,-51.0149,-51.0149,-51.0149,-51.0149,-51.0149,-51.0149,-51.0149,-51.0149,-51.0149,-51.0149,-51.0149,-51.0149,-51.0149,-51.0149,-51.0149,-51.0149,-51.0149,-51.0149,-51.0149,-51.0149,-51.0149,-51.0149,-51.0149,-51.0149,-51.0149,-51.0149,-51.0149,-51.0149,-51.0149,-51.0149,-51.0149,-51.0149,-51.0149,-51.0149,-51.0149,-51.0149,-51.0149,-51.0149,-51.0149,-51.0149,-51.0149,-51.0149,-51.0149,-51.0149,-51.0149,-51.0149,-51.0149,-51.0149,-51.0149,-51.0149,-51.0149,-51.0149,-51.0149,-51.0149,-51.0149,-51.0149,-51.0149,-51.0149,-51.0149,-51.0149,-51.0149,-51.0149,-51.0149,-51.0149,-51.0149,-51.0149,-51.0149,-51.0149,-51.0149,-51.0149,-51.0149,-51.0149,-51.0149,-51.0149,-51.0149,-51.0149,-51.0149,-51.0149,-51.0149,-51.0149,-51.0149,-51.0149,-51.0149,-51.0149,-51.0149,-51.0149,-51.0149,-51.0149,-51.0149,-51.0149,-51.0149,-51.0149,-51.0149,-51.0149,-51.0149,-51.0149,-51.0149,-51.0149,-51.0149,-51.0149,-51.0149,-51.0149,-51.0149,-51.0149,-51.0149,-51.0149,-51.0149,-51.0149,-51.0149,-51.0149,-51.0149,-51.0149,-51.0149,-51.0149,-51.0149,-51.0149,-51.0149,-51.0149,-51.0149,-51.0149,-51.0149,-51.0149,-51.0149,-51.0149,-51.0149,-51.0149,-51.0149,-51.0149,-51.0149,-51.0149,-51.0149,-51.0149,-51.0149,-51.0149,-51.0149,-51.0149,-51.0149,-51.0149,-51.0149,-51.0149,-51.0149,-51.0149,-51.0149,-51.0149,-51.0149,-51.0149,-51.0149,-51.0149,-51.0149,-51.0149,-51.0149,-51.0149,-51.0149,-51.0149,-51.0149,-51.0149,-51.0149,-51.0149,-51.0149,-51.0149,-51.0149,-51.0149,-51.0149,-51.0149,-51.0149,-51.0149,-51.0149,-51.0149,-51.0149,-51.0149,-51.0149,-51.0149,-51.0149,-51.0149,-51.0149,-51.0149,-51.0149,-51.0149,-51.0149,-51.0149,-51.0149,-51.0149,-51.0149,-51.0149,-51.0149,-51.0149,-51.0149,-51.0149,-51.0149,-51.0149,-51.0149,-51.0149,-51.0149,-51.0149,-51.0149,-51.0149,-51.0149,-51.0149,-51.0149,-51.0149,-51.0149,-51.0149,-51.0149,-51.0149,-51.0149,-51.0149,-51.0149,-51.0149,-51.0149,-51.0149,-51.0149,-51.0149,-51.0149,-51.0149,-51.0149,-51.0149,-51.0149,-51.0149,-51.0149,-51.0149,-51.0149,-51.0149,-51.0149,-51.0149,-51.0149,-51.0149,-51.0149,-51.0149,-51.0149,-51.0149,-51.0149,-51.0149,-51.0149,-51.0149,-51.0149,-51.0149,-51.0149,-51.0149,-51.0149,-51.0149,-51.0149,-51.0149,-51.0149,-51.0149,-51.0149,-51.0149,-51.0149,-51.0149,-51.0149,-51.0149,-51.0149,-51.0149,-51.0149,-51.0149,-51.0149,-51.0149,-51.0149,-51.0149,-51.0149,-51.0149,-51.0149,-51.0149,-51.0149,-51.0149,-51.0149,-51.0149,-51.0149,-51.0149,-51.0149,-51.0149,-51.0149,-51.0149,-51.0149,-51.0149,-51.0149,-51.0149,-51.0149,-51.0149,-51.0149,-51.0149,-51.0149,-51.0149,-51.0149,-51.0149,-51.0149,-51.0149,-51.0149,-51.0149,-51.0149,-51.0149,-51.0149,-51.0149,-51.0149,-51.0149,-51.0149,-51.0149,-51.0149,-51.0149,-51.0149,-51.0149,-51.0149,-51.0149,-51.0149,-51.0149,-51.0149,-51.0149,-51.0149,-51.0149,-51.0149,-51.0149,-51.0149,-51.0149,-51.0149,-51.0149,-51.0149,-51.0149,-51.0149,-51.0149,-51.0149,-51.0149,-51.0149,-51.0149,-51.0149,-51.0149,-51.0149,-51.0149,-51.0149,-51.0149,-51.0149,-51.0149,-51.0149,-51.0149,-51.0149,-51.0149,-51.0149,-51.0149,-51.0149,-51.0149,-51.0149,-51.0149,-51.0149,-51.0149,-51.0149,-51.0149,-51.0149,-51.0149,-51.0149,-51.0149,-51.0149,-51.0149,-51.0149,-51.0149,-51.0149,-51.0149,-51.0149,-51.0149,-51.0149,-51.0149,-51.0149,-51.0149,-51.0149,-51.0149,-51.0149,-51.0149,-51.0149,-51.0149,-51.0149,-51.0149,-51.0149,-51.0149,-51.0149,-51.0149,-51.0149,-51.0149,-51.0149,-51.0149,-51.0149,-51.0149,-51.0149,-51.0149,-51.0149,-51.0149,-51.0149,-51.0149,-51.0149,-51.0149,-51.0149,-51.0149,-51.0149,-51.0149,-51.0149,-51.0149,-51.0149,-51.0149,-51.0149,-51.0149,-51.0149,-51.0149,-51.0149,-51.0149,-51.0149,-51.0149,-51.0149,-51.0149,-51.0149,-51.0149,-51.0149,-51.0149,-51.0149,-51.0149,-51.0149,-51.0149,-51.0149,-51.0149,-51.0149,-51.0149,-51.0149,-51.0149,-51.0149,-51.0149,-51.0149,-51.0149,-51.0149,-51.0149,-51.0149,-51.0149,-51.0149,-51.0149,-51.0149,-51.0149,-51.0149,-51.0149,-51.0149,-51.0149,-51.0149,-51.0149,-51.0149,-51.0149,-51.0149,-51.0149,-51.0149,-51.0149,-51.0149,-51.0149,-51.0149,-51.0149,-51.0149,-51.0149,-51.0149,-51.0149,-51.0149,-51.0149,-51.0149,-51.0149,-51.0149,-51.0149,-51.0149,-51.0149,-51.0149,-51.0149,-51.0149,-51.0149,-51.0149,-51.0149,-51.0149,-51.0149,-51.0149,-51.0149,-51.0149,-51.0149,-51.0149,-51.0149,-51.0149,-51.0149,-51.0149,-51.0149,-51.0149,-51.0149,-51.0149,-51.0149,-51.0149,-51.0149,-51.0149,-51.0149,-51.0149,-51.0149,-51.0149,-51.0149,-51.0149,-51.0149,-51.0149,-51.0149,-51.0149,-51.0149,-51.0149,-51.0149,-51.0149,-51.0149,-51.0149,-51.0149,-51.0149,-51.0149,-51.0149,-51.0149,-51.0149,-51.0149,-51.0149,-51.0149,-51.0149,-51.0149,-51.0149,-51.0149,-51.0149,-51.0149,-51.0149,-51.0149,-51.0149,-51.0149,-51.0149,-51.0149,-51.0149,-51.0149,-51.0149,-51.0149,-51.0149,-51.0149,-51.0149,-51.0149,-51.0149,-51.0149,-51.0149,-51.0149,-51.0149,-51.0149,-51.0149,-51.0149,-51.0149,-51.0149,-51.0149,-51.0149,-51.0149,-51.0149,-51.0149,-51.0149,-51.0149,-51.0149,-51.0149,-51.0149,-51.0149,-51.0149,-51.0149,-51.0149,-51.0149,-51.0149,-51.0149,-51.0149,-51.0149,-51.0149,-51.0149,-51.0149,-51.0149,-51.0149,-51.0149,-51.0149,-51.0149,-51.0149,-51.0149,-51.0149,-51.0149,-51.0149,-51.0149,-51.0149,-51.0149,-51.0149,-51.0149,-51.0149,-51.0149,-51.0149,-51.0149,-51.0149,-51.0149,-51.0149,-51.0149,-51.0149,-51.0149,-51.0149,-51.0149,-51.0149,-51.0149,-51.0149,-51.0149,-51.0149,-51.0149,-51.0149,-51.0149,-51.0149,-51.0149,-51.0149,-51.0149,-51.0149,-51.0149,-51.0149,-51.0149,-51.0149,-51.0149,-51.0149,-51.0149,-51.0149,-51.0149,-51.0149,-51.0149,-51.0149,-51.0149,-51.0149,-51.0149,-51.0149,-51.0149,-51.0149,-51.0149,-51.0149,-51.0149,-51.0149,-51.0149,-51.0149,-51.0149,-51.0149,-51.0149,-51.0149,-51.0149,-51.0149,-51.0149,-51.0149,-51.0149,-51.0149,-51.0149,-51.0149,-51.0149,-51.0149,-51.0149,-51.0149,-51.0149,-51.0149,-51.0149,-51.0149,-51.0149,-51.0149,-51.0149,-51.0149,-51.0149,-51.0149,-51.0149,-51.0149,-51.0149,-51.0149,-51.0149,-51.0149,-51.0149,-51.0149,-51.0149,-51.0149,-51.0149,-51.0149,-51.0149,-51.0149,-51.0149,-51.0149,-51.0149,-51.0149,-51.0149,-51.0149,-51.0149,-51.0149,-51.0149,-51.0149,-51.0149,-51.0149,-51.0149,-51.0149,-51.0149,-51.0149,-51.0149,-51.0149,-51.0149,-51.0149,-51.0149,-51.0149,-51.0149,-51.0149,-51.0149,-51.0149,-51.0149,-51.0149,-51.0149,-51.0149,-51.0149,-51.0149,-51.0149,-51.0149,-51.0149,-51.0149,-51.0149,-51.0149,-51.0149,-51.0149,-51.0149,-51.0149,-51.0149,-51.0149,-51.0149,-51.0149,-51.0149,-51.0149,-51.0149,-51.0149,-51.0149,-51.0149,-51.0149,-51.0149,-51.0149,-51.0149,-51.0149,-51.0149,-51.0149,-51.0149,-51.0149,-51.0149,-51.0149,-51.0149,-51.0149,-51.0149,-51.0149,-51.0149,-51.0149,-51.0149,-51.0149,-51.0149,-51.0149,-51.0149,-51.0149,-51.0149,-51.0149,-51.0149,-51.0149,-51.0149,-51.0149,-51.0149,-51.0149,-51.0149,-51.0149,-51.0149,-51.0149,-51.0149,-51.0149,-51.0149,-51.0149,-51.0149,-51.0149,-51.0149,-51.0149,-51.0149,-51.0149,-51.0149,-51.0149,-51.0149,-51.0149,-51.0149,-51.0149,-51.0149,-51.0149,-51.0149,-51.0149,-51.0149,-51.0149,-51.0149,-51.0149,-51.0149,-51.0149,-51.0149,-51.0149,-51.0149,-51.0149,-51.0149,-51.0149,-51.0149,-51.0149,-51.0149,-51.0149,-51.0149,-51.0149,-51.0149,-51.0149,-51.0149,-51.0149,-51.0149,-51.0149,-51.0149,-51.0149,-51.0149,-51.0149,-51.0149,-51.0149,-51.0149,-51.0149,-51.0149,-51.0149,-51.0149,-51.0149,-51.0149,-51.0149,-51.0149,-51.0149,-51.0149,-51.0149,-51.0149,-51.0149,-51.0149,-51.0149,-51.0149,-51.0149,-51.0149,-51.0149,-51.0149,-51.0149,-51.0149,-51.0149,-51.0149,-51.0149,-51.0149,-51.0149,-51.0149,-51.0149,-51.0149,-51.0149,-51.0149,-51.0149,-51.0149,-51.0149,-51.0149,-51.0149,-51.0149,-51.0149,-51.0149,-51.0149,-51.0149,-51.0149,-51.0149,-51.0149,-51.0149,-51.0149,-51.0149,-51.0149,-51.0149,-51.0149,-51.0149,-51.0149,-51.0149,-51.0149,-51.0149,-51.0149,-51.0149,-51.0149,-51.0149,-51.0149,-51.0149,-51.0149,-51.0149,-51.0149,-51.0149,-51.0149,-51.0149,-51.0149,-51.0149,-51.0149,-51.0149,-51.0149,-51.0149,-51.0149,-51.0149,-51.0149,-51.0149,-51.0149,-51.0149,-51.0149,-51.0149,-51.0149,-51.0149,-51.0149,-51.0149,-51.0149,-51.0149,-51.0149,-51.0149,-51.0149,-51.0149,-51.0149,-51.0149,-51.0149,-51.0149,-51.0149,-51.0149,-51.0149,-51.0149,-51.0149,-51.0149,-51.0149,-51.0149,-51.0149,-51.0149,-51.0149,-51.0149,-51.0149,-51.0149,-51.0149,-51.0149,-51.0149,-51.0149,-51.0149,-51.0149,-51.0149,-51.0149,-51.0149,-51.0149,-51.0149,-51.0149,-51.0149,-51.0149,-51.0149,-51.0149,-51.0149,-51.0149,-51.0149,-51.0149,-51.0149,-51.0149,-51.0149,-51.0149,-51.0149,-51.0149,-51.0149,-51.0149,-51.0149,-51.0149,-51.0149,-51.0149,-51.0149,-51.0149,-51.0149,-51.0149,-51.0149,-51.0149,-51.0149,-51.0149,-51.0149,-51.0149,-51.0149,-51.0149,-51.0149,-51.0149,-51.0149,-51.0149,-51.0149,-51.0149,-51.0149,-51.0149,-51.0149,-51.0149,-51.0149,-51.0149,-51.0149,-51.0149,-51.0149,-51.0149,-51.0149,-51.0149,-51.0149,-51.0149,-51.0149,-51.0149,-51.0149,-51.0149,-51.0149,-51.0149,-51.0149,-51.0149,-51.0149,-51.0149,-51.0149,-51.0149,-51.0149,-51.0149,-51.0149,-51.0149,-51.0149,-51.0149,-51.0149,-51.0149,-51.0149,-51.0149,-51.0149,-51.0149,-51.0149,-51.0149,-51.0149,-51.0149,-51.0149,-51.0149,-51.0149,-51.0149,-51.0149,-51.0149,-51.0149,-51.0149,-51.0149,-51.0149,-51.0149,-51.0149,-51.0149,-51.0149,-51.0149,-51.0149,-51.0149,-51.0149,-51.0149,-51.0149,-51.0149,-51.0149,-51.0149,-51.0149,-51.0149,-51.0149,-51.0149,-51.0149,-51.0149,-51.0149,-51.0149,-51.0149,-51.0149,-51.0149,-51.0149,-51.0149,-51.0149,-51.0149,-51.0149,-51.0149,-51.0149,-51.0149,-51.0149,-51.0149,-51.0149,-51.0149,-51.0149,-51.0149,-51.0149,-51.0149,-51.0149,-51.0149,-51.0149,-51.0149,-51.0149,-51.0149,-51.0149,-51.0149,-51.0149,-51.0149,-51.0149,-51.0149,-51.0149,-51.0149,-51.0149,-51.0149,-51.0149,-51.0149,-51.0149,-51.0149,-51.0149,-51.0149,-51.0149,-51.0149,-51.0149,-51.0149,-51.0149,-51.0149,-51.0149,-51.0149,-51.0149,-51.0149,-51.0149,-51.0149,-51.0149,-51.0149,-51.0149,-51.0149,-51.0149,-51.0149,-51.0149,-51.0149,-51.0149,-51.0149,-51.0149,-51.0149,-51.0149,-51.0149,-51.0149,-51.0149,-51.0149,-51.0149,-51.0149,-51.0149,-51.0149,-51.0149,-51.0149,-51.0149,-51.0149,-51.0149,-51.0149,-51.0149,-51.0149,-51.0149,-51.0149,-51.0149,-51.0149,-51.0149,-51.0149,-51.0149,-51.0149,-51.0149,-51.0149,-51.0149,-51.0149,-51.0149,-51.0149,-51.0149,-51.0149,-51.0149,-51.0149,-51.0149,-51.0149,-51.0149,-51.0149,-51.0149,-51.0149,-51.0149,-51.0149,-51.0149,-51.0149,-51.0149,-51.0149,-51.0149,-51.0149,-51.0149,-51.0149,-51.0149,-51.0149,-51.0149,-51.0149,-51.0149,-51.0149,-51.0149,-51.0149,-51.0149,-51.0149,-51.0149,-51.0149,-51.0149,-51.0149,-51.0149,-51.0149,-51.0149,-51.0149,-51.0149,-51.0149,-51.0149,-51.0149,-51.0149,-51.0149,-51.0149,-51.0149,-51.0149,-51.0149,-51.0149,-51.0149,-51.0149,-51.0149,-51.0149,-51.0149,-51.0149,-51.0149,-51.0149,-51.0149,-51.0149,-51.0149,-51.0149,-51.0149,-51.0149,-51.0149,-51.0149,-51.0149,-51.0149,-51.0149,-51.0149,-51.0149,-51.0149,-51.0149,-51.0149,-51.0149,-51.0149,-51.0149,-51.0149,-51.0149,-51.0149,-51.0149,-51.0149,-51.0149,-51.0149,-51.0149,-51.0149,-51.0149,-51.0149,-51.0149,-51.0149,-51.0149,-51.0149,-51.0149,-51.0149,-51.0149,-51.0149,-51.0149,-51.0149,-51.0149,-51.0149,-51.0149,-51.0149,-51.0149,-47.54712
-33.012592,-39.033062,-51.0149,-51.0149,-51.0149,-51.0149,-51.0149,-51.0149,-51.0149,-51.0149,-51.0149,-51.0149,-51.0149,-51.0149,-51.0149,-51.0149,-51.0149,-51.0149,-51.0149,-51.0149,-51.0149,-51.0149,-51.0149,-51.0149,-51.0149,-51.0149,-51.0149,-51.0149,-51.0149,-51.0149,-51.0149,-51.0149,-51.0149,-51.0149,-51.0149,-51.0149,-51.0149,-51.0149,-51.0149,-51.0149,-51.0149,-51.0149,-51.0149,-51.0149,-51.0149,-51.0149,-51.0149,-51.0149,-51.0149,-51.0149,-51.0149,-51.0149,-51.0149,-51.0149,-51.0149,-51.0149,-51.0149,-51.0149,-51.0149,-51.0149,-51.0149,-51.0149,-51.0149,-51.0149,-51.0149,-51.0149,-51.0149,-51.0149,-51.0149,-51.0149,-51.0149,-51.0149,-51.0149,-51.0149,-51.0149,-51.0149,-51.0149,-51.0149,-51.0149,-51.0149,-51.0149,-51.0149,-51.0149,-51.0149,-51.0149,-51.0149,-51.0149,-51.0149,-51.0149,-51.0149,-51.0149,-51.0149,-51.0149,-51.0149,-51.0149,-51.0149,-51.0149,-51.0149,-51.0149,-51.0149,-51.0149,-51.0149,-51.0149,-51.0149,-51.0149,-51.0149,-51.0149,-51.0149,-51.0149,-51.0149,-51.0149,-51.0149,-51.0149,-51.0149,-51.0149,-51.0149,-51.0149,-51.0149,-51.0149,-51.0149,-51.0149,-51.0149,-51.0149,-51.0149,-51.0149,-51.0149,-51.0149,-51.0149,-51.0149,-51.0149,-51.0149,-51.0149,-51.0149,-51.0149,-51.0149,-51.0149,-51.0149,-51.0149,-51.0149,-51.0149,-51.0149,-51.0149,-51.0149,-51.0149,-51.0149,-51.0149,-51.0149,-51.0149,-51.0149,-51.0149,-51.0149,-51.0149,-51.0149,-51.0149,-51.0149,-51.0149,-51.0149,-51.0149,-51.0149,-51.0149,-51.0149,-51.0149,-51.0149,-51.0149,-51.0149,-51.0149,-51.0149,-51.0149,-51.0149,-51.0149,-51.0149,-51.0149,-51.0149,-51.0149,-51.0149,-51.0149,-51.0149,-51.0149,-51.0149,-51.0149,-51.0149,-51.0149,-51.0149,-51.0149,-51.0149,-51.0149,-51.0149,-51.0149,-51.0149,-51.0149,-51.0149,-51.0149,-51.0149,-51.0149,-51.0149,-51.0149,-51.0149,-51.0149,-51.0149,-51.0149,-51.0149,-51.0149,-51.0149,-51.0149,-51.0149,-51.0149,-51.0149,-51.0149,-51.0149,-51.0149,-51.0149,-51.0149,-51.0149,-51.0149,-51.0149,-51.0149,-51.0149,-51.0149,-51.0149,-51.0149,-51.0149,-51.0149,-51.0149,-51.0149,-51.0149,-51.0149,-51.0149,-51.0149,-51.0149,-51.0149,-51.0149,-51.0149,-51.0149,-51.0149,-51.0149,-51.0149,-51.0149,-51.0149,-51.0149,-51.0149,-51.0149,-51.0149,-51.0149,-51.0149,-51.0149,-51.0149,-51.0149,-51.0149,-51.0149,-51.0149,-51.0149,-51.0149,-51.0149,-51.0149,-51.0149,-51.0149,-51.0149,-51.0149,-51.0149,-51.0149,-51.0149,-51.0149,-51.0149,-51.0149,-51.0149,-51.0149,-51.0149,-51.0149,-51.0149,-51.0149,-51.0149,-51.0149,-51.0149,-51.0149,-51.0149,-51.0149,-51.0149,-51.0149,-51.0149,-51.0149,-51.0149,-51.0149,-51.0149,-51.0149,-51.0149,-51.0149,-51.0149,-51.0149,-51.0149,-51.0149,-51.0149,-51.0149,-51.0149,-51.0149,-51.0149,-51.0149,-51.0149,-51.0149,-51.0149,-51.0149,-51.0149,-51.0149,-51.0149,-51.0149,-51.0149,-51.0149,-51.0149,-51.0149,-51.0149,-51.0149,-51.0149,-51.0149,-51.0149,-51.0149,-51.0149,-51.0149,-51.0149,-51.0149,-51.0149,-51.0149,-51.0149,-51.0149,-51.0149,-51.0149,-51.0149,-51.0149,-51.0149,-51.0149,-51.0149,-51.0149,-51.0149,-51.0149,-51.0149,-51.0149,-51.0149,-51.0149,-51.0149,-51.0149,-51.0149,-51.0149,-51.0149,-51.0149,-51.0149,-51.0149,-51.0149,-51.0149,-51.0149,-51.0149,-51.0149,-51.0149,-51.0149,-51.0149,-51.0149,-51.0149,-51.0149,-51.0149,-51.0149,-51.0149,-51.0149,-51.0149,-51.0149,-51.0149,-51.0149,-51.0149,-51.0149,-51.0149,-51.0149,-51.0149,-51.0149,-51.0149,-51.0149,-51.0149,-51.0149,-51.0149,-51.0149,-51.0149,-51.0149,-51.0149,-51.0149,-51.0149,-51.0149,-51.0149,-51.0149,-51.0149,-51.0149,-51.0149,-51.0149,-51.0149,-51.0149,-51.0149,-51.0149,-51.0149,-51.0149,-51.0149,-51.0149,-51.0149,-51.0149,-51.0149,-51.0149,-51.0149,-51.0149,-51.0149,-51.0149,-51.0149,-51.0149,-51.0149,-51.0149,-51.0149,-51.0149,-51.0149,-51.0149,-51.0149,-51.0149,-51.0149,-51.0149,-51.0149,-51.0149,-51.0149,-51.0149,-51.0149,-51.0149,-51.0149,-51.0149,-51.0149,-51.0149,-51.0149,-51.0149,-51.0149,-51.0149,-51.0149,-51.0149,-51.0149,-51.0149,-51.0149,-51.0149,-51.0149,-51.0149,-51.0149,-51.0149,-51.0149,-51.0149,-51.0149,-51.0149,-51.0149,-51.0149,-51.0149,-51.0149,-51.0149,-51.0149,-51.0149,-51.0149,-51.0149,-51.0149,-51.0149,-51.0149,-51.0149,-51.0149,-51.0149,-51.0149,-51.0149,-51.0149,-51.0149,-51.0149,-51.0149,-51.0149,-51.0149,-51.0149,-51.0149,-51.0149,-51.0149,-51.0149,-51.0149,-51.0149,-51.0149,-51.0149,-51.0149,-51.0149,-51.0149,-51.0149,-51.0149,-51.0149,-51.0149,-51.0149,-51.0149,-51.0149,-51.0149,-51.0149,-51.0149,-51.0149,-51.0149,-51.0149,-51.0149,-51.0149,-51.0149,-51.0149,-51.0149,-51.0149,-51.0149,-51.0149,-51.0149,-51.0149,-51.0149,-51.0149,-51.0149,-51.0149,-51.0149,-51.0149,-51.0149,-51.0149,-51.0149,-51.0149,-51.0149,-51.0149,-51.0149,-51.0149,-51.0149,-51.0149,-51.0149,-51.0149,-51.0149,-51.0149,-51.0149,-51.0149,-51.0149,-51.0149,-51.0149,-51.0149,-51.0149,-51.0149,-51.0149,-51.0149,-51.0149,-51.0149,-51.0149,-51.0149,-51.0149,-51.0149,-51.0149,-51.0149,-51.0149,-51.0149,-51.0149,-51.0149,-51.0149,-51.0149,-51.0149,-51.0149,-51.0149,-51.0149,-51.0149,-51.0149,-51.0149,-51.0149,-51.0149,-51.0149,-51.0149,-51.0149,-51.0149,-51.0149,-51.0149,-51.0149,-51.0149,-51.0149,-51.0149,-51.0149,-51.0149,-51.0149,-51.0149,-51.0149,-51.0149,-51.0149,-51.0149,-51.0149,-51.0149,-51.0149,-51.0149,-51.0149,-51.0149,-51.0149,-51.0149,-51.0149,-51.0149,-51.0149,-51.0149,-51.0149,-51.0149,-51.0149,-51.0149,-51.0149,-51.0149,-51.0149,-51.0149,-51.0149,-51.0149,-51.0149,-51.0149,-51.0149,-51.0149,-51.0149,-51.0149,-51.0149,-51.0149,-51.0149,-51.0149,-51.0149,-51.0149,-51.0149,-51.0149,-51.0149,-51.0149,-51.0149,-51.0149,-51.0149,-51.0149,-51.0149,-51.0149,-51.0149,-51.0149,-51.0149,-51.0149,-51.0149,-51.0149,-51.0149,-51.0149,-51.0149,-51.0149,-51.0149,-51.0149,-51.0149,-51.0149,-51.0149,-51.0149,-51.0149,-51.0149,-51.0149,-51.0149,-51.0149,-51.0149,-51.0149,-51.0149,-51.0149,-51.0149,-51.0149,-51.0149,-51.0149,-51.0149,-51.0149,-51.0149,-51.0149,-51.0149,-51.0149,-51.0149,-51.0149,-51.0149,-51.0149,-51.0149,-51.0149,-51.0149,-51.0149,-51.0149,-51.0149,-51.0149,-51.0149,-51.0149,-51.0149,-51.0149,-51.0149,-51.0149,-51.0149,-51.0149,-51.0149,-51.0149,-51.0149,-51.0149,-51.0149,-51.0149,-51.0149,-51.0149,-51.0149,-51.0149,-51.0149,-51.0149,-51.0149,-51.0149,-51.0149,-51.0149,-51.0149,-51.0149,-51.0149,-51.0149,-51.0149,-51.0149,-51.0149,-51.0149,-51.0149,-51.0149,-51.0149,-51.0149,-51.0149,-51.0149,-51.0149,-51.0149,-51.0149,-51.0149,-51.0149,-51.0149,-51.0149,-51.0149,-51.0149,-51.0149,-51.0149,-51.0149,-51.0149,-51.0149,-51.0149,-51.0149,-51.0149,-51.0149,-51.0149,-51.0149,-51.0149,-51.0149,-51.0149,-51.0149,-51.0149,-51.0149,-51.0149,-51.0149,-51.0149,-51.0149,-51.0149,-51.0149,-51.0149,-51.0149,-51.0149,-51.0149,-51.0149,-51.0149,-51.0149,-51.0149,-51.0149,-51.0149,-51.0149,-51.0149,-51.0149,-51.0149,-51.0149,-51.0149,-51.0149,-51.0149,-51.0149,-51.0149,-51.0149,-51.0149,-51.0149,-51.0149,-51.0149,-51.0149,-51.0149,-51.0149,-51.0149,-51.0149,-51.0149,-51.0149,-51.0149,-51.0149,-51.0149,-51.0149,-51.0149,-51.0149,-51.0149,-51.0149,-51.0149,-51.0149,-51.0149,-51.0149,-51.0149,-51.0149,-51.0149,-51.0149,-51.0149,-51.0149,-51.0149,-51.0149,-51.0149,-51.0149,-51.0149,-51.0149,-51.0149,-51.0149,-51.0149,-51.0149,-51.0149,-51.0149,-51.0149,-51.0149,-51.0149,-51.0149,-51.0149,-51.0149,-51.0149,-51.0149,-51.0149,-51.0149,-51.0149,-51.0149,-51.0149,-51.0149,-51.0149,-51.0149,-51.0149,-51.0149,-51.0149,-51.0149,-51.0149,-51.0149,-51.0149,-51.0149,-51.0149,-51.0149,-51.0149,-51.0149,-51.0149,-51.0149,-51.0149,-51.0149,-51.0149,-51.0149,-51.0149,-51.0149,-51.0149,-51.0149,-51.0149,-51.0149,-51.0149,-51.0149,-51.0149,-51.0149,-51.0149,-51.0149,-51.0149,-51.0149,-51.0149,-51.0149,-51.0149,-51.0149,-51.0149,-51.0149,-51.0149,-51.0149,-51.0149,-51.0149,-51.0149,-51.0149,-51.0149,-51.0149,-51.0149,-51.0149,-51.0149,-51.0149,-51.0149,-51.0149,-51.0149,-51.0149,-51.0149,-51.0149,-51.0149,-51.0149,-51.0149,-51.0149,-51.0149,-51.0149,-51.0149,-51.0149,-51.0149,-51.0149,-51.0149,-51.0149,-51.0149,-51.0149,-51.0149,-51.0149,-51.0149,-51.0149,-51.0149,-51.0149,-51.0149,-51.0149,-51.0149,-51.0149,-51.0149,-51.0149,-51.0149,-51.0149,-51.0149,-51.0149,-51.0149,-51.0149,-51.0149,-51.0149,-51.0149,-51.0149,-51.0149,-51.0149,-51.0149,-51.0149,-51.0149,-51.0149,-51.0149,-51.0149,-51.0149,-51.0149,-51.0149,-51.0149,-51.0149,-51.0149,-51.0149,-51.0149,-51.0149,-51.0149,-51.0149,-51.0149,-51.0149,-51.0149,-51.0149,-51.0149,-51.0149,-51.0149,-51.0149,-51.0149,-51.0149,-51.0149,-51.0149,-51.0149,-51.0149,-51.0149,-51.0149,-51.0149,-51.0149,-51.0149,-51.0149,-51.0149,-51.0149,-51.0149,-51.0149,-51.0149,-51.0149,-51.0149,-51.0149,-51.0149,-51.0149,-51.0149,-51.0149,-51.0149,-51.0149,-51.0149,-51.0149,-51.0149,-51.0149,-51.0149,-51.0149,-51.0149,-51.0149,-51.0149,-51.0149,-51.0149,-51.0149,-51.0149,-51.0149,-51.0149,-51.0149,-51.0149,-51.0149,-51.0149,-51.0149,-51.0149,-51.0149,-51.0149,-51.0149,-51.0149,-51.0149,-51.0149,-51.0149,-51.0149,-51.0149,-51.0149,-51.0149,-51.0149,-51.0149,-51.0149,-51.0149,-51.0149,-51.0149,-51.0149,-51.0149,-51.0149,-51.0149,-51.0149,-51.0149,-51.0149,-51.0149,-51.0149,-51.0149,-51.0149,-51.0149,-51.0149,-51.0149,-51.0149,-51.0149,-51.0149,-51.0149,-51.0149,-51.0149,-51.0149,-51.0149,-51.0149,-51.0149,-51.0149,-51.0149,-51.0149,-51.0149,-51.0149,-51.0149,-51.0149,-51.0149,-51.0149,-51.0149,-51.0149,-51.0149,-51.0149,-51.0149,-51.0149,-51.0149,-51.0149,-51.0149,-51.0149,-51.0149,-51.0149,-51.0149,-51.0149,-51.0149,-51.0149,-51.0149,-51.0149,-51.0149,-51.0149,-51.0149,-51.0149,-51.0149,-51.0149,-51.0149,-51.0149,-51.0149,-51.0149,-51.0149,-51.0149,-51.0149,-51.0149,-51.0149,-51.0149,-51.0149,-51.0149,-51.0149,-51.0149,-51.0149,-51.0149,-51.0149,-51.0149,-51.0149,-51.0149,-51.0149,-51.0149,-51.0149,-51.0149,-51.0149,-51.0149,-51.0149,-51.0149,-51.0149,-51.0149,-51.0149,-51.0149,-51.0149,-51.0149,-51.0149,-51.0149,-51.0149,-51.0149,-51.0149,-51.0149,-51.0149,-51.0149,-51.0149,-51.0149,-51.0149,-51.0149,-51.0149,-51.0149,-51.0149,-51.0149,-51.0149,-51.0149,-51.0149,-51.0149,-51.0149,-51.0149,-51.0149,-51.0149,-51.0149,-51.0149,-51.0149,-51.0149,-51.0149,-51.0149,-51.0149,-51.0149,-51.0149,-51.0149,-51.0149,-51.0149,-51.0149,-51.0149,-51.0149,-51.0149,-51.0149,-51.0149,-51.0149,-51.0149,-51.0149,-51.0149,-51.0149,-51.0149,-51.0149,-51.0149,-51.0149,-51.0149,-51.0149,-51.0149,-51.0149,-51.0149,-51.0149,-51.0149,-51.0149,-51.0149,-51.0149,-51.0149,-51.0149,-51.0149,-51.0149,-51.0149,-51.0149,-51.0149,-51.0149,-51.0149,-51.0149,-51.0149,-51.0149,-51.0149,-51.0149,-51.0149,-51.0149,-51.0149,-51.0149,-51.0149,-51.0149,-51.0149,-51.0149,-51.0149,-51.0149,-51.0149,-51.0149,-51.0149,-51.0149,-51.0149,-51.0149,-51.0149,-51.0149,-51.0149,-51.0149,-51.0149,-51.0149,-51.0149,-51.0149,-51.0149,-51.0149,-51.0149,-51.0149,-51.0149,-51.0149,-51.0149,-51.0149,-51.0149,-51.0149,-51.0149,-51.0149,-51.0149,-51.0149,-51.0149,-51.0149,-51.0149,-51.0149,-51.0149,-51.0149,-51.0149,-51.0149,-51.0149,-51.0149,-51.0149,-51.0149,-51.0149,-51.0149,-51.0149,-51.0149,-51.0149,-51.0149,-51.0149,-51.0149,-51.0149,-51.0149,-51.0149,-51.0149,-51.0149,-51.0149,-51.0149,-51.0149,-51.0149,-51.0149,-51.0149,-51.0149,-51.0149,-51.0149,-51.0149,-51.0149,-51.0149,-51.0149,-51.0149,-51.0149,-51.0149,-51.0149,-51.0149,-51.0149,-51.0149,-51.0149,-51.0149,-51.0149,-51.0149,-51.0149,-51.0149,-51.0149,-51.0149,-51.0149,-51.0149,-51.0149,-51.0149,-51.0149,-51.0149,-51.0149,-51.0149,-51.0149,-51.0149,-51.0149,-51.0149,-51.0149,-51.0149,-51.0149,-51.0149,-51.0149,-51.0149,-51.0149,-51.0149,-51.0149,-51.0149,-51.0149,-51.0149,-51.0149,-51.0149,-51.0149,-51.0149,-51.0149,-51.0149,-51.0149,-51.0149,-51.0149,-51.0149,-51.0149,-51.0149,-51.0149,-51.0149,-51.0149,-51.0149,-51.0149,-47.610077
